County,FIPS,Age,Total,Total_Male,Total_Female,NH_White_Total,NH_White_Male,NH_White_Female,NH_Black_Total,NH_Black_Male,NH_Black_Female,NH_Asian_Total,NH_Asian_Male,NH_Asian_Female,NH_Other_Total,NH_Other_Male,NH_Other_Female,Hispanic_Total,Hispanic_Male,Hispanic_Female
STATE OF TEXAS,000,All Ages,30516218,15143912,15372306,12437445,6164144,6273301,3620441,1753366,1867075,1612178,790687,821491,738692,367710,370982,12107462,6068005,6039457
STATE OF TEXAS,000,< 1 Year,399728,203921,195807,114613,58454,56159,47643,24270,23373,16871,8649,8222,25603,13132,12471,194998,99416,95582
STATE OF TEXAS,000,1 Years,387361,197506,189855,113210,57731,55479,47497,24214,23283,15733,8022,7711,16807,8571,8236,194114,98968,95146
STATE OF TEXAS,000,2 Years,383371,195415,187956,113130,57663,55467,46724,23804,22920,15127,7719,7408,16436,8382,8054,191954,97847,94107
STATE OF TEXAS,000,3 Years,389970,198966,191004,115996,59398,56598,46173,23444,22729,14236,7331,6905,17411,8954,8457,196154,99839,96315
STATE OF TEXAS,000,4 Years,395808,201962,193846,118196,60562,57634,46446,23571,22875,14675,7567,7108,17849,9206,8643,198642,101056,97586
STATE OF TEXAS,000,5 Years,405612,206933,198679,121890,62479,59411,47495,24070,23425,15619,8033,7586,18181,9323,8858,202427,103028,99399
STATE OF TEXAS,000,6 Years,420165,214310,205855,127582,65321,62261,48903,24784,24119,17483,8987,8496,18549,9507,9042,207648,105711,101937
STATE OF TEXAS,000,7 Years,433736,221290,212446,133132,68193,64939,50023,25277,24746,19411,9976,9435,18803,9598,9205,212367,108246,104121
STATE OF TEXAS,000,8 Years,439265,224207,215058,135930,69640,66290,50243,25420,24823,20732,10670,10062,18768,9609,9159,213592,108868,104724
STATE OF TEXAS,000,9 Years,436417,222736,213681,135812,69573,66239,49534,25121,24413,20787,10740,10047,18150,9311,8839,212134,107991,104143
STATE OF TEXAS,000,10 Years,431045,219802,211243,134601,68949,65652,48614,24675,23939,20175,10453,9722,17280,8872,8408,210375,106853,103522
STATE OF TEXAS,000,11 Years,431229,219626,211603,134759,68987,65772,48739,24705,24034,20050,10364,9686,16418,8441,7977,211263,107129,104134
STATE OF TEXAS,000,12 Years,418856,212676,206180,131116,67342,63774,47679,23943,23736,18804,9643,9161,15009,7635,7374,206248,104113,102135
STATE OF TEXAS,000,13 Years,421297,213884,207413,132591,67956,64635,49104,24669,24435,19068,9749,9319,14606,7417,7189,205928,104093,101835
STATE OF TEXAS,000,14 Years,428972,218219,210753,135138,69258,65880,50664,25579,25085,19933,10211,9722,14527,7417,7110,208710,105754,102956
STATE OF TEXAS,000,15 Years,431974,220287,211687,136603,70231,66372,51494,26224,25270,19909,10162,9747,14099,7262,6837,209869,106408,103461
STATE OF TEXAS,000,16 Years,427803,218171,209632,136094,70249,65845,51258,25898,25360,19688,10025,9663,13557,6999,6558,207206,105000,102206
STATE OF TEXAS,000,17 Years,424763,216832,207931,135982,70232,65750,50834,25602,25232,19660,10055,9605,13164,6747,6417,205123,104196,100927
STATE OF TEXAS,000,18 Years,424095,216885,207210,137396,71088,66308,51109,25849,25260,19844,10103,9741,12747,6593,6154,202999,103252,99747
STATE OF TEXAS,000,19 Years,423774,216528,207246,138865,71869,66996,51132,25921,25211,20314,10356,9958,12334,6327,6007,201129,102055,99074
STATE OF TEXAS,000,20 Years,424718,218133,206585,139957,72677,67280,51899,26559,25340,20669,10631,10038,12104,6213,5891,200089,102053,98036
STATE OF TEXAS,000,21 Years,435467,223677,211790,145411,75498,69913,53765,27575,26190,22266,11520,10746,12074,6187,5887,201951,102897,99054
STATE OF TEXAS,000,22 Years,442764,227848,214916,150092,78249,71843,55210,28239,26971,22880,11825,11055,12015,6138,5877,202567,103397,99170
STATE OF TEXAS,000,23 Years,431966,222865,209101,147792,77082,70710,54676,28108,26568,21946,11318,10628,11836,6058,5778,195716,100299,95417
STATE OF TEXAS,000,24 Years,427691,220666,207025,148163,77352,70811,54573,28089,26484,22532,11572,10960,11711,5919,5792,190712,97734,92978
STATE OF TEXAS,000,25 Years,429281,220880,208401,150609,78365,72244,55213,28313,26900,23795,12089,11706,11671,5858,5813,187993,96255,91738
STATE OF TEXAS,000,26 Years,434003,222798,211205,153630,79614,74016,56247,28861,27386,25149,12710,12439,11659,5800,5859,187318,95813,91505
STATE OF TEXAS,000,27 Years,442372,226627,215745,158369,81710,76659,58586,30018,28568,26484,13273,13211,11631,5816,5815,187302,95810,91492
STATE OF TEXAS,000,28 Years,451233,230767,220466,162421,83430,78991,61089,31288,29801,27999,13863,14136,11586,5793,5793,188138,96393,91745
STATE OF TEXAS,000,29 Years,457746,234168,223578,165889,85323,80566,63440,32469,30971,28165,13844,14321,11361,5691,5670,188891,96841,92050
STATE OF TEXAS,000,30 Years,459920,235231,224689,168169,86477,81692,63956,32625,31331,28077,13895,14182,10913,5373,5540,188805,96861,91944
STATE OF TEXAS,000,31 Years,456030,232302,223728,168581,86294,82287,63540,31940,31600,27593,13610,13983,10649,5224,5425,185667,95234,90433
STATE OF TEXAS,000,32 Years,449143,228040,221103,168148,85547,82601,62014,30817,31197,27945,13673,14272,10209,5030,5179,180827,92973,87854
STATE OF TEXAS,000,33 Years,437643,222061,215582,165648,83755,81893,59142,29293,29849,28957,14285,14672,9507,4684,4823,174389,90044,84345
STATE OF TEXAS,000,34 Years,428737,217721,211016,163784,82551,81233,56227,27679,28548,29007,14431,14576,8949,4299,4650,170770,88761,82009
STATE OF TEXAS,000,35 Years,425967,215997,209970,164520,82634,81886,54437,26684,27753,28774,14373,14401,8641,4005,4636,169595,88301,81294
STATE OF TEXAS,000,36 Years,426715,216083,210632,166337,83383,82954,53891,26432,27459,28907,14404,14503,8285,3948,4337,169295,87916,81379
STATE OF TEXAS,000,37 Years,426091,215754,210337,167249,84048,83201,53203,26174,27029,28895,14572,14323,8056,3901,4155,168688,87059,81629
STATE OF TEXAS,000,38 Years,419994,212077,207917,164447,82677,81770,51982,25436,26546,29197,14501,14696,7904,3906,3998,166464,85557,80907
STATE OF TEXAS,000,39 Years,421881,212660,209221,164710,82903,81807,52005,25340,26665,29554,14449,15105,7901,3924,3977,167711,86044,81667
STATE OF TEXAS,000,40 Years,420841,211377,209464,164415,82512,81903,51643,25096,26547,28998,13970,15028,7846,3821,4025,167939,85978,81961
STATE OF TEXAS,000,41 Years,417888,209205,208683,163685,82328,81357,51624,24960,26664,27748,13170,14578,7610,3714,3896,167221,85033,82188
STATE OF TEXAS,000,42 Years,415589,208357,207232,162442,81951,80491,52035,25079,26956,26962,12904,14058,7414,3618,3796,166736,84805,81931
STATE OF TEXAS,000,43 Years,397146,198914,198232,155384,78445,76939,49803,23955,25848,25999,12468,13531,7063,3428,3635,158897,80618,78279
STATE OF TEXAS,000,44 Years,385002,192139,192863,150813,75824,74989,47276,22669,24607,25142,12077,13065,6751,3254,3497,155020,78315,76705
STATE OF TEXAS,000,45 Years,378727,188620,190107,147557,74124,73433,45709,21885,23824,24769,11918,12851,6491,3171,3320,154201,77522,76679
STATE OF TEXAS,000,46 Years,375017,186499,188518,145311,73277,72034,44611,21144,23467,25126,12070,13056,6311,3110,3201,153658,76898,76760
STATE OF TEXAS,000,47 Years,375981,186790,189191,146825,73997,72828,44090,20925,23165,25234,12104,13130,6316,3074,3242,153516,76690,76826
STATE OF TEXAS,000,48 Years,369910,182809,187101,145690,73113,72577,43788,20754,23034,25030,11996,13034,6022,2847,3175,149380,74099,75281
STATE OF TEXAS,000,49 Years,369042,182082,186960,147139,74006,73133,44401,20922,23479,25067,12041,13026,5912,2783,3129,146523,72330,74193
STATE OF TEXAS,000,50 Years,375118,184691,190427,154893,77876,77017,45023,21200,23823,24715,11784,12931,5913,2792,3121,144574,71039,73535
STATE OF TEXAS,000,51 Years,383640,188835,194805,165906,83323,82583,46142,21731,24411,24075,11544,12531,6087,2884,3203,141430,69353,72077
STATE OF TEXAS,000,52 Years,382088,188264,193824,168988,84774,84214,45121,21208,23913,23250,11112,12138,6009,2861,3148,138720,68309,70411
STATE OF TEXAS,000,53 Years,362871,178997,183874,161967,81031,80936,42144,19912,22232,21976,10590,11386,5527,2652,2875,131257,64812,66445
STATE OF TEXAS,000,54 Years,346169,170787,175382,154525,77445,77080,40922,19391,21531,20329,9880,10449,5144,2402,2742,125249,61669,63580
STATE OF TEXAS,000,55 Years,336653,165976,170677,151805,76004,75801,40547,19155,21392,18766,9123,9643,4905,2299,2606,120630,59395,61235
STATE OF TEXAS,000,56 Years,335242,165177,170065,153033,76150,76883,41081,19300,21781,18200,8885,9315,4842,2316,2526,118086,58526,59560
STATE OF TEXAS,000,57 Years,345154,169346,175808,162271,80365,81906,42479,19773,22706,17952,8746,9206,5021,2402,2619,117431,58060,59371
STATE OF TEXAS,000,58 Years,349543,170851,178692,170949,84389,86560,42027,19415,22612,17835,8652,9183,5136,2469,2667,113596,55926,57670
STATE OF TEXAS,000,59 Years,350073,170577,179496,176251,86671,89580,41238,19011,22227,17584,8500,9084,5244,2546,2698,109756,53849,55907
STATE OF TEXAS,000,60 Years,345550,167870,177680,178436,87423,91013,40417,18588,21829,16214,7827,8387,5165,2443,2722,105318,51589,53729
STATE OF TEXAS,000,61 Years,342226,165581,176645,180026,88027,91999,39956,18304,21652,15528,7365,8163,5084,2393,2691,101632,49492,52140
STATE OF TEXAS,000,62 Years,340019,164563,175456,181388,88657,92731,39468,18153,21315,15307,7118,8189,4939,2405,2534,98917,48230,50687
STATE OF TEXAS,000,63 Years,327315,157666,169649,177450,86475,90975,37958,17294,20664,14690,6742,7948,4595,2218,2377,92622,44937,47685
STATE OF TEXAS,000,64 Years,318717,152621,166096,175812,85346,90466,36398,16383,20015,14210,6502,7708,4540,2202,2338,87757,42188,45569
STATE OF TEXAS,000,65 Years,309846,147279,162567,172834,83357,89477,34974,15621,19353,13947,6353,7594,4474,2114,2360,83617,39834,43783
STATE OF TEXAS,000,66 Years,298896,141452,157444,167778,80396,87382,33501,14982,18519,13667,6233,7434,4270,2057,2213,79680,37784,41896
STATE OF TEXAS,000,67 Years,289236,136270,152966,164557,78607,85950,31800,14122,17678,13241,6042,7199,4042,1912,2130,75596,35587,40009
STATE OF TEXAS,000,68 Years,273929,128034,145895,158751,75272,83479,29035,12695,16340,12428,5643,6785,3757,1795,1962,69958,32629,37329
STATE OF TEXAS,000,69 Years,260330,121155,139175,152885,72303,80582,26875,11648,15227,12013,5407,6606,3537,1656,1881,65020,30141,34879
STATE OF TEXAS,000,70 Years,245924,113934,131990,146467,69091,77376,25126,10723,14403,11090,4906,6184,3304,1560,1744,59937,27654,32283
STATE OF TEXAS,000,71 Years,232192,106940,125252,138216,64928,73288,23842,10059,13783,10397,4540,5857,3090,1452,1638,56647,25961,30686
STATE OF TEXAS,000,72 Years,223135,102388,120747,133971,62781,71190,22359,9387,12972,10038,4398,5640,2889,1340,1549,53878,24482,29396
STATE OF TEXAS,000,73 Years,213060,97479,115581,130438,60839,69599,20686,8697,11989,9116,4062,5054,2735,1272,1463,50085,22609,27476
STATE OF TEXAS,000,74 Years,206746,94469,112277,130176,60636,69540,18989,8003,10986,8189,3645,4544,2604,1216,1388,46788,20969,25819
STATE OF TEXAS,000,75 Years,199504,90880,108624,129180,60068,69112,16964,7087,9877,7290,3225,4065,2504,1152,1352,43566,19348,24218
STATE OF TEXAS,000,76 Years,169295,76629,92666,107835,49980,57855,14347,5859,8488,6313,2843,3470,2067,956,1111,38733,16991,21742
STATE OF TEXAS,000,77 Years,150907,67502,83405,95561,43779,51782,12898,5128,7770,5720,2599,3121,1777,802,975,34951,15194,19757
STATE OF TEXAS,000,78 Years,143053,63308,79745,92952,42183,50769,11808,4624,7184,5084,2285,2799,1654,739,915,31555,13477,18078
STATE OF TEXAS,000,79 Years,133931,58812,75119,88584,39869,48715,10826,4263,6563,4634,2114,2520,1535,702,833,28352,11864,16488
STATE OF TEXAS,000,80 Years,119528,52035,67493,79196,35366,43830,9616,3724,5892,4216,1926,2290,1348,601,747,25152,10418,14734
STATE OF TEXAS,000,81 Years,106359,45571,60788,70135,30823,39312,8579,3215,5364,3785,1722,2063,1178,507,671,22682,9304,13378
STATE OF TEXAS,000,82 Years,95263,40396,54867,62466,27099,35367,7658,2820,4838,3422,1568,1854,1048,445,603,20669,8464,12205
STATE OF TEXAS,000,83 Years,85538,35862,49676,56442,24264,32178,6668,2457,4211,3057,1380,1677,898,379,519,18473,7382,11091
STATE OF TEXAS,000,84 Years,77357,31869,45488,51177,21689,29488,5921,2107,3814,2699,1229,1470,806,332,474,16754,6512,10242
STATE OF TEXAS,000,85 Years,68857,27898,40959,45344,18966,26378,5340,1808,3532,2389,1071,1318,706,285,421,15078,5768,9310
STATE OF TEXAS,000,86 Years,61809,24469,37340,40729,16670,24059,4750,1562,3188,2104,904,1200,642,256,386,13584,5077,8507
STATE OF TEXAS,000,87 Years,55778,21672,34106,36904,14744,22160,4304,1403,2901,1789,787,1002,531,198,333,12250,4540,7710
STATE OF TEXAS,000,88 Years,48121,18338,29783,31937,12478,19459,3748,1200,2548,1504,650,854,439,163,276,10493,3847,6646
STATE OF TEXAS,000,89 Years,41548,15441,26107,27719,10581,17138,3268,1005,2263,1283,526,757,391,145,246,8887,3184,5703
STATE OF TEXAS,000,90 Years,36065,13177,22888,24124,9041,15083,2736,824,1912,1062,411,651,333,111,222,7810,2790,5020
STATE OF TEXAS,000,91 Years,31077,11122,19955,20770,7596,13174,2317,686,1631,910,339,571,284,95,189,6796,2406,4390
STATE OF TEXAS,000,92 Years,26306,9088,17218,17499,6184,11315,1983,568,1415,777,279,498,249,84,165,5798,1973,3825
STATE OF TEXAS,000,93 Years,21216,7052,14164,14149,4792,9357,1643,455,1188,585,209,376,202,75,127,4637,1521,3116
STATE OF TEXAS,000,94 Years,16635,5323,11312,11071,3589,7482,1302,346,956,456,168,288,145,43,102,3661,1177,2484
STATE OF TEXAS,000,95 Years +,44653,12963,31690,28075,7896,20179,4274,1102,3172,1357,482,875,406,92,314,10541,3391,7150
ANDERSON COUNTY,001,All Ages,57501,35363,22138,32651,18200,14451,12298,9112,3186,338,181,157,1443,776,667,10771,7094,3677
ANDERSON COUNTY,001,< 1 Year,551,276,275,282,139,143,80,42,38,5,2,3,32,17,15,152,76,76
ANDERSON COUNTY,001,1 Years,537,275,262,270,139,131,77,40,37,4,2,2,27,13,14,159,81,78
ANDERSON COUNTY,001,2 Years,546,278,268,277,141,136,78,40,38,4,2,2,28,14,14,159,81,78
ANDERSON COUNTY,001,3 Years,670,342,328,334,171,163,109,53,56,4,2,2,51,26,25,172,90,82
ANDERSON COUNTY,001,4 Years,686,346,340,338,172,166,117,58,59,4,3,1,52,25,27,175,88,87
ANDERSON COUNTY,001,5 Years,621,310,311,314,159,155,111,56,55,3,1,2,40,19,21,153,75,78
ANDERSON COUNTY,001,6 Years,593,306,287,305,161,144,109,58,51,1,0,1,31,15,16,147,72,75
ANDERSON COUNTY,001,7 Years,586,311,275,305,162,143,106,58,48,2,1,1,30,17,13,143,73,70
ANDERSON COUNTY,001,8 Years,614,332,282,311,165,146,97,52,45,6,3,3,52,36,16,148,76,72
ANDERSON COUNTY,001,9 Years,597,313,284,310,158,152,89,47,42,6,3,3,48,29,19,144,76,68
ANDERSON COUNTY,001,10 Years,595,310,285,317,162,155,87,49,38,4,2,2,39,20,19,148,77,71
ANDERSON COUNTY,001,11 Years,593,313,280,324,170,154,81,47,34,4,2,2,38,22,16,146,72,74
ANDERSON COUNTY,001,12 Years,582,320,262,316,168,148,86,49,37,4,4,0,34,19,15,142,80,62
ANDERSON COUNTY,001,13 Years,568,293,275,315,161,154,86,41,45,3,2,1,28,15,13,136,74,62
ANDERSON COUNTY,001,14 Years,578,288,290,316,160,156,79,34,45,5,3,2,31,15,16,147,76,71
ANDERSON COUNTY,001,15 Years,605,314,291,326,172,154,74,34,40,5,3,2,40,24,16,160,81,79
ANDERSON COUNTY,001,16 Years,608,318,290,338,179,159,80,34,46,4,3,1,35,21,14,151,81,70
ANDERSON COUNTY,001,17 Years,595,317,278,328,170,158,84,45,39,3,1,2,26,15,11,154,86,68
ANDERSON COUNTY,001,18 Years,613,347,266,336,178,158,96,61,35,2,1,1,26,17,9,153,90,63
ANDERSON COUNTY,001,19 Years,619,357,262,325,180,145,104,64,40,4,3,1,21,9,12,165,101,64
ANDERSON COUNTY,001,20 Years,739,477,262,377,237,140,144,90,54,5,4,1,23,13,10,190,133,57
ANDERSON COUNTY,001,21 Years,742,479,263,376,228,148,157,107,50,4,3,1,21,12,9,184,129,55
ANDERSON COUNTY,001,22 Years,733,477,256,371,226,145,155,115,40,4,2,2,23,14,9,180,120,60
ANDERSON COUNTY,001,23 Years,763,509,254,364,223,141,175,141,34,6,4,2,18,9,9,200,132,68
ANDERSON COUNTY,001,24 Years,696,459,237,331,200,131,145,113,32,4,2,2,16,7,9,200,137,63
ANDERSON COUNTY,001,25 Years,836,605,231,394,263,131,204,167,37,6,4,2,19,8,11,213,163,50
ANDERSON COUNTY,001,26 Years,843,598,245,408,268,140,211,170,41,9,7,2,16,6,10,199,147,52
ANDERSON COUNTY,001,27 Years,920,675,245,411,279,132,256,207,49,8,7,1,18,10,8,227,172,55
ANDERSON COUNTY,001,28 Years,923,669,254,386,236,150,258,217,41,3,3,0,17,11,6,259,202,57
ANDERSON COUNTY,001,29 Years,920,665,255,398,249,149,262,224,38,6,3,3,20,10,10,234,179,55
ANDERSON COUNTY,001,30 Years,952,696,256,447,295,152,257,218,39,6,2,4,18,5,13,224,176,48
ANDERSON COUNTY,001,31 Years,988,735,253,433,285,148,290,247,43,8,2,6,16,6,10,241,195,46
ANDERSON COUNTY,001,32 Years,983,733,250,442,290,152,286,241,45,7,5,2,9,4,5,239,193,46
ANDERSON COUNTY,001,33 Years,890,645,245,401,247,154,264,221,43,6,5,1,8,4,4,211,168,43
ANDERSON COUNTY,001,34 Years,881,638,243,386,238,148,278,237,41,5,3,2,10,7,3,202,153,49
ANDERSON COUNTY,001,35 Years,919,679,240,401,255,146,267,223,44,4,2,2,19,13,6,228,186,42
ANDERSON COUNTY,001,36 Years,878,639,239,398,249,149,255,212,43,7,4,3,7,3,4,211,171,40
ANDERSON COUNTY,001,37 Years,808,582,226,359,211,148,235,199,36,5,4,1,11,9,2,198,159,39
ANDERSON COUNTY,001,38 Years,859,640,219,397,254,143,270,228,42,4,4,0,14,11,3,174,143,31
ANDERSON COUNTY,001,39 Years,940,696,244,449,292,157,289,246,43,6,3,3,7,4,3,189,151,38
ANDERSON COUNTY,001,40 Years,943,705,238,427,269,158,270,236,34,6,2,4,10,7,3,230,191,39
ANDERSON COUNTY,001,41 Years,891,646,245,410,248,162,263,227,36,8,3,5,5,1,4,205,167,38
ANDERSON COUNTY,001,42 Years,894,648,246,426,269,157,269,234,35,8,4,4,8,4,4,183,137,46
ANDERSON COUNTY,001,43 Years,900,641,259,438,279,159,265,228,37,6,2,4,10,6,4,181,126,55
ANDERSON COUNTY,001,44 Years,875,623,252,456,294,162,252,220,32,5,3,2,9,5,4,153,101,52
ANDERSON COUNTY,001,45 Years,807,576,231,404,249,155,235,204,31,6,4,2,4,1,3,158,118,40
ANDERSON COUNTY,001,46 Years,838,604,234,420,264,156,237,207,30,7,4,3,9,6,3,165,123,42
ANDERSON COUNTY,001,47 Years,861,615,246,431,276,155,229,195,34,4,2,2,12,8,4,185,134,51
ANDERSON COUNTY,001,48 Years,850,590,260,460,291,169,230,198,32,4,3,1,11,5,6,145,93,52
ANDERSON COUNTY,001,49 Years,872,603,269,466,291,175,245,209,36,4,2,2,17,10,7,140,91,49
ANDERSON COUNTY,001,50 Years,798,518,280,421,243,178,219,180,39,7,3,4,17,9,8,134,83,51
ANDERSON COUNTY,001,51 Years,812,536,276,446,266,180,209,172,37,8,4,4,12,7,5,137,87,50
ANDERSON COUNTY,001,52 Years,820,553,267,457,289,168,201,158,43,5,2,3,15,11,4,142,93,49
ANDERSON COUNTY,001,53 Years,732,485,247,418,258,160,192,150,42,6,2,4,7,2,5,109,73,36
ANDERSON COUNTY,001,54 Years,693,448,245,417,248,169,172,135,37,4,1,3,14,6,8,86,58,28
ANDERSON COUNTY,001,55 Years,671,414,257,402,225,177,167,127,40,2,1,1,15,7,8,85,54,31
ANDERSON COUNTY,001,56 Years,648,390,258,399,225,174,162,116,46,2,2,0,14,8,6,71,39,32
ANDERSON COUNTY,001,57 Years,669,407,262,429,242,187,142,104,38,3,1,2,11,7,4,84,53,31
ANDERSON COUNTY,001,58 Years,671,398,273,461,261,200,126,94,32,5,1,4,5,2,3,74,40,34
ANDERSON COUNTY,001,59 Years,694,413,281,459,256,203,133,98,35,3,1,2,11,6,5,88,52,36
ANDERSON COUNTY,001,60 Years,648,356,292,443,226,217,118,81,37,3,1,2,17,10,7,67,38,29
ANDERSON COUNTY,001,61 Years,622,343,279,436,230,206,116,76,40,3,1,2,13,8,5,54,28,26
ANDERSON COUNTY,001,62 Years,609,333,276,443,238,205,109,68,41,3,1,2,9,4,5,45,22,23
ANDERSON COUNTY,001,63 Years,604,321,283,445,231,214,93,54,39,3,1,2,15,9,6,48,26,22
ANDERSON COUNTY,001,64 Years,612,317,295,459,237,222,83,45,38,3,2,1,16,8,8,51,25,26
ANDERSON COUNTY,001,65 Years,555,258,297,424,205,219,74,36,38,4,2,2,10,1,9,43,14,29
ANDERSON COUNTY,001,66 Years,534,240,294,412,187,225,76,38,38,5,2,3,10,2,8,31,11,20
ANDERSON COUNTY,001,67 Years,551,258,293,430,203,227,84,41,43,2,1,1,8,2,6,27,11,16
ANDERSON COUNTY,001,68 Years,589,292,297,468,231,237,83,42,41,2,1,1,10,5,5,26,13,13
ANDERSON COUNTY,001,69 Years,555,281,274,446,220,226,72,39,33,2,1,1,8,6,2,27,15,12
ANDERSON COUNTY,001,70 Years,550,275,275,448,225,223,64,30,34,1,0,1,7,6,1,30,14,16
ANDERSON COUNTY,001,71 Years,525,261,264,420,212,208,66,31,35,1,0,1,9,5,4,29,13,16
ANDERSON COUNTY,001,72 Years,511,268,243,400,203,197,58,30,28,3,2,1,9,5,4,41,28,13
ANDERSON COUNTY,001,73 Years,490,245,245,394,190,204,52,31,21,1,1,0,8,4,4,35,19,16
ANDERSON COUNTY,001,74 Years,462,230,232,387,192,195,42,24,18,0,0,0,8,3,5,25,11,14
ANDERSON COUNTY,001,75 Years,451,223,228,389,189,200,33,19,14,2,1,1,5,4,1,22,10,12
ANDERSON COUNTY,001,76 Years,380,186,194,324,158,166,31,17,14,2,1,1,6,3,3,17,7,10
ANDERSON COUNTY,001,77 Years,354,173,181,295,141,154,33,18,15,1,0,1,7,4,3,18,10,8
ANDERSON COUNTY,001,78 Years,327,153,174,276,129,147,33,14,19,1,0,1,3,2,1,14,8,6
ANDERSON COUNTY,001,79 Years,334,142,192,279,120,159,33,14,19,0,0,0,3,1,2,19,7,12
ANDERSON COUNTY,001,80 Years,306,131,175,252,106,146,32,14,18,1,0,1,3,2,1,18,9,9
ANDERSON COUNTY,001,81 Years,271,119,152,223,98,125,33,11,22,0,0,0,3,2,1,12,8,4
ANDERSON COUNTY,001,82 Years,247,105,142,206,90,116,27,8,19,0,0,0,5,2,3,9,5,4
ANDERSON COUNTY,001,83 Years,202,84,118,174,72,102,18,8,10,0,0,0,3,1,2,7,3,4
ANDERSON COUNTY,001,84 Years,175,63,112,156,56,100,13,5,8,0,0,0,1,0,1,5,2,3
ANDERSON COUNTY,001,85 Years,148,50,98,128,43,85,14,5,9,0,0,0,0,0,0,6,2,4
ANDERSON COUNTY,001,86 Years,127,47,80,107,40,67,16,5,11,0,0,0,1,1,0,3,1,2
ANDERSON COUNTY,001,87 Years,129,46,83,109,39,70,14,5,9,0,0,0,1,1,0,5,1,4
ANDERSON COUNTY,001,88 Years,105,41,64,88,34,54,12,5,7,0,0,0,2,1,1,3,1,2
ANDERSON COUNTY,001,89 Years,86,35,51,71,29,42,11,4,7,0,0,0,2,1,1,2,1,1
ANDERSON COUNTY,001,90 Years,72,29,43,58,24,34,8,3,5,0,0,0,2,1,1,4,1,3
ANDERSON COUNTY,001,91 Years,61,23,38,47,19,28,8,3,5,1,0,1,1,0,1,4,1,3
ANDERSON COUNTY,001,92 Years,51,17,34,41,15,26,5,2,3,0,0,0,1,0,1,4,0,4
ANDERSON COUNTY,001,93 Years,39,10,29,31,9,22,5,1,4,0,0,0,1,0,1,2,0,2
ANDERSON COUNTY,001,94 Years,31,8,23,24,7,17,5,1,4,0,0,0,0,0,0,2,0,2
ANDERSON COUNTY,001,95 Years +,79,25,54,55,17,38,18,7,11,1,0,1,1,0,1,4,1,3
ANDREWS COUNTY,003,All Ages,18662,9546,9116,6266,3175,3091,218,129,89,86,44,42,234,104,130,11858,6094,5764
ANDREWS COUNTY,003,< 1 Year,263,133,130,66,33,33,3,2,1,1,0,1,7,3,4,186,95,91
ANDREWS COUNTY,003,1 Years,266,137,129,67,35,32,4,2,2,1,1,0,6,3,3,188,96,92
ANDREWS COUNTY,003,2 Years,265,134,131,69,35,34,4,2,2,1,0,1,6,3,3,185,94,91
ANDREWS COUNTY,003,3 Years,326,159,167,83,44,39,6,4,2,0,0,0,6,3,3,231,108,123
ANDREWS COUNTY,003,4 Years,342,167,175,86,46,40,6,3,3,0,0,0,6,4,2,244,114,130
ANDREWS COUNTY,003,5 Years,313,153,160,73,38,35,3,1,2,1,1,0,3,2,1,233,111,122
ANDREWS COUNTY,003,6 Years,307,155,152,73,38,35,1,0,1,1,0,1,2,1,1,230,116,114
ANDREWS COUNTY,003,7 Years,340,171,169,83,44,39,2,1,1,0,0,0,2,1,1,253,125,128
ANDREWS COUNTY,003,8 Years,347,173,174,89,45,44,2,2,0,1,0,1,3,1,2,252,125,127
ANDREWS COUNTY,003,9 Years,357,175,182,91,46,45,5,1,4,1,1,0,2,1,1,258,126,132
ANDREWS COUNTY,003,10 Years,355,174,181,90,45,45,4,1,3,1,1,0,3,1,2,257,126,131
ANDREWS COUNTY,003,11 Years,346,167,179,89,45,44,5,1,4,2,1,1,5,1,4,245,119,126
ANDREWS COUNTY,003,12 Years,333,164,169,89,45,44,2,1,1,1,0,1,5,3,2,236,115,121
ANDREWS COUNTY,003,13 Years,312,162,150,104,52,52,4,4,0,1,1,0,4,3,1,199,102,97
ANDREWS COUNTY,003,14 Years,307,162,145,102,52,50,4,2,2,1,1,0,4,3,1,196,104,92
ANDREWS COUNTY,003,15 Years,322,173,149,98,59,39,3,1,2,1,1,0,3,2,1,217,110,107
ANDREWS COUNTY,003,16 Years,320,168,152,93,56,37,4,2,2,1,1,0,4,2,2,218,107,111
ANDREWS COUNTY,003,17 Years,318,166,152,90,52,38,4,4,0,1,1,0,3,0,3,220,109,111
ANDREWS COUNTY,003,18 Years,316,154,162,79,44,35,4,4,0,0,0,0,4,1,3,229,105,124
ANDREWS COUNTY,003,19 Years,298,150,148,78,43,35,2,2,0,2,2,0,4,1,3,212,102,110
ANDREWS COUNTY,003,20 Years,283,149,134,75,42,33,2,2,0,0,0,0,3,1,2,203,104,99
ANDREWS COUNTY,003,21 Years,283,146,137,77,44,33,5,3,2,0,0,0,5,1,4,196,98,98
ANDREWS COUNTY,003,22 Years,260,130,130,70,40,30,6,3,3,1,1,0,5,1,4,178,85,93
ANDREWS COUNTY,003,23 Years,231,118,113,54,29,25,5,2,3,2,1,1,5,1,4,165,85,80
ANDREWS COUNTY,003,24 Years,230,115,115,56,27,29,5,1,4,1,1,0,4,2,2,164,84,80
ANDREWS COUNTY,003,25 Years,241,134,107,62,32,30,3,2,1,2,2,0,1,1,0,173,97,76
ANDREWS COUNTY,003,26 Years,257,135,122,68,37,31,5,2,3,0,0,0,2,0,2,182,96,86
ANDREWS COUNTY,003,27 Years,254,128,126,75,39,36,4,3,1,1,1,0,4,2,2,170,83,87
ANDREWS COUNTY,003,28 Years,269,137,132,85,40,45,3,2,1,3,2,1,3,1,2,175,92,83
ANDREWS COUNTY,003,29 Years,265,152,113,85,46,39,2,1,1,3,1,2,3,2,1,172,102,70
ANDREWS COUNTY,003,30 Years,279,151,128,88,46,42,4,3,1,2,0,2,3,2,1,182,100,82
ANDREWS COUNTY,003,31 Years,266,131,135,79,38,41,4,3,1,1,0,1,3,2,1,179,88,91
ANDREWS COUNTY,003,32 Years,263,142,121,83,43,40,2,1,1,2,1,1,2,1,1,174,96,78
ANDREWS COUNTY,003,33 Years,301,164,137,99,51,48,6,4,2,1,1,0,2,1,1,193,107,86
ANDREWS COUNTY,003,34 Years,299,165,134,106,58,48,6,6,0,3,1,2,2,1,1,182,99,83
ANDREWS COUNTY,003,35 Years,288,158,130,95,50,45,4,3,1,1,0,1,2,1,1,186,104,82
ANDREWS COUNTY,003,36 Years,271,141,130,83,35,48,2,1,1,0,0,0,2,1,1,184,104,80
ANDREWS COUNTY,003,37 Years,276,139,137,86,35,51,1,0,1,0,0,0,2,1,1,187,103,84
ANDREWS COUNTY,003,38 Years,286,149,137,96,48,48,3,2,1,2,2,0,2,0,2,183,97,86
ANDREWS COUNTY,003,39 Years,311,163,148,111,59,52,3,3,0,2,1,1,2,1,1,193,99,94
ANDREWS COUNTY,003,40 Years,300,164,136,100,51,49,3,3,0,2,1,1,2,0,2,193,109,84
ANDREWS COUNTY,003,41 Years,264,137,127,91,42,49,3,2,1,2,1,1,4,3,1,164,89,75
ANDREWS COUNTY,003,42 Years,246,132,114,85,43,42,4,3,1,1,0,1,4,3,1,152,83,69
ANDREWS COUNTY,003,43 Years,235,139,96,83,48,35,2,1,1,1,0,1,3,2,1,146,88,58
ANDREWS COUNTY,003,44 Years,218,121,97,74,41,33,1,0,1,0,0,0,2,2,0,141,78,63
ANDREWS COUNTY,003,45 Years,220,109,111,76,41,35,2,0,2,0,0,0,3,2,1,139,66,73
ANDREWS COUNTY,003,46 Years,216,104,112,76,38,38,2,1,1,0,0,0,2,1,1,136,64,72
ANDREWS COUNTY,003,47 Years,209,112,97,73,35,38,3,2,1,0,0,0,1,1,0,132,74,58
ANDREWS COUNTY,003,48 Years,237,125,112,75,37,38,3,2,1,1,0,1,1,1,0,157,85,72
ANDREWS COUNTY,003,49 Years,226,116,110,75,37,38,2,1,1,1,0,1,1,1,0,147,77,70
ANDREWS COUNTY,003,50 Years,193,101,92,76,38,38,2,1,1,1,0,1,2,1,1,112,61,51
ANDREWS COUNTY,003,51 Years,189,98,91,74,37,37,2,1,1,1,1,0,1,1,0,111,58,53
ANDREWS COUNTY,003,52 Years,192,96,96,71,36,35,2,1,1,2,2,0,2,1,1,115,56,59
ANDREWS COUNTY,003,53 Years,191,87,104,71,36,35,4,2,2,1,1,0,1,1,0,114,47,67
ANDREWS COUNTY,003,54 Years,206,90,116,80,37,43,2,1,1,2,1,1,1,0,1,121,51,70
ANDREWS COUNTY,003,55 Years,195,95,100,70,35,35,3,2,1,3,1,2,1,0,1,118,57,61
ANDREWS COUNTY,003,56 Years,175,101,74,58,33,25,4,2,2,1,0,1,3,2,1,109,64,45
ANDREWS COUNTY,003,57 Years,174,92,82,70,36,34,1,0,1,1,0,1,2,1,1,100,55,45
ANDREWS COUNTY,003,58 Years,185,88,97,77,31,46,0,0,0,2,1,1,2,0,2,104,56,48
ANDREWS COUNTY,003,59 Years,184,91,93,83,37,46,1,1,0,1,1,0,2,0,2,97,52,45
ANDREWS COUNTY,003,60 Years,172,92,80,79,41,38,1,1,0,1,1,0,3,2,1,88,47,41
ANDREWS COUNTY,003,61 Years,180,100,80,93,51,42,2,2,0,1,1,0,3,1,2,81,45,36
ANDREWS COUNTY,003,62 Years,176,101,75,90,51,39,2,2,0,1,0,1,3,1,2,80,47,33
ANDREWS COUNTY,003,63 Years,169,91,78,78,40,38,0,0,0,2,1,1,3,1,2,86,49,37
ANDREWS COUNTY,003,64 Years,160,81,79,71,35,36,0,0,0,2,1,1,2,1,1,85,44,41
ANDREWS COUNTY,003,65 Years,162,84,78,80,42,38,1,0,1,2,1,1,3,1,2,76,40,36
ANDREWS COUNTY,003,66 Years,150,81,69,78,43,35,0,0,0,1,1,0,3,1,2,68,36,32
ANDREWS COUNTY,003,67 Years,135,70,65,70,35,35,1,1,0,1,0,1,2,1,1,61,33,28
ANDREWS COUNTY,003,68 Years,111,53,58,62,29,33,2,1,1,1,0,1,2,0,2,44,23,21
ANDREWS COUNTY,003,69 Years,96,43,53,55,26,29,2,1,1,1,0,1,2,0,2,36,16,20
ANDREWS COUNTY,003,70 Years,89,42,47,47,24,23,2,1,1,1,0,1,2,0,2,37,17,20
ANDREWS COUNTY,003,71 Years,95,52,43,45,24,21,2,1,1,1,1,0,3,1,2,44,25,19
ANDREWS COUNTY,003,72 Years,91,46,45,46,23,23,2,1,1,0,0,0,2,0,2,41,22,19
ANDREWS COUNTY,003,73 Years,90,44,46,51,20,31,1,1,0,0,0,0,3,2,1,35,21,14
ANDREWS COUNTY,003,74 Years,81,36,45,48,17,31,0,0,0,1,0,1,3,2,1,29,17,12
ANDREWS COUNTY,003,75 Years,74,31,43,42,14,28,0,0,0,0,0,0,3,2,1,29,15,14
ANDREWS COUNTY,003,76 Years,60,25,35,32,14,18,1,0,1,1,0,1,1,0,1,25,11,14
ANDREWS COUNTY,003,77 Years,52,24,28,27,14,13,1,0,1,0,0,0,1,0,1,23,10,13
ANDREWS COUNTY,003,78 Years,56,28,28,33,16,17,1,1,0,0,0,0,1,1,0,21,10,11
ANDREWS COUNTY,003,79 Years,55,25,30,32,15,17,1,1,0,0,0,0,1,0,1,21,9,12
ANDREWS COUNTY,003,80 Years,47,23,24,28,13,15,1,1,0,0,0,0,2,1,1,16,8,8
ANDREWS COUNTY,003,81 Years,44,21,23,25,11,14,1,1,0,0,0,0,1,1,0,17,8,9
ANDREWS COUNTY,003,82 Years,39,16,23,26,11,15,0,0,0,1,0,1,1,0,1,11,5,6
ANDREWS COUNTY,003,83 Years,33,9,24,18,5,13,0,0,0,0,0,0,1,0,1,14,4,10
ANDREWS COUNTY,003,84 Years,32,12,20,18,7,11,0,0,0,0,0,0,0,0,0,14,5,9
ANDREWS COUNTY,003,85 Years,29,10,19,15,5,10,0,0,0,0,0,0,1,0,1,13,5,8
ANDREWS COUNTY,003,86 Years,29,10,19,19,7,12,0,0,0,0,0,0,0,0,0,10,3,7
ANDREWS COUNTY,003,87 Years,25,9,16,19,8,11,1,0,1,0,0,0,0,0,0,5,1,4
ANDREWS COUNTY,003,88 Years,21,8,13,16,6,10,0,0,0,0,0,0,1,0,1,4,2,2
ANDREWS COUNTY,003,89 Years,18,8,10,13,5,8,0,0,0,0,0,0,1,0,1,4,3,1
ANDREWS COUNTY,003,90 Years,15,6,9,10,4,6,0,0,0,0,0,0,1,0,1,4,2,2
ANDREWS COUNTY,003,91 Years,13,4,9,8,2,6,0,0,0,0,0,0,0,0,0,5,2,3
ANDREWS COUNTY,003,92 Years,12,6,6,8,3,5,0,0,0,0,0,0,0,0,0,4,3,1
ANDREWS COUNTY,003,93 Years,7,3,4,6,3,3,0,0,0,0,0,0,0,0,0,1,0,1
ANDREWS COUNTY,003,94 Years,5,3,2,3,2,1,0,0,0,0,0,0,0,0,0,2,1,1
ANDREWS COUNTY,003,95 Years +,18,7,11,12,4,8,0,0,0,0,0,0,0,0,0,6,3,3
ANGELINA COUNTY,005,All Ages,87030,42381,44649,50739,24621,26118,13256,6263,6993,911,424,487,1565,730,835,20559,10343,10216
ANGELINA COUNTY,005,< 1 Year,1174,595,579,544,278,266,182,90,92,10,6,4,55,28,27,383,193,190
ANGELINA COUNTY,005,1 Years,1193,608,585,532,271,261,180,92,88,10,5,5,49,25,24,422,215,207
ANGELINA COUNTY,005,2 Years,1204,613,591,543,276,267,182,93,89,9,5,4,49,25,24,421,214,207
ANGELINA COUNTY,005,3 Years,1199,615,584,562,293,269,191,104,87,7,4,3,48,26,22,391,188,203
ANGELINA COUNTY,005,4 Years,1180,605,575,558,294,264,189,100,89,8,4,4,46,26,20,379,181,198
ANGELINA COUNTY,005,5 Years,1177,608,569,557,291,266,188,99,89,9,5,4,48,28,20,375,185,190
ANGELINA COUNTY,005,6 Years,1191,616,575,562,293,269,193,97,96,10,6,4,48,27,21,378,193,185
ANGELINA COUNTY,005,7 Years,1211,615,596,567,291,276,202,98,104,11,6,5,45,24,21,386,196,190
ANGELINA COUNTY,005,8 Years,1233,619,614,594,305,289,193,95,98,9,5,4,39,17,22,398,197,201
ANGELINA COUNTY,005,9 Years,1237,618,619,593,302,291,188,95,93,9,5,4,38,15,23,409,201,208
ANGELINA COUNTY,005,10 Years,1250,632,618,595,307,288,192,98,94,8,5,3,36,16,20,419,206,213
ANGELINA COUNTY,005,11 Years,1235,627,608,580,299,281,190,99,91,8,3,5,36,14,22,421,212,209
ANGELINA COUNTY,005,12 Years,1233,619,614,576,293,283,191,91,100,7,2,5,35,13,22,424,220,204
ANGELINA COUNTY,005,13 Years,1182,596,586,554,292,262,193,87,106,8,5,3,32,16,16,395,196,199
ANGELINA COUNTY,005,14 Years,1205,612,593,557,280,277,207,106,101,8,5,3,35,18,17,398,203,195
ANGELINA COUNTY,005,15 Years,1234,612,622,560,273,287,216,112,104,8,4,4,30,12,18,420,211,209
ANGELINA COUNTY,005,16 Years,1287,631,656,616,310,306,207,99,108,9,4,5,23,10,13,432,208,224
ANGELINA COUNTY,005,17 Years,1254,628,626,636,326,310,189,96,93,8,4,4,23,11,12,398,191,207
ANGELINA COUNTY,005,18 Years,1180,590,590,566,292,274,201,100,101,9,4,5,25,10,15,379,184,195
ANGELINA COUNTY,005,19 Years,1140,569,571,537,275,262,197,99,98,7,3,4,33,17,16,366,175,191
ANGELINA COUNTY,005,20 Years,1140,571,569,553,280,273,188,99,89,9,4,5,28,14,14,362,174,188
ANGELINA COUNTY,005,21 Years,1151,597,554,568,300,268,192,96,96,8,4,4,25,12,13,358,185,173
ANGELINA COUNTY,005,22 Years,1117,577,540,549,297,252,186,89,97,8,4,4,24,10,14,350,177,173
ANGELINA COUNTY,005,23 Years,1120,556,564,534,274,260,183,88,95,15,5,10,22,9,13,366,180,186
ANGELINA COUNTY,005,24 Years,1110,553,557,534,271,263,189,94,95,13,5,8,25,8,17,349,175,174
ANGELINA COUNTY,005,25 Years,1125,566,559,558,282,276,199,97,102,13,5,8,25,9,16,330,173,157
ANGELINA COUNTY,005,26 Years,1134,568,566,564,283,281,200,90,110,18,13,5,23,11,12,329,171,158
ANGELINA COUNTY,005,27 Years,1095,553,542,570,291,279,187,82,105,16,8,8,24,11,13,298,161,137
ANGELINA COUNTY,005,28 Years,1038,515,523,550,278,272,176,82,94,14,8,6,17,7,10,281,140,141
ANGELINA COUNTY,005,29 Years,1062,522,540,564,282,282,185,91,94,18,12,6,20,7,13,275,130,145
ANGELINA COUNTY,005,30 Years,1114,530,584,605,286,319,199,92,107,15,9,6,16,8,8,279,135,144
ANGELINA COUNTY,005,31 Years,1166,560,606,632,302,330,215,98,117,10,5,5,19,10,9,290,145,145
ANGELINA COUNTY,005,32 Years,1147,557,590,628,304,324,214,98,116,10,3,7,18,7,11,277,145,132
ANGELINA COUNTY,005,33 Years,1112,544,568,611,301,310,213,97,116,9,3,6,17,7,10,262,136,126
ANGELINA COUNTY,005,34 Years,1074,514,560,600,281,319,194,92,102,9,1,8,17,7,10,254,133,121
ANGELINA COUNTY,005,35 Years,1033,498,535,582,275,307,171,79,92,11,5,6,15,9,6,254,130,124
ANGELINA COUNTY,005,36 Years,996,488,508,570,280,290,148,68,80,6,2,4,10,4,6,262,134,128
ANGELINA COUNTY,005,37 Years,971,483,488,537,267,270,148,71,77,18,9,9,12,4,8,256,132,124
ANGELINA COUNTY,005,38 Years,951,456,495,532,260,272,153,66,87,19,9,10,9,3,6,238,118,120
ANGELINA COUNTY,005,39 Years,960,461,499,555,272,283,143,62,81,14,6,8,10,3,7,238,118,120
ANGELINA COUNTY,005,40 Years,970,470,500,554,270,284,143,67,76,12,5,7,11,3,8,250,125,125
ANGELINA COUNTY,005,41 Years,984,474,510,568,275,293,152,70,82,9,4,5,11,4,7,244,121,123
ANGELINA COUNTY,005,42 Years,1008,476,532,579,273,306,162,71,91,10,4,6,7,2,5,250,126,124
ANGELINA COUNTY,005,43 Years,1007,487,520,578,281,297,168,77,91,10,3,7,7,4,3,244,122,122
ANGELINA COUNTY,005,44 Years,961,462,499,559,275,284,143,65,78,13,5,8,12,6,6,234,111,123
ANGELINA COUNTY,005,45 Years,934,459,475,534,266,268,150,75,75,15,7,8,8,4,4,227,107,120
ANGELINA COUNTY,005,46 Years,919,438,481,528,248,280,149,69,80,9,5,4,9,4,5,224,112,112
ANGELINA COUNTY,005,47 Years,923,433,490,535,251,284,140,65,75,12,4,8,8,3,5,228,110,118
ANGELINA COUNTY,005,48 Years,956,462,494,551,268,283,138,64,74,11,4,7,10,6,4,246,120,126
ANGELINA COUNTY,005,49 Years,985,495,490,574,285,289,139,66,73,13,7,6,9,6,3,250,131,119
ANGELINA COUNTY,005,50 Years,1021,520,501,625,315,310,152,70,82,11,5,6,8,4,4,225,126,99
ANGELINA COUNTY,005,51 Years,1054,533,521,663,332,331,168,79,89,12,5,7,9,6,3,202,111,91
ANGELINA COUNTY,005,52 Years,1066,517,549,661,313,348,173,83,90,11,6,5,12,8,4,209,107,102
ANGELINA COUNTY,005,53 Years,1068,518,550,669,330,339,167,81,86,8,3,5,11,2,9,213,102,111
ANGELINA COUNTY,005,54 Years,1028,502,526,639,319,320,163,76,87,9,3,6,11,3,8,206,101,105
ANGELINA COUNTY,005,55 Years,1055,527,528,657,327,330,174,89,85,12,4,8,9,3,6,203,104,99
ANGELINA COUNTY,005,56 Years,1060,537,523,677,341,336,164,82,82,12,5,7,8,3,5,199,106,93
ANGELINA COUNTY,005,57 Years,1073,548,525,678,345,333,177,90,87,14,9,5,11,4,7,193,100,93
ANGELINA COUNTY,005,58 Years,1096,587,509,710,380,330,174,94,80,14,8,6,13,7,6,185,98,87
ANGELINA COUNTY,005,59 Years,1110,567,543,737,366,371,180,96,84,10,5,5,8,5,3,175,95,80
ANGELINA COUNTY,005,60 Years,1062,522,540,695,324,371,172,91,81,13,8,5,10,6,4,172,93,79
ANGELINA COUNTY,005,61 Years,1038,524,514,689,331,358,157,84,73,10,7,3,13,6,7,169,96,73
ANGELINA COUNTY,005,62 Years,1049,509,540,707,337,370,151,72,79,13,6,7,11,4,7,167,90,77
ANGELINA COUNTY,005,63 Years,1046,499,547,726,348,378,152,62,90,11,6,5,11,4,7,146,79,67
ANGELINA COUNTY,005,64 Years,1016,488,528,717,348,369,144,62,82,9,6,3,15,7,8,131,65,66
ANGELINA COUNTY,005,65 Years,979,473,506,707,349,358,129,56,73,8,4,4,13,5,8,122,59,63
ANGELINA COUNTY,005,66 Years,973,464,509,695,335,360,138,57,81,7,2,5,11,5,6,122,65,57
ANGELINA COUNTY,005,67 Years,948,423,525,673,301,372,144,59,85,9,2,7,6,1,5,116,60,56
ANGELINA COUNTY,005,68 Years,921,416,505,674,308,366,122,47,75,11,6,5,6,2,4,108,53,55
ANGELINA COUNTY,005,69 Years,911,431,480,666,318,348,112,42,70,10,8,2,8,3,5,115,60,55
ANGELINA COUNTY,005,70 Years,860,418,442,648,317,331,101,40,61,6,4,2,9,3,6,96,54,42
ANGELINA COUNTY,005,71 Years,814,374,440,622,293,329,97,38,59,6,1,5,8,3,5,81,39,42
ANGELINA COUNTY,005,72 Years,798,350,448,605,265,340,96,39,57,8,4,4,9,2,7,80,40,40
ANGELINA COUNTY,005,73 Years,811,344,467,620,263,357,91,34,57,15,5,10,12,4,8,73,38,35
ANGELINA COUNTY,005,74 Years,765,322,443,594,257,337,80,28,52,18,3,15,10,4,6,63,30,33
ANGELINA COUNTY,005,75 Years,774,335,439,620,273,347,75,29,46,13,2,11,10,6,4,56,25,31
ANGELINA COUNTY,005,76 Years,653,282,371,519,226,293,62,26,36,10,3,7,7,5,2,55,22,33
ANGELINA COUNTY,005,77 Years,589,257,332,474,210,264,58,23,35,8,2,6,6,3,3,43,19,24
ANGELINA COUNTY,005,78 Years,536,244,292,432,192,240,55,28,27,5,2,3,4,2,2,40,20,20
ANGELINA COUNTY,005,79 Years,512,227,285,413,185,228,47,20,27,6,1,5,5,3,2,41,18,23
ANGELINA COUNTY,005,80 Years,470,210,260,381,168,213,44,20,24,4,1,3,6,4,2,35,17,18
ANGELINA COUNTY,005,81 Years,444,191,253,364,155,209,40,17,23,5,1,4,5,3,2,30,15,15
ANGELINA COUNTY,005,82 Years,398,166,232,329,136,193,33,12,21,6,2,4,4,3,1,26,13,13
ANGELINA COUNTY,005,83 Years,358,151,207,295,123,172,29,10,19,6,3,3,5,4,1,23,11,12
ANGELINA COUNTY,005,84 Years,313,133,180,261,110,151,25,11,14,5,4,1,4,2,2,18,6,12
ANGELINA COUNTY,005,85 Years,279,110,169,231,92,139,24,7,17,5,4,1,2,1,1,17,6,11
ANGELINA COUNTY,005,86 Years,255,103,152,214,87,127,25,8,17,3,1,2,2,1,1,11,6,5
ANGELINA COUNTY,005,87 Years,236,96,140,200,82,118,21,6,15,2,1,1,2,1,1,11,6,5
ANGELINA COUNTY,005,88 Years,217,90,127,175,71,104,17,4,13,7,6,1,2,1,1,16,8,8
ANGELINA COUNTY,005,89 Years,191,80,111,154,61,93,14,4,10,8,7,1,1,1,0,14,7,7
ANGELINA COUNTY,005,90 Years,151,57,94,127,45,82,8,3,5,3,1,2,2,2,0,11,6,5
ANGELINA COUNTY,005,91 Years,124,46,78,103,36,67,9,4,5,2,0,2,1,1,0,9,5,4
ANGELINA COUNTY,005,92 Years,107,40,67,85,31,54,11,3,8,2,0,2,2,2,0,7,4,3
ANGELINA COUNTY,005,93 Years,84,25,59,68,22,46,10,1,9,1,0,1,0,0,0,5,2,3
ANGELINA COUNTY,005,94 Years,69,18,51,55,16,39,8,1,7,2,0,2,0,0,0,4,1,3
ANGELINA COUNTY,005,95 Years +,186,54,132,140,39,101,25,5,20,2,0,2,2,1,1,17,9,8
ARANSAS COUNTY,007,All Ages,25008,12363,12645,16027,7750,8277,247,160,87,468,217,251,512,242,270,7754,3994,3760
ARANSAS COUNTY,007,< 1 Year,224,116,108,102,52,50,3,1,2,4,2,2,12,7,5,103,54,49
ARANSAS COUNTY,007,1 Years,218,111,107,95,48,47,3,2,1,3,2,1,9,4,5,108,55,53
ARANSAS COUNTY,007,2 Years,222,112,110,98,49,49,3,1,2,3,1,2,9,5,4,109,56,53
ARANSAS COUNTY,007,3 Years,247,131,116,109,59,50,2,1,1,4,2,2,12,6,6,120,63,57
ARANSAS COUNTY,007,4 Years,253,139,114,112,62,50,2,1,1,4,3,1,13,7,6,122,66,56
ARANSAS COUNTY,007,5 Years,251,136,115,112,60,52,2,1,1,5,3,2,8,5,3,124,67,57
ARANSAS COUNTY,007,6 Years,258,136,122,113,59,54,2,1,1,5,3,2,7,3,4,131,70,61
ARANSAS COUNTY,007,7 Years,271,140,131,115,61,54,2,1,1,5,3,2,7,2,5,142,73,69
ARANSAS COUNTY,007,8 Years,252,136,116,109,58,51,4,2,2,4,3,1,8,3,5,127,70,57
ARANSAS COUNTY,007,9 Years,240,127,113,106,56,50,3,2,1,3,1,2,7,3,4,121,65,56
ARANSAS COUNTY,007,10 Years,236,126,110,104,53,51,2,2,0,3,1,2,7,2,5,120,68,52
ARANSAS COUNTY,007,11 Years,244,125,119,105,50,55,4,2,2,5,3,2,10,5,5,120,65,55
ARANSAS COUNTY,007,12 Years,235,124,111,106,53,53,2,0,2,4,2,2,9,6,3,114,63,51
ARANSAS COUNTY,007,13 Years,242,124,118,116,55,61,1,0,1,4,1,3,7,4,3,114,64,50
ARANSAS COUNTY,007,14 Years,257,134,123,125,59,66,4,3,1,4,1,3,4,1,3,120,70,50
ARANSAS COUNTY,007,15 Years,248,123,125,114,56,58,3,2,1,6,2,4,6,3,3,119,60,59
ARANSAS COUNTY,007,16 Years,246,120,126,121,59,62,5,4,1,4,2,2,6,3,3,110,52,58
ARANSAS COUNTY,007,17 Years,249,127,122,128,62,66,3,2,1,5,3,2,6,2,4,107,58,49
ARANSAS COUNTY,007,18 Years,281,151,130,147,78,69,2,2,0,5,3,2,5,2,3,122,66,56
ARANSAS COUNTY,007,19 Years,251,133,118,120,64,56,2,2,0,6,1,5,3,2,1,120,64,56
ARANSAS COUNTY,007,20 Years,239,119,120,114,57,57,1,1,0,4,0,4,3,2,1,117,59,58
ARANSAS COUNTY,007,21 Years,249,129,120,128,67,61,2,2,0,9,5,4,4,2,2,106,53,53
ARANSAS COUNTY,007,22 Years,228,117,111,119,62,57,2,1,1,8,6,2,4,1,3,95,47,48
ARANSAS COUNTY,007,23 Years,219,120,99,105,56,49,2,2,0,4,3,1,7,4,3,101,55,46
ARANSAS COUNTY,007,24 Years,237,125,112,111,58,53,3,2,1,5,2,3,7,2,5,111,61,50
ARANSAS COUNTY,007,25 Years,244,132,112,113,60,53,2,1,1,6,3,3,7,4,3,116,64,52
ARANSAS COUNTY,007,26 Years,255,139,116,125,64,61,1,1,0,6,4,2,7,3,4,116,67,49
ARANSAS COUNTY,007,27 Years,272,147,125,139,69,70,3,2,1,7,4,3,5,3,2,118,69,49
ARANSAS COUNTY,007,28 Years,227,123,104,122,61,61,3,2,1,5,2,3,5,1,4,92,57,35
ARANSAS COUNTY,007,29 Years,256,125,131,140,65,75,2,1,1,7,3,4,6,3,3,101,53,48
ARANSAS COUNTY,007,30 Years,264,131,133,140,67,73,1,0,1,9,5,4,4,1,3,110,58,52
ARANSAS COUNTY,007,31 Years,247,129,118,128,64,64,2,1,1,8,5,3,4,1,3,105,58,47
ARANSAS COUNTY,007,32 Years,225,109,116,130,62,68,2,1,1,5,3,2,2,1,1,86,42,44
ARANSAS COUNTY,007,33 Years,227,104,123,132,62,70,2,1,1,3,1,2,3,2,1,87,38,49
ARANSAS COUNTY,007,34 Years,248,123,125,143,70,73,2,1,1,6,4,2,3,2,1,94,46,48
ARANSAS COUNTY,007,35 Years,236,124,112,133,71,62,5,3,2,4,3,1,4,2,2,90,45,45
ARANSAS COUNTY,007,36 Years,227,120,107,121,64,57,4,3,1,5,2,3,5,2,3,92,49,43
ARANSAS COUNTY,007,37 Years,217,113,104,120,60,60,5,3,2,7,3,4,4,2,2,81,45,36
ARANSAS COUNTY,007,38 Years,240,124,116,139,68,71,3,2,1,6,4,2,4,2,2,88,48,40
ARANSAS COUNTY,007,39 Years,249,132,117,136,68,68,1,0,1,5,5,0,3,1,2,104,58,46
ARANSAS COUNTY,007,40 Years,257,132,125,145,69,76,2,0,2,5,2,3,7,4,3,98,57,41
ARANSAS COUNTY,007,41 Years,270,133,137,146,69,77,3,1,2,6,1,5,7,4,3,108,58,50
ARANSAS COUNTY,007,42 Years,248,125,123,145,70,75,4,4,0,3,1,2,5,2,3,91,48,43
ARANSAS COUNTY,007,43 Years,233,118,115,125,63,62,5,3,2,1,0,1,3,0,3,99,52,47
ARANSAS COUNTY,007,44 Years,239,120,119,131,65,66,4,3,1,2,0,2,4,2,2,98,50,48
ARANSAS COUNTY,007,45 Years,239,127,112,138,71,67,3,3,0,5,2,3,5,3,2,88,48,40
ARANSAS COUNTY,007,46 Years,236,127,109,135,67,68,4,4,0,6,3,3,10,8,2,81,45,36
ARANSAS COUNTY,007,47 Years,238,116,122,141,65,76,4,4,0,3,2,1,7,5,2,83,40,43
ARANSAS COUNTY,007,48 Years,247,118,129,147,72,75,1,0,1,8,3,5,5,2,3,86,41,45
ARANSAS COUNTY,007,49 Years,277,132,145,164,78,86,1,0,1,9,3,6,6,2,4,97,49,48
ARANSAS COUNTY,007,50 Years,280,139,141,168,84,84,4,3,1,8,2,6,6,3,3,94,47,47
ARANSAS COUNTY,007,51 Years,299,146,153,192,99,93,3,2,1,5,1,4,5,3,2,94,41,53
ARANSAS COUNTY,007,52 Years,306,141,165,208,97,111,4,3,1,6,3,3,6,3,3,82,35,47
ARANSAS COUNTY,007,53 Years,282,130,152,189,82,107,2,2,0,6,3,3,6,4,2,79,39,40
ARANSAS COUNTY,007,54 Years,281,130,151,187,82,105,2,2,0,6,3,3,4,2,2,82,41,41
ARANSAS COUNTY,007,55 Years,286,138,148,189,88,101,6,5,1,4,2,2,6,3,3,81,40,41
ARANSAS COUNTY,007,56 Years,321,155,166,201,95,106,4,4,0,9,3,6,6,3,3,101,50,51
ARANSAS COUNTY,007,57 Years,354,165,189,246,113,133,4,2,2,9,5,4,5,2,3,90,43,47
ARANSAS COUNTY,007,58 Years,356,159,197,249,113,136,5,2,3,8,3,5,4,2,2,90,39,51
ARANSAS COUNTY,007,59 Years,385,170,215,267,121,146,5,2,3,7,1,6,4,0,4,102,46,56
ARANSAS COUNTY,007,60 Years,385,176,209,277,128,149,3,2,1,5,2,3,9,4,5,91,40,51
ARANSAS COUNTY,007,61 Years,417,186,231,315,138,177,2,2,0,5,2,3,8,4,4,87,40,47
ARANSAS COUNTY,007,62 Years,449,208,241,339,152,187,6,4,2,8,5,3,6,4,2,90,43,47
ARANSAS COUNTY,007,63 Years,466,234,232,354,168,186,7,5,2,11,6,5,5,4,1,89,51,38
ARANSAS COUNTY,007,64 Years,470,239,231,365,177,188,5,5,0,10,5,5,3,2,1,87,50,37
ARANSAS COUNTY,007,65 Years,423,199,224,325,148,177,3,2,1,11,5,6,4,2,2,80,42,38
ARANSAS COUNTY,007,66 Years,438,203,235,341,160,181,2,1,1,10,4,6,7,2,5,78,36,42
ARANSAS COUNTY,007,67 Years,489,226,263,376,172,204,4,3,1,12,5,7,7,3,4,90,43,47
ARANSAS COUNTY,007,68 Years,420,193,227,329,151,178,7,3,4,10,4,6,6,1,5,68,34,34
ARANSAS COUNTY,007,69 Years,387,176,211,305,141,164,5,3,2,6,2,4,5,1,4,66,29,37
ARANSAS COUNTY,007,70 Years,407,202,205,314,148,166,4,3,1,6,3,3,11,8,3,72,40,32
ARANSAS COUNTY,007,71 Years,389,192,197,305,149,156,3,2,1,8,3,5,8,5,3,65,33,32
ARANSAS COUNTY,007,72 Years,410,195,215,330,160,170,3,2,1,8,4,4,5,1,4,64,28,36
ARANSAS COUNTY,007,73 Years,395,200,195,329,167,162,2,2,0,6,2,4,4,2,2,54,27,27
ARANSAS COUNTY,007,74 Years,375,190,185,312,157,155,4,2,2,4,1,3,6,3,3,49,27,22
ARANSAS COUNTY,007,75 Years,358,186,172,299,152,147,2,1,1,3,1,2,8,4,4,46,28,18
ARANSAS COUNTY,007,76 Years,314,151,163,256,122,134,1,1,0,3,2,1,6,3,3,48,23,25
ARANSAS COUNTY,007,77 Years,291,136,155,240,113,127,1,1,0,3,2,1,4,2,2,43,18,25
ARANSAS COUNTY,007,78 Years,291,135,156,247,114,133,1,1,0,3,2,1,3,2,1,37,16,21
ARANSAS COUNTY,007,79 Years,293,135,158,251,116,135,1,1,0,3,1,2,6,3,3,32,14,18
ARANSAS COUNTY,007,80 Years,245,117,128,209,101,108,1,0,1,2,1,1,5,2,3,28,13,15
ARANSAS COUNTY,007,81 Years,226,116,110,194,103,91,1,0,1,1,0,1,4,2,2,26,11,15
ARANSAS COUNTY,007,82 Years,202,95,107,174,85,89,1,0,1,2,1,1,5,2,3,20,7,13
ARANSAS COUNTY,007,83 Years,180,81,99,154,71,83,2,1,1,0,0,0,3,1,2,21,8,13
ARANSAS COUNTY,007,84 Years,161,76,85,134,64,70,1,1,0,0,0,0,3,1,2,23,10,13
ARANSAS COUNTY,007,85 Years,138,64,74,113,53,60,1,1,0,1,0,1,3,1,2,20,9,11
ARANSAS COUNTY,007,86 Years,116,53,63,99,48,51,1,0,1,1,0,1,2,0,2,13,5,8
ARANSAS COUNTY,007,87 Years,102,43,59,88,39,49,1,0,1,2,1,1,1,0,1,10,3,7
ARANSAS COUNTY,007,88 Years,83,42,41,73,38,35,0,0,0,1,1,0,1,0,1,8,3,5
ARANSAS COUNTY,007,89 Years,70,34,36,61,32,29,0,0,0,0,0,0,1,0,1,8,2,6
ARANSAS COUNTY,007,90 Years,58,25,33,49,23,26,0,0,0,0,0,0,1,0,1,8,2,6
ARANSAS COUNTY,007,91 Years,47,22,25,42,20,22,0,0,0,0,0,0,0,0,0,5,2,3
ARANSAS COUNTY,007,92 Years,37,17,20,34,16,18,0,0,0,0,0,0,0,0,0,3,1,2
ARANSAS COUNTY,007,93 Years,33,11,22,27,10,17,0,0,0,1,0,1,1,0,1,4,1,3
ARANSAS COUNTY,007,94 Years,24,9,15,19,8,11,0,0,0,0,0,0,2,0,2,3,1,2
ARANSAS COUNTY,007,95 Years +,54,19,35,40,15,25,0,0,0,1,0,1,2,0,2,11,4,7
ARCHER COUNTY,009,All Ages,9096,4453,4643,7735,3776,3959,58,30,28,22,8,14,271,134,137,1010,505,505
ARCHER COUNTY,009,< 1 Year,91,48,43,65,34,31,1,0,1,0,0,0,6,4,2,19,10,9
ARCHER COUNTY,009,1 Years,88,47,41,60,31,29,1,1,0,0,0,0,6,4,2,21,11,10
ARCHER COUNTY,009,2 Years,92,48,44,63,32,31,1,0,1,0,0,0,6,4,2,22,12,10
ARCHER COUNTY,009,3 Years,132,68,64,99,51,48,2,1,1,1,0,1,11,6,5,19,10,9
ARCHER COUNTY,009,4 Years,129,69,60,97,52,45,2,1,1,1,0,1,12,7,5,17,9,8
ARCHER COUNTY,009,5 Years,102,55,47,83,42,41,1,1,0,0,0,0,7,5,2,11,7,4
ARCHER COUNTY,009,6 Years,86,44,42,74,36,38,0,0,0,0,0,0,5,4,1,7,4,3
ARCHER COUNTY,009,7 Years,93,43,50,84,40,44,0,0,0,0,0,0,1,0,1,8,3,5
ARCHER COUNTY,009,8 Years,119,54,65,99,48,51,1,0,1,0,0,0,0,0,0,19,6,13
ARCHER COUNTY,009,9 Years,125,61,64,98,50,48,1,0,1,0,0,0,6,4,2,20,7,13
ARCHER COUNTY,009,10 Years,114,57,57,87,46,41,1,0,1,0,0,0,7,3,4,19,8,11
ARCHER COUNTY,009,11 Years,112,55,57,84,44,40,1,0,1,0,0,0,7,2,5,20,9,11
ARCHER COUNTY,009,12 Years,127,60,67,99,50,49,1,0,1,0,0,0,6,2,4,21,8,13
ARCHER COUNTY,009,13 Years,120,57,63,92,44,48,1,0,1,1,1,0,3,1,2,23,11,12
ARCHER COUNTY,009,14 Years,109,61,48,92,50,42,0,0,0,1,1,0,3,1,2,13,9,4
ARCHER COUNTY,009,15 Years,112,55,57,92,48,44,0,0,0,1,1,0,4,1,3,15,5,10
ARCHER COUNTY,009,16 Years,117,52,65,86,40,46,0,0,0,1,1,0,5,2,3,25,9,16
ARCHER COUNTY,009,17 Years,125,66,59,97,53,44,1,1,0,1,1,0,3,2,1,23,9,14
ARCHER COUNTY,009,18 Years,118,64,54,95,52,43,1,1,0,0,0,0,3,1,2,19,10,9
ARCHER COUNTY,009,19 Years,109,58,51,87,48,39,1,0,1,0,0,0,4,0,4,17,10,7
ARCHER COUNTY,009,20 Years,110,63,47,83,48,35,0,0,0,0,0,0,4,1,3,23,14,9
ARCHER COUNTY,009,21 Years,99,53,46,74,41,33,1,0,1,0,0,0,3,1,2,21,11,10
ARCHER COUNTY,009,22 Years,93,46,47,69,34,35,0,0,0,0,0,0,3,2,1,21,10,11
ARCHER COUNTY,009,23 Years,95,48,47,69,36,33,2,1,1,0,0,0,5,2,3,19,9,10
ARCHER COUNTY,009,24 Years,89,46,43,70,37,33,2,1,1,0,0,0,5,3,2,12,5,7
ARCHER COUNTY,009,25 Years,91,47,44,75,38,37,1,0,1,0,0,0,3,3,0,12,6,6
ARCHER COUNTY,009,26 Years,98,50,48,80,41,39,0,0,0,0,0,0,4,1,3,14,8,6
ARCHER COUNTY,009,27 Years,103,50,53,83,40,43,1,1,0,0,0,0,4,0,4,15,9,6
ARCHER COUNTY,009,28 Years,83,43,40,64,34,30,1,1,0,0,0,0,5,1,4,13,7,6
ARCHER COUNTY,009,29 Years,77,44,33,62,34,28,1,1,0,0,0,0,2,1,1,12,8,4
ARCHER COUNTY,009,30 Years,93,54,39,75,41,34,0,0,0,0,0,0,1,1,0,17,12,5
ARCHER COUNTY,009,31 Years,96,49,47,74,36,38,0,0,0,0,0,0,3,1,2,19,12,7
ARCHER COUNTY,009,32 Years,100,45,55,82,37,45,0,0,0,0,0,0,3,1,2,15,7,8
ARCHER COUNTY,009,33 Years,125,56,69,102,42,60,1,1,0,0,0,0,3,2,1,19,11,8
ARCHER COUNTY,009,34 Years,112,52,60,89,36,53,1,1,0,0,0,0,3,2,1,19,13,6
ARCHER COUNTY,009,35 Years,101,50,51,75,32,43,1,1,0,0,0,0,3,2,1,22,15,7
ARCHER COUNTY,009,36 Years,91,47,44,73,35,38,1,1,0,0,0,0,3,2,1,14,9,5
ARCHER COUNTY,009,37 Years,92,44,48,80,37,43,1,1,0,0,0,0,4,2,2,7,4,3
ARCHER COUNTY,009,38 Years,122,70,52,104,60,44,0,0,0,0,0,0,3,2,1,15,8,7
ARCHER COUNTY,009,39 Years,119,64,55,95,52,43,0,0,0,0,0,0,3,2,1,21,10,11
ARCHER COUNTY,009,40 Years,100,49,51,84,41,43,0,0,0,0,0,0,3,2,1,13,6,7
ARCHER COUNTY,009,41 Years,100,49,51,88,40,48,0,0,0,1,1,0,3,2,1,8,6,2
ARCHER COUNTY,009,42 Years,110,58,52,99,51,48,0,0,0,0,0,0,3,2,1,8,5,3
ARCHER COUNTY,009,43 Years,90,47,43,79,42,37,0,0,0,0,0,0,3,1,2,8,4,4
ARCHER COUNTY,009,44 Years,82,34,48,70,29,41,1,1,0,0,0,0,1,0,1,10,4,6
ARCHER COUNTY,009,45 Years,97,48,49,85,42,43,1,1,0,0,0,0,2,0,2,9,5,4
ARCHER COUNTY,009,46 Years,100,54,46,88,48,40,1,1,0,0,0,0,3,1,2,8,4,4
ARCHER COUNTY,009,47 Years,94,47,47,79,41,38,4,1,3,2,2,0,2,0,2,7,3,4
ARCHER COUNTY,009,48 Years,96,42,54,82,38,44,1,0,1,1,0,1,2,1,1,10,3,7
ARCHER COUNTY,009,49 Years,101,49,52,88,45,43,0,0,0,2,0,2,1,1,0,10,3,7
ARCHER COUNTY,009,50 Years,99,50,49,87,45,42,0,0,0,2,0,2,0,0,0,10,5,5
ARCHER COUNTY,009,51 Years,109,47,62,93,42,51,0,0,0,1,0,1,1,1,0,14,4,10
ARCHER COUNTY,009,52 Years,112,45,67,96,40,56,0,0,0,1,0,1,1,1,0,14,4,10
ARCHER COUNTY,009,53 Years,117,52,65,103,45,58,0,0,0,0,0,0,2,1,1,12,6,6
ARCHER COUNTY,009,54 Years,114,56,58,100,49,51,0,0,0,0,0,0,2,1,1,12,6,6
ARCHER COUNTY,009,55 Years,118,58,60,105,50,55,1,1,0,0,0,0,3,2,1,9,5,4
ARCHER COUNTY,009,56 Years,111,51,60,101,45,56,1,1,0,0,0,0,3,2,1,6,3,3
ARCHER COUNTY,009,57 Years,125,60,65,118,56,62,1,1,0,0,0,0,2,1,1,4,2,2
ARCHER COUNTY,009,58 Years,134,71,63,126,67,59,1,1,0,0,0,0,0,0,0,7,3,4
ARCHER COUNTY,009,59 Years,152,76,76,136,69,67,2,1,1,0,0,0,1,0,1,13,6,7
ARCHER COUNTY,009,60 Years,140,76,64,124,68,56,0,0,0,0,0,0,0,0,0,16,8,8
ARCHER COUNTY,009,61 Years,149,76,73,135,72,63,0,0,0,0,0,0,2,0,2,12,4,8
ARCHER COUNTY,009,62 Years,144,68,76,130,61,69,0,0,0,0,0,0,4,3,1,10,4,6
ARCHER COUNTY,009,63 Years,129,59,70,111,46,65,0,0,0,1,0,1,5,5,0,12,8,4
ARCHER COUNTY,009,64 Years,138,61,77,120,51,69,1,0,1,1,0,1,5,3,2,11,7,4
ARCHER COUNTY,009,65 Years,140,60,80,128,55,73,1,0,1,1,0,1,2,1,1,8,4,4
ARCHER COUNTY,009,66 Years,128,54,74,117,49,68,1,0,1,1,0,1,3,2,1,6,3,3
ARCHER COUNTY,009,67 Years,129,62,67,116,53,63,4,3,1,0,0,0,4,2,2,5,4,1
ARCHER COUNTY,009,68 Years,120,55,65,112,50,62,2,1,1,0,0,0,2,2,0,4,2,2
ARCHER COUNTY,009,69 Years,107,48,59,102,46,56,0,0,0,0,0,0,3,1,2,2,1,1
ARCHER COUNTY,009,70 Years,115,50,65,106,47,59,0,0,0,0,0,0,7,2,5,2,1,1
ARCHER COUNTY,009,71 Years,99,42,57,93,41,52,0,0,0,0,0,0,5,1,4,1,0,1
ARCHER COUNTY,009,72 Years,101,49,52,92,46,46,2,0,2,1,0,1,3,1,2,3,2,1
ARCHER COUNTY,009,73 Years,99,46,53,93,44,49,1,0,1,0,0,0,2,1,1,3,1,2
ARCHER COUNTY,009,74 Years,93,42,51,88,40,48,0,0,0,0,0,0,2,1,1,3,1,2
ARCHER COUNTY,009,75 Years,100,50,50,93,45,48,1,1,0,0,0,0,2,1,1,4,3,1
ARCHER COUNTY,009,76 Years,76,40,36,73,38,35,0,0,0,0,0,0,2,1,1,1,1,0
ARCHER COUNTY,009,77 Years,73,39,34,69,36,33,0,0,0,0,0,0,2,1,1,2,2,0
ARCHER COUNTY,009,78 Years,65,33,32,62,31,31,0,0,0,0,0,0,1,0,1,2,2,0
ARCHER COUNTY,009,79 Years,57,24,33,54,23,31,0,0,0,0,0,0,1,0,1,2,1,1
ARCHER COUNTY,009,80 Years,68,29,39,62,28,34,0,0,0,0,0,0,1,0,1,5,1,4
ARCHER COUNTY,009,81 Years,68,35,33,64,33,31,0,0,0,0,0,0,0,0,0,4,2,2
ARCHER COUNTY,009,82 Years,61,31,30,58,30,28,0,0,0,0,0,0,0,0,0,3,1,2
ARCHER COUNTY,009,83 Years,44,24,20,42,22,20,0,0,0,0,0,0,2,2,0,0,0,0
ARCHER COUNTY,009,84 Years,37,21,16,36,21,15,0,0,0,0,0,0,0,0,0,1,0,1
ARCHER COUNTY,009,85 Years,36,18,18,36,18,18,0,0,0,0,0,0,0,0,0,0,0,0
ARCHER COUNTY,009,86 Years,32,12,20,32,12,20,0,0,0,0,0,0,0,0,0,0,0,0
ARCHER COUNTY,009,87 Years,31,11,20,30,11,19,0,0,0,0,0,0,0,0,0,1,0,1
ARCHER COUNTY,009,88 Years,28,12,16,27,12,15,0,0,0,0,0,0,0,0,0,1,0,1
ARCHER COUNTY,009,89 Years,26,10,16,25,10,15,0,0,0,0,0,0,0,0,0,1,0,1
ARCHER COUNTY,009,90 Years,21,7,14,20,7,13,0,0,0,0,0,0,0,0,0,1,0,1
ARCHER COUNTY,009,91 Years,16,5,11,15,5,10,0,0,0,0,0,0,0,0,0,1,0,1
ARCHER COUNTY,009,92 Years,16,5,11,15,5,10,0,0,0,0,0,0,0,0,0,1,0,1
ARCHER COUNTY,009,93 Years,13,4,9,12,4,8,0,0,0,0,0,0,0,0,0,1,0,1
ARCHER COUNTY,009,94 Years,9,3,6,8,3,5,0,0,0,0,0,0,1,0,1,0,0,0
ARCHER COUNTY,009,95 Years +,18,6,12,17,6,11,0,0,0,0,0,0,0,0,0,1,0,1
ARMSTRONG COUNTY,011,All Ages,1817,872,945,1647,787,860,14,8,6,0,0,0,30,8,22,126,69,57
ARMSTRONG COUNTY,011,< 1 Year,19,8,11,15,7,8,0,0,0,0,0,0,1,0,1,3,1,2
ARMSTRONG COUNTY,011,1 Years,16,7,9,12,6,6,0,0,0,0,0,0,1,0,1,3,1,2
ARMSTRONG COUNTY,011,2 Years,16,7,9,12,6,6,0,0,0,0,0,0,1,0,1,3,1,2
ARMSTRONG COUNTY,011,3 Years,17,9,8,14,8,6,0,0,0,0,0,0,1,0,1,2,1,1
ARMSTRONG COUNTY,011,4 Years,20,10,10,16,8,8,0,0,0,0,0,0,1,0,1,3,2,1
ARMSTRONG COUNTY,011,5 Years,22,11,11,18,9,9,0,0,0,0,0,0,1,0,1,3,2,1
ARMSTRONG COUNTY,011,6 Years,23,10,13,20,9,11,0,0,0,0,0,0,1,0,1,2,1,1
ARMSTRONG COUNTY,011,7 Years,21,10,11,19,10,9,0,0,0,0,0,0,1,0,1,1,0,1
ARMSTRONG COUNTY,011,8 Years,24,15,9,21,13,8,0,0,0,0,0,0,0,0,0,3,2,1
ARMSTRONG COUNTY,011,9 Years,29,17,12,25,15,10,0,0,0,0,0,0,0,0,0,4,2,2
ARMSTRONG COUNTY,011,10 Years,28,16,12,25,14,11,0,0,0,0,0,0,0,0,0,3,2,1
ARMSTRONG COUNTY,011,11 Years,27,15,12,24,13,11,0,0,0,0,0,0,0,0,0,3,2,1
ARMSTRONG COUNTY,011,12 Years,25,12,13,21,11,10,0,0,0,0,0,0,2,0,2,2,1,1
ARMSTRONG COUNTY,011,13 Years,24,12,12,22,11,11,0,0,0,0,0,0,1,0,1,1,1,0
ARMSTRONG COUNTY,011,14 Years,21,11,10,20,10,10,0,0,0,0,0,0,0,0,0,1,1,0
ARMSTRONG COUNTY,011,15 Years,19,10,9,18,9,9,0,0,0,0,0,0,0,0,0,1,1,0
ARMSTRONG COUNTY,011,16 Years,19,9,10,18,8,10,0,0,0,0,0,0,0,0,0,1,1,0
ARMSTRONG COUNTY,011,17 Years,22,11,11,19,8,11,1,1,0,0,0,0,0,0,0,2,2,0
ARMSTRONG COUNTY,011,18 Years,17,8,9,14,6,8,1,1,0,0,0,0,0,0,0,2,1,1
ARMSTRONG COUNTY,011,19 Years,15,8,7,13,7,6,0,0,0,0,0,0,0,0,0,2,1,1
ARMSTRONG COUNTY,011,20 Years,16,7,9,14,6,8,0,0,0,0,0,0,0,0,0,2,1,1
ARMSTRONG COUNTY,011,21 Years,24,11,13,21,9,12,0,0,0,0,0,0,0,0,0,3,2,1
ARMSTRONG COUNTY,011,22 Years,22,9,13,18,8,10,1,0,1,0,0,0,0,0,0,3,1,2
ARMSTRONG COUNTY,011,23 Years,19,7,12,16,5,11,1,1,0,0,0,0,0,0,0,2,1,1
ARMSTRONG COUNTY,011,24 Years,18,7,11,14,6,8,0,0,0,0,0,0,1,0,1,3,1,2
ARMSTRONG COUNTY,011,25 Years,16,8,8,14,7,7,0,0,0,0,0,0,0,0,0,2,1,1
ARMSTRONG COUNTY,011,26 Years,16,7,9,14,5,9,0,0,0,0,0,0,0,0,0,2,2,0
ARMSTRONG COUNTY,011,27 Years,21,11,10,18,9,9,0,0,0,0,0,0,1,1,0,2,1,1
ARMSTRONG COUNTY,011,28 Years,24,10,14,20,9,11,1,0,1,0,0,0,0,0,0,3,1,2
ARMSTRONG COUNTY,011,29 Years,22,10,12,20,9,11,0,0,0,0,0,0,0,0,0,2,1,1
ARMSTRONG COUNTY,011,30 Years,20,9,11,18,8,10,0,0,0,0,0,0,0,0,0,2,1,1
ARMSTRONG COUNTY,011,31 Years,14,8,6,13,7,6,0,0,0,0,0,0,0,0,0,1,1,0
ARMSTRONG COUNTY,011,32 Years,14,9,5,12,7,5,2,2,0,0,0,0,0,0,0,0,0,0
ARMSTRONG COUNTY,011,33 Years,15,9,6,14,8,6,1,1,0,0,0,0,0,0,0,0,0,0
ARMSTRONG COUNTY,011,34 Years,17,8,9,17,8,9,0,0,0,0,0,0,0,0,0,0,0,0
ARMSTRONG COUNTY,011,35 Years,15,8,7,15,8,7,0,0,0,0,0,0,0,0,0,0,0,0
ARMSTRONG COUNTY,011,36 Years,15,4,11,13,4,9,1,0,1,0,0,0,0,0,0,1,0,1
ARMSTRONG COUNTY,011,37 Years,14,4,10,12,4,8,1,0,1,0,0,0,0,0,0,1,0,1
ARMSTRONG COUNTY,011,38 Years,17,6,11,16,6,10,0,0,0,0,0,0,0,0,0,1,0,1
ARMSTRONG COUNTY,011,39 Years,24,11,13,22,10,12,0,0,0,0,0,0,0,0,0,2,1,1
ARMSTRONG COUNTY,011,40 Years,24,13,11,23,12,11,0,0,0,0,0,0,0,0,0,1,1,0
ARMSTRONG COUNTY,011,41 Years,25,10,15,24,10,14,0,0,0,0,0,0,1,0,1,0,0,0
ARMSTRONG COUNTY,011,42 Years,29,12,17,28,12,16,0,0,0,0,0,0,1,0,1,0,0,0
ARMSTRONG COUNTY,011,43 Years,30,15,15,29,15,14,0,0,0,0,0,0,1,0,1,0,0,0
ARMSTRONG COUNTY,011,44 Years,25,11,14,25,11,14,0,0,0,0,0,0,0,0,0,0,0,0
ARMSTRONG COUNTY,011,45 Years,21,9,12,19,9,10,0,0,0,0,0,0,0,0,0,2,0,2
ARMSTRONG COUNTY,011,46 Years,26,14,12,22,12,10,0,0,0,0,0,0,0,0,0,4,2,2
ARMSTRONG COUNTY,011,47 Years,23,10,13,22,10,12,0,0,0,0,0,0,0,0,0,1,0,1
ARMSTRONG COUNTY,011,48 Years,16,7,9,15,7,8,1,0,1,0,0,0,0,0,0,0,0,0
ARMSTRONG COUNTY,011,49 Years,16,7,9,14,7,7,1,0,1,0,0,0,0,0,0,1,0,1
ARMSTRONG COUNTY,011,50 Years,13,6,7,12,6,6,0,0,0,0,0,0,0,0,0,1,0,1
ARMSTRONG COUNTY,011,51 Years,22,9,13,16,6,10,0,0,0,0,0,0,0,0,0,6,3,3
ARMSTRONG COUNTY,011,52 Years,26,15,11,21,12,9,0,0,0,0,0,0,0,0,0,5,3,2
ARMSTRONG COUNTY,011,53 Years,20,12,8,16,9,7,0,0,0,0,0,0,0,0,0,4,3,1
ARMSTRONG COUNTY,011,54 Years,17,10,7,14,8,6,0,0,0,0,0,0,0,0,0,3,2,1
ARMSTRONG COUNTY,011,55 Years,15,9,6,14,8,6,0,0,0,0,0,0,0,0,0,1,1,0
ARMSTRONG COUNTY,011,56 Years,18,10,8,17,9,8,0,0,0,0,0,0,0,0,0,1,1,0
ARMSTRONG COUNTY,011,57 Years,18,11,7,17,11,6,0,0,0,0,0,0,0,0,0,1,0,1
ARMSTRONG COUNTY,011,58 Years,19,6,13,18,6,12,0,0,0,0,0,0,1,0,1,0,0,0
ARMSTRONG COUNTY,011,59 Years,17,5,12,17,5,12,0,0,0,0,0,0,0,0,0,0,0,0
ARMSTRONG COUNTY,011,60 Years,20,6,14,18,5,13,0,0,0,0,0,0,1,0,1,1,1,0
ARMSTRONG COUNTY,011,61 Years,25,10,15,23,9,14,0,0,0,0,0,0,1,0,1,1,1,0
ARMSTRONG COUNTY,011,62 Years,33,16,17,31,14,17,0,0,0,0,0,0,2,2,0,0,0,0
ARMSTRONG COUNTY,011,63 Years,34,17,17,32,15,17,0,0,0,0,0,0,1,1,0,1,1,0
ARMSTRONG COUNTY,011,64 Years,32,18,14,29,16,13,0,0,0,0,0,0,1,1,0,2,1,1
ARMSTRONG COUNTY,011,65 Years,29,16,13,28,16,12,0,0,0,0,0,0,0,0,0,1,0,1
ARMSTRONG COUNTY,011,66 Years,31,17,14,31,17,14,0,0,0,0,0,0,0,0,0,0,0,0
ARMSTRONG COUNTY,011,67 Years,26,12,14,24,11,13,0,0,0,0,0,0,0,0,0,2,1,1
ARMSTRONG COUNTY,011,68 Years,28,16,12,25,13,12,0,0,0,0,0,0,2,2,0,1,1,0
ARMSTRONG COUNTY,011,69 Years,31,18,13,30,17,13,0,0,0,0,0,0,1,1,0,0,0,0
ARMSTRONG COUNTY,011,70 Years,29,14,15,29,14,15,0,0,0,0,0,0,0,0,0,0,0,0
ARMSTRONG COUNTY,011,71 Years,24,12,12,23,12,11,0,0,0,0,0,0,1,0,1,0,0,0
ARMSTRONG COUNTY,011,72 Years,23,10,13,21,9,12,0,0,0,0,0,0,0,0,0,2,1,1
ARMSTRONG COUNTY,011,73 Years,26,9,17,24,9,15,0,0,0,0,0,0,0,0,0,2,0,2
ARMSTRONG COUNTY,011,74 Years,28,16,12,25,14,11,0,0,0,0,0,0,1,0,1,2,2,0
ARMSTRONG COUNTY,011,75 Years,24,15,9,21,13,8,0,0,0,0,0,0,1,0,1,2,2,0
ARMSTRONG COUNTY,011,76 Years,18,11,7,16,9,7,1,1,0,0,0,0,0,0,0,1,1,0
ARMSTRONG COUNTY,011,77 Years,15,8,7,14,7,7,1,1,0,0,0,0,0,0,0,0,0,0
ARMSTRONG COUNTY,011,78 Years,15,6,9,15,6,9,0,0,0,0,0,0,0,0,0,0,0,0
ARMSTRONG COUNTY,011,79 Years,13,6,7,13,6,7,0,0,0,0,0,0,0,0,0,0,0,0
ARMSTRONG COUNTY,011,80 Years,10,5,5,10,5,5,0,0,0,0,0,0,0,0,0,0,0,0
ARMSTRONG COUNTY,011,81 Years,12,5,7,12,5,7,0,0,0,0,0,0,0,0,0,0,0,0
ARMSTRONG COUNTY,011,82 Years,12,5,7,12,5,7,0,0,0,0,0,0,0,0,0,0,0,0
ARMSTRONG COUNTY,011,83 Years,12,6,6,12,6,6,0,0,0,0,0,0,0,0,0,0,0,0
ARMSTRONG COUNTY,011,84 Years,9,5,4,9,5,4,0,0,0,0,0,0,0,0,0,0,0,0
ARMSTRONG COUNTY,011,85 Years,9,4,5,9,4,5,0,0,0,0,0,0,0,0,0,0,0,0
ARMSTRONG COUNTY,011,86 Years,10,4,6,10,4,6,0,0,0,0,0,0,0,0,0,0,0,0
ARMSTRONG COUNTY,011,87 Years,9,4,5,9,4,5,0,0,0,0,0,0,0,0,0,0,0,0
ARMSTRONG COUNTY,011,88 Years,6,1,5,6,1,5,0,0,0,0,0,0,0,0,0,0,0,0
ARMSTRONG COUNTY,011,89 Years,3,0,3,3,0,3,0,0,0,0,0,0,0,0,0,0,0,0
ARMSTRONG COUNTY,011,90 Years,3,0,3,2,0,2,0,0,0,0,0,0,1,0,1,0,0,0
ARMSTRONG COUNTY,011,91 Years,2,0,2,2,0,2,0,0,0,0,0,0,0,0,0,0,0,0
ARMSTRONG COUNTY,011,92 Years,3,0,3,3,0,3,0,0,0,0,0,0,0,0,0,0,0,0
ARMSTRONG COUNTY,011,93 Years,1,0,1,1,0,1,0,0,0,0,0,0,0,0,0,0,0,0
ARMSTRONG COUNTY,011,94 Years,1,0,1,1,0,1,0,0,0,0,0,0,0,0,0,0,0,0
ARMSTRONG COUNTY,011,95 Years +,4,0,4,4,0,4,0,0,0,0,0,0,0,0,0,0,0,0
ATASCOSA COUNTY,013,All Ages,50591,25279,25312,16162,7934,8228,270,158,112,153,73,80,568,281,287,33438,16833,16605
ATASCOSA COUNTY,013,< 1 Year,633,320,313,143,73,70,5,2,3,3,1,2,15,8,7,467,236,231
ATASCOSA COUNTY,013,1 Years,606,308,298,134,68,66,7,3,4,2,1,1,13,7,6,450,229,221
ATASCOSA COUNTY,013,2 Years,607,310,297,136,69,67,6,3,3,2,1,1,11,6,5,452,231,221
ATASCOSA COUNTY,013,3 Years,680,367,313,154,83,71,5,3,2,2,1,1,14,9,5,505,271,234
ATASCOSA COUNTY,013,4 Years,720,381,339,161,85,76,4,2,2,2,1,1,14,9,5,539,284,255
ATASCOSA COUNTY,013,5 Years,733,386,347,170,89,81,5,3,2,2,1,1,13,9,4,543,284,259
ATASCOSA COUNTY,013,6 Years,748,390,358,187,99,88,3,3,0,2,1,1,9,6,3,547,281,266
ATASCOSA COUNTY,013,7 Years,768,398,370,204,108,96,5,3,2,2,1,1,9,6,3,548,280,268
ATASCOSA COUNTY,013,8 Years,799,397,402,206,101,105,5,3,2,4,1,3,15,7,8,569,285,284
ATASCOSA COUNTY,013,9 Years,802,389,413,206,100,106,3,1,2,2,1,1,17,6,11,574,281,293
ATASCOSA COUNTY,013,10 Years,786,387,399,198,102,96,4,2,2,4,1,3,13,6,7,567,276,291
ATASCOSA COUNTY,013,11 Years,789,405,384,198,108,90,5,3,2,3,1,2,13,6,7,570,287,283
ATASCOSA COUNTY,013,12 Years,812,417,395,195,102,93,3,1,2,1,1,0,11,5,6,602,308,294
ATASCOSA COUNTY,013,13 Years,774,395,379,196,98,98,2,1,1,0,0,0,9,2,7,567,294,273
ATASCOSA COUNTY,013,14 Years,770,388,382,200,103,97,2,1,1,2,1,1,7,2,5,559,281,278
ATASCOSA COUNTY,013,15 Years,765,383,382,187,95,92,2,1,1,2,1,1,8,4,4,566,282,284
ATASCOSA COUNTY,013,16 Years,764,390,374,192,105,87,3,2,1,4,3,1,7,5,2,558,275,283
ATASCOSA COUNTY,013,17 Years,777,394,383,195,93,102,4,1,3,4,3,1,8,4,4,566,293,273
ATASCOSA COUNTY,013,18 Years,763,401,362,193,96,97,3,1,2,3,2,1,6,2,4,558,300,258
ATASCOSA COUNTY,013,19 Years,715,375,340,190,100,90,3,1,2,0,0,0,6,3,3,516,271,245
ATASCOSA COUNTY,013,20 Years,725,374,351,191,99,92,2,1,1,2,2,0,6,2,4,524,270,254
ATASCOSA COUNTY,013,21 Years,721,379,342,193,97,96,5,4,1,0,0,0,6,2,4,517,276,241
ATASCOSA COUNTY,013,22 Years,658,342,316,165,85,80,4,2,2,0,0,0,5,3,2,484,252,232
ATASCOSA COUNTY,013,23 Years,563,280,283,132,72,60,3,2,1,0,0,0,4,2,2,424,204,220
ATASCOSA COUNTY,013,24 Years,585,288,297,147,73,74,3,2,1,1,0,1,5,2,3,429,211,218
ATASCOSA COUNTY,013,25 Years,616,310,306,159,77,82,3,2,1,1,0,1,7,3,4,446,228,218
ATASCOSA COUNTY,013,26 Years,644,323,321,175,83,92,4,2,2,0,0,0,6,3,3,459,235,224
ATASCOSA COUNTY,013,27 Years,650,328,322,183,88,95,5,1,4,0,0,0,8,5,3,454,234,220
ATASCOSA COUNTY,013,28 Years,573,277,296,166,79,87,5,3,2,3,0,3,11,7,4,388,188,200
ATASCOSA COUNTY,013,29 Years,559,268,291,156,73,83,8,4,4,3,1,2,9,4,5,383,186,197
ATASCOSA COUNTY,013,30 Years,603,302,301,179,84,95,6,3,3,2,1,1,6,3,3,410,211,199
ATASCOSA COUNTY,013,31 Years,620,317,303,178,88,90,2,0,2,2,1,1,5,1,4,433,227,206
ATASCOSA COUNTY,013,32 Years,626,322,304,192,101,91,1,0,1,2,2,0,4,1,3,427,218,209
ATASCOSA COUNTY,013,33 Years,684,369,315,225,122,103,1,0,1,3,2,1,4,2,2,451,243,208
ATASCOSA COUNTY,013,34 Years,664,349,315,207,110,97,5,2,3,2,0,2,5,2,3,445,235,210
ATASCOSA COUNTY,013,35 Years,646,342,304,177,89,88,5,3,2,1,0,1,5,2,3,458,248,210
ATASCOSA COUNTY,013,36 Years,641,323,318,183,87,96,5,4,1,3,2,1,4,3,1,446,227,219
ATASCOSA COUNTY,013,37 Years,643,338,305,185,93,92,6,5,1,2,2,0,8,4,4,442,234,208
ATASCOSA COUNTY,013,38 Years,680,347,333,194,96,98,7,5,2,2,0,2,5,2,3,472,244,228
ATASCOSA COUNTY,013,39 Years,664,323,341,196,97,99,5,3,2,0,0,0,4,1,3,459,222,237
ATASCOSA COUNTY,013,40 Years,646,321,325,193,97,96,3,2,1,2,2,0,4,1,3,444,219,225
ATASCOSA COUNTY,013,41 Years,675,340,335,220,114,106,3,3,0,4,2,2,4,1,3,444,220,224
ATASCOSA COUNTY,013,42 Years,686,347,339,235,117,118,3,2,1,2,2,0,3,1,2,443,225,218
ATASCOSA COUNTY,013,43 Years,679,342,337,218,110,108,2,1,1,2,1,1,5,2,3,452,228,224
ATASCOSA COUNTY,013,44 Years,648,326,322,206,107,99,3,2,1,2,1,1,6,3,3,431,213,218
ATASCOSA COUNTY,013,45 Years,627,320,307,206,100,106,7,4,3,2,1,1,7,4,3,405,211,194
ATASCOSA COUNTY,013,46 Years,615,322,293,192,101,91,6,5,1,2,1,1,3,1,2,412,214,198
ATASCOSA COUNTY,013,47 Years,612,312,300,184,95,89,3,3,0,2,1,1,6,4,2,417,209,208
ATASCOSA COUNTY,013,48 Years,572,282,290,196,96,100,2,2,0,1,1,0,4,3,1,369,180,189
ATASCOSA COUNTY,013,49 Years,576,265,311,191,90,101,2,1,1,2,2,0,3,1,2,378,171,207
ATASCOSA COUNTY,013,50 Years,617,294,323,207,106,101,2,1,1,2,2,0,7,4,3,399,181,218
ATASCOSA COUNTY,013,51 Years,619,318,301,217,116,101,2,1,1,0,0,0,7,5,2,393,196,197
ATASCOSA COUNTY,013,52 Years,631,324,307,211,111,100,1,1,0,4,0,4,5,3,2,410,209,201
ATASCOSA COUNTY,013,53 Years,598,305,293,208,105,103,4,3,1,2,0,2,5,2,3,379,195,184
ATASCOSA COUNTY,013,54 Years,556,285,271,190,94,96,4,4,0,1,0,1,5,2,3,356,185,171
ATASCOSA COUNTY,013,55 Years,556,290,266,191,101,90,3,3,0,1,0,1,8,5,3,353,181,172
ATASCOSA COUNTY,013,56 Years,558,287,271,199,101,98,4,2,2,1,1,0,4,3,1,350,180,170
ATASCOSA COUNTY,013,57 Years,568,286,282,199,102,97,4,2,2,3,2,1,8,6,2,354,174,180
ATASCOSA COUNTY,013,58 Years,579,268,311,208,96,112,4,3,1,2,1,1,7,3,4,358,165,193
ATASCOSA COUNTY,013,59 Years,614,294,320,239,115,124,3,2,1,1,1,0,6,3,3,365,173,192
ATASCOSA COUNTY,013,60 Years,592,286,306,242,116,126,3,2,1,1,1,0,7,5,2,339,162,177
ATASCOSA COUNTY,013,61 Years,592,292,300,233,111,122,2,1,1,6,4,2,7,4,3,344,172,172
ATASCOSA COUNTY,013,62 Years,562,276,286,206,95,111,4,3,1,4,2,2,8,3,5,340,173,167
ATASCOSA COUNTY,013,63 Years,576,270,306,226,99,127,3,2,1,1,0,1,6,3,3,340,166,174
ATASCOSA COUNTY,013,64 Years,550,271,279,226,108,118,2,1,1,2,0,2,4,2,2,316,160,156
ATASCOSA COUNTY,013,65 Years,534,269,265,223,109,114,2,0,2,2,0,2,8,4,4,299,156,143
ATASCOSA COUNTY,013,66 Years,518,246,272,209,92,117,2,1,1,2,1,1,9,4,5,296,148,148
ATASCOSA COUNTY,013,67 Years,517,248,269,213,95,118,2,1,1,2,0,2,8,4,4,292,148,144
ATASCOSA COUNTY,013,68 Years,476,238,238,206,96,110,2,1,1,2,0,2,6,3,3,260,138,122
ATASCOSA COUNTY,013,69 Years,474,231,243,211,95,116,1,1,0,3,2,1,5,3,2,254,130,124
ATASCOSA COUNTY,013,70 Years,448,213,235,203,91,112,2,1,1,3,2,1,4,3,1,236,116,120
ATASCOSA COUNTY,013,71 Years,413,206,207,190,91,99,0,0,0,2,0,2,6,3,3,215,112,103
ATASCOSA COUNTY,013,72 Years,402,195,207,188,88,100,0,0,0,1,1,0,6,4,2,207,102,105
ATASCOSA COUNTY,013,73 Years,387,178,209,179,83,96,3,1,2,1,1,0,5,3,2,199,90,109
ATASCOSA COUNTY,013,74 Years,362,179,183,171,86,85,2,1,1,2,1,1,5,2,3,182,89,93
ATASCOSA COUNTY,013,75 Years,351,170,181,177,85,92,1,0,1,1,1,0,3,1,2,169,83,86
ATASCOSA COUNTY,013,76 Years,344,157,187,170,77,93,1,1,0,0,0,0,2,0,2,171,79,92
ATASCOSA COUNTY,013,77 Years,311,141,170,150,66,84,1,1,0,0,0,0,2,1,1,158,73,85
ATASCOSA COUNTY,013,78 Years,283,135,148,137,65,72,1,1,0,0,0,0,2,0,2,143,69,74
ATASCOSA COUNTY,013,79 Years,261,117,144,130,56,74,2,1,1,1,0,1,4,0,4,124,60,64
ATASCOSA COUNTY,013,80 Years,232,100,132,114,49,65,0,0,0,1,0,1,3,0,3,114,51,63
ATASCOSA COUNTY,013,81 Years,206,91,115,102,46,56,0,0,0,1,0,1,3,1,2,100,44,56
ATASCOSA COUNTY,013,82 Years,192,84,108,93,44,49,1,0,1,0,0,0,2,1,1,96,39,57
ATASCOSA COUNTY,013,83 Years,174,71,103,86,38,48,0,0,0,2,0,2,1,0,1,85,33,52
ATASCOSA COUNTY,013,84 Years,153,61,92,76,32,44,1,1,0,0,0,0,3,1,2,73,27,46
ATASCOSA COUNTY,013,85 Years,138,57,81,65,26,39,2,2,0,0,0,0,2,1,1,69,28,41
ATASCOSA COUNTY,013,86 Years,117,49,68,60,24,36,1,0,1,0,0,0,2,1,1,54,24,30
ATASCOSA COUNTY,013,87 Years,113,50,63,57,25,32,0,0,0,0,0,0,1,1,0,55,24,31
ATASCOSA COUNTY,013,88 Years,92,41,51,50,23,27,0,0,0,0,0,0,0,0,0,42,18,24
ATASCOSA COUNTY,013,89 Years,82,31,51,47,19,28,0,0,0,0,0,0,1,0,1,34,12,22
ATASCOSA COUNTY,013,90 Years,66,24,42,37,13,24,0,0,0,0,0,0,0,0,0,29,11,18
ATASCOSA COUNTY,013,91 Years,58,21,37,31,11,20,0,0,0,0,0,0,0,0,0,27,10,17
ATASCOSA COUNTY,013,92 Years,47,16,31,25,8,17,0,0,0,0,0,0,0,0,0,22,8,14
ATASCOSA COUNTY,013,93 Years,41,15,26,24,8,16,0,0,0,0,0,0,0,0,0,17,7,10
ATASCOSA COUNTY,013,94 Years,32,12,20,21,7,14,0,0,0,0,0,0,0,0,0,11,5,6
ATASCOSA COUNTY,013,95 Years +,87,28,59,46,13,33,0,0,0,0,0,0,1,0,1,40,15,25
AUSTIN COUNTY,015,All Ages,31874,15825,16049,18943,9310,9633,2928,1432,1496,150,71,79,634,321,313,9219,4691,4528
AUSTIN COUNTY,015,< 1 Year,344,178,166,140,75,65,35,18,17,3,1,2,15,7,8,151,77,74
AUSTIN COUNTY,015,1 Years,314,160,154,124,64,60,33,17,16,1,1,0,11,5,6,145,73,72
AUSTIN COUNTY,015,2 Years,315,160,155,126,64,62,33,17,16,1,0,1,11,6,5,144,73,71
AUSTIN COUNTY,015,3 Years,344,168,176,137,67,70,33,17,16,1,0,1,16,7,9,157,77,80
AUSTIN COUNTY,015,4 Years,360,180,180,148,76,72,34,17,17,2,1,1,16,8,8,160,78,82
AUSTIN COUNTY,015,5 Years,369,196,173,152,83,69,35,18,17,1,1,0,20,10,10,161,84,77
AUSTIN COUNTY,015,6 Years,383,207,176,159,89,70,37,18,19,2,1,1,21,12,9,164,87,77
AUSTIN COUNTY,015,7 Years,409,220,189,166,92,74,43,21,22,2,1,1,22,12,10,176,94,82
AUSTIN COUNTY,015,8 Years,428,224,204,179,94,85,42,20,22,3,2,1,25,15,10,179,93,86
AUSTIN COUNTY,015,9 Years,432,222,210,190,97,93,42,19,23,2,1,1,21,14,7,177,91,86
AUSTIN COUNTY,015,10 Years,431,220,211,193,100,93,40,18,22,2,1,1,18,12,6,178,89,89
AUSTIN COUNTY,015,11 Years,446,237,209,210,114,96,41,21,20,2,1,1,11,7,4,182,94,88
AUSTIN COUNTY,015,12 Years,471,236,235,221,109,112,40,20,20,2,1,1,9,3,6,199,103,96
AUSTIN COUNTY,015,13 Years,480,226,254,226,110,116,39,19,20,1,0,1,7,3,4,207,94,113
AUSTIN COUNTY,015,14 Years,480,232,248,228,110,118,41,21,20,1,0,1,10,7,3,200,94,106
AUSTIN COUNTY,015,15 Years,483,232,251,225,110,115,40,19,21,1,0,1,12,6,6,205,97,108
AUSTIN COUNTY,015,16 Years,464,230,234,210,106,104,42,20,22,2,1,1,13,5,8,197,98,99
AUSTIN COUNTY,015,17 Years,432,224,208,202,109,93,41,21,20,2,1,1,11,4,7,176,89,87
AUSTIN COUNTY,015,18 Years,396,213,183,203,115,88,27,14,13,2,1,1,12,6,6,152,77,75
AUSTIN COUNTY,015,19 Years,408,215,193,205,111,94,32,12,20,3,1,2,14,8,6,154,83,71
AUSTIN COUNTY,015,20 Years,402,215,187,193,108,85,44,19,25,1,0,1,12,5,7,152,83,69
AUSTIN COUNTY,015,21 Years,371,186,185,181,97,84,34,14,20,2,0,2,8,3,5,146,72,74
AUSTIN COUNTY,015,22 Years,358,176,182,165,85,80,36,16,20,2,1,1,9,6,3,146,68,78
AUSTIN COUNTY,015,23 Years,359,177,182,160,80,80,46,24,22,1,1,0,11,7,4,141,65,76
AUSTIN COUNTY,015,24 Years,352,175,177,165,87,78,46,22,24,0,0,0,10,4,6,131,62,69
AUSTIN COUNTY,015,25 Years,318,158,160,153,79,74,39,20,19,0,0,0,10,4,6,116,55,61
AUSTIN COUNTY,015,26 Years,340,173,167,174,91,83,40,20,20,3,1,2,10,5,5,113,56,57
AUSTIN COUNTY,015,27 Years,372,181,191,196,100,96,41,18,23,1,0,1,7,3,4,127,60,67
AUSTIN COUNTY,015,28 Years,375,189,186,181,88,93,49,29,20,2,1,1,10,4,6,133,67,66
AUSTIN COUNTY,015,29 Years,382,198,184,185,94,91,50,27,23,2,1,1,11,7,4,134,69,65
AUSTIN COUNTY,015,30 Years,373,200,173,188,95,93,46,26,20,2,1,1,10,8,2,127,70,57
AUSTIN COUNTY,015,31 Years,368,190,178,186,91,95,38,20,18,3,1,2,6,5,1,135,73,62
AUSTIN COUNTY,015,32 Years,361,173,188,178,86,92,39,18,21,4,2,2,3,2,1,137,65,72
AUSTIN COUNTY,015,33 Years,350,168,182,182,83,99,37,19,18,1,1,0,4,2,2,126,63,63
AUSTIN COUNTY,015,34 Years,336,172,164,177,89,88,32,17,15,0,0,0,3,2,1,124,64,60
AUSTIN COUNTY,015,35 Years,321,166,155,174,89,85,28,14,14,2,2,0,3,2,1,114,59,55
AUSTIN COUNTY,015,36 Years,320,157,163,178,87,91,26,13,13,4,2,2,2,2,0,110,53,57
AUSTIN COUNTY,015,37 Years,339,166,173,167,78,89,30,15,15,2,1,1,4,1,3,136,71,65
AUSTIN COUNTY,015,38 Years,328,171,157,164,81,83,34,19,15,1,0,1,4,2,2,125,69,56
AUSTIN COUNTY,015,39 Years,359,180,179,185,83,102,40,21,19,2,2,0,5,3,2,127,71,56
AUSTIN COUNTY,015,40 Years,374,184,190,196,91,105,36,20,16,4,2,2,3,3,0,135,68,67
AUSTIN COUNTY,015,41 Years,367,184,183,204,98,106,36,21,15,3,2,1,5,2,3,119,61,58
AUSTIN COUNTY,015,42 Years,361,173,188,207,95,112,33,19,14,3,2,1,6,0,6,112,57,55
AUSTIN COUNTY,015,43 Years,354,168,186,202,97,105,36,16,20,2,1,1,4,2,2,110,52,58
AUSTIN COUNTY,015,44 Years,350,173,177,212,108,104,31,14,17,3,2,1,3,2,1,101,47,54
AUSTIN COUNTY,015,45 Years,348,180,168,217,109,108,28,15,13,3,1,2,3,2,1,97,53,44
AUSTIN COUNTY,015,46 Years,321,163,158,197,98,99,26,13,13,2,0,2,2,1,1,94,51,43
AUSTIN COUNTY,015,47 Years,340,172,168,200,95,105,30,18,12,2,1,1,4,1,3,104,57,47
AUSTIN COUNTY,015,48 Years,348,181,167,198,100,98,33,19,14,2,1,1,2,0,2,113,61,52
AUSTIN COUNTY,015,49 Years,333,173,160,195,98,97,25,13,12,3,2,1,2,1,1,108,59,49
AUSTIN COUNTY,015,50 Years,339,160,179,206,92,114,32,18,14,4,1,3,3,1,2,94,48,46
AUSTIN COUNTY,015,51 Years,362,167,195,229,98,131,33,16,17,2,1,1,4,1,3,94,51,43
AUSTIN COUNTY,015,52 Years,369,181,188,238,115,123,34,17,17,1,1,0,3,0,3,93,48,45
AUSTIN COUNTY,015,53 Years,367,174,193,243,117,126,34,16,18,1,1,0,3,1,2,86,39,47
AUSTIN COUNTY,015,54 Years,367,177,190,234,112,122,38,21,17,3,1,2,2,1,1,90,42,48
AUSTIN COUNTY,015,55 Years,366,192,174,227,117,110,36,21,15,2,1,1,2,1,1,99,52,47
AUSTIN COUNTY,015,56 Years,393,204,189,246,132,114,43,20,23,2,1,1,4,2,2,98,49,49
AUSTIN COUNTY,015,57 Years,407,199,208,258,129,129,47,22,25,3,1,2,5,2,3,94,45,49
AUSTIN COUNTY,015,58 Years,406,206,200,263,131,132,42,21,21,3,1,2,6,2,4,92,51,41
AUSTIN COUNTY,015,59 Years,420,214,206,285,145,140,40,17,23,2,1,1,5,2,3,88,49,39
AUSTIN COUNTY,015,60 Years,429,214,215,302,154,148,41,14,27,2,1,1,3,2,1,81,43,38
AUSTIN COUNTY,015,61 Years,441,215,226,302,147,155,47,21,26,3,1,2,6,5,1,83,41,42
AUSTIN COUNTY,015,62 Years,441,218,223,315,152,163,42,22,20,2,1,1,7,3,4,75,40,35
AUSTIN COUNTY,015,63 Years,440,224,216,325,162,163,39,22,17,2,2,0,7,3,4,67,35,32
AUSTIN COUNTY,015,64 Years,449,230,219,325,165,160,43,23,20,0,0,0,6,3,3,75,39,36
AUSTIN COUNTY,015,65 Years,457,239,218,339,172,167,36,21,15,3,2,1,9,6,3,70,38,32
AUSTIN COUNTY,015,66 Years,470,224,246,360,167,193,35,18,17,5,3,2,7,5,2,63,31,32
AUSTIN COUNTY,015,67 Years,434,206,228,331,153,178,33,18,15,2,0,2,5,3,2,63,32,31
AUSTIN COUNTY,015,68 Years,443,200,243,343,150,193,34,14,20,1,0,1,9,4,5,56,32,24
AUSTIN COUNTY,015,69 Years,425,210,215,334,161,173,32,13,19,1,0,1,9,5,4,49,31,18
AUSTIN COUNTY,015,70 Years,408,200,208,324,159,165,33,15,18,1,0,1,8,3,5,42,23,19
AUSTIN COUNTY,015,71 Years,368,174,194,294,139,155,27,12,15,2,1,1,3,1,2,42,21,21
AUSTIN COUNTY,015,72 Years,332,158,174,269,130,139,21,10,11,1,1,0,3,0,3,38,17,21
AUSTIN COUNTY,015,73 Years,325,162,163,268,136,132,18,8,10,2,1,1,2,1,1,35,16,19
AUSTIN COUNTY,015,74 Years,337,165,172,282,138,144,20,8,12,1,0,1,3,3,0,31,16,15
AUSTIN COUNTY,015,75 Years,335,160,175,284,133,151,15,8,7,0,0,0,3,2,1,33,17,16
AUSTIN COUNTY,015,76 Years,290,131,159,240,107,133,17,7,10,0,0,0,2,1,1,31,16,15
AUSTIN COUNTY,015,77 Years,268,133,135,225,110,115,16,8,8,0,0,0,2,1,1,25,14,11
AUSTIN COUNTY,015,78 Years,275,133,142,233,113,120,19,8,11,1,1,0,1,0,1,21,11,10
AUSTIN COUNTY,015,79 Years,279,130,149,234,108,126,18,8,10,0,0,0,4,2,2,23,12,11
AUSTIN COUNTY,015,80 Years,251,118,133,215,102,113,17,6,11,0,0,0,2,1,1,17,9,8
AUSTIN COUNTY,015,81 Years,210,94,116,180,83,97,15,5,10,0,0,0,2,1,1,13,5,8
AUSTIN COUNTY,015,82 Years,172,78,94,139,64,75,15,5,10,0,0,0,2,1,1,16,8,8
AUSTIN COUNTY,015,83 Years,145,66,79,116,52,64,12,6,6,0,0,0,4,1,3,13,7,6
AUSTIN COUNTY,015,84 Years,137,60,77,115,51,64,10,4,6,0,0,0,4,1,3,8,4,4
AUSTIN COUNTY,015,85 Years,124,52,72,103,47,56,10,2,8,0,0,0,2,0,2,9,3,6
AUSTIN COUNTY,015,86 Years,103,47,56,86,43,43,7,1,6,0,0,0,2,0,2,8,3,5
AUSTIN COUNTY,015,87 Years,94,45,49,80,40,40,5,1,4,0,0,0,1,0,1,8,4,4
AUSTIN COUNTY,015,88 Years,79,33,46,67,27,40,5,1,4,0,0,0,1,0,1,6,5,1
AUSTIN COUNTY,015,89 Years,58,22,36,47,19,28,4,0,4,0,0,0,1,0,1,6,3,3
AUSTIN COUNTY,015,90 Years,55,24,31,46,21,25,3,0,3,0,0,0,1,0,1,5,3,2
AUSTIN COUNTY,015,91 Years,53,22,31,43,17,26,3,1,2,0,0,0,1,0,1,6,4,2
AUSTIN COUNTY,015,92 Years,44,18,26,36,13,23,3,2,1,0,0,0,1,1,0,4,2,2
AUSTIN COUNTY,015,93 Years,38,13,25,31,10,21,3,1,2,0,0,0,1,1,0,3,1,2
AUSTIN COUNTY,015,94 Years,27,11,16,23,8,15,2,1,1,0,0,0,0,0,0,2,2,0
AUSTIN COUNTY,015,95 Years +,73,20,53,54,14,40,10,3,7,0,0,0,2,0,2,7,3,4
BAILEY COUNTY,017,All Ages,6730,3337,3393,2009,986,1023,54,27,27,14,11,3,145,64,81,4508,2249,2259
BAILEY COUNTY,017,< 1 Year,115,58,57,22,11,11,0,0,0,1,0,1,11,5,6,81,42,39
BAILEY COUNTY,017,1 Years,105,53,52,19,10,9,1,0,1,0,0,0,3,1,2,82,42,40
BAILEY COUNTY,017,2 Years,105,55,50,19,10,9,1,1,0,0,0,0,3,2,1,82,42,40
BAILEY COUNTY,017,3 Years,107,59,48,18,11,7,0,0,0,0,0,0,6,3,3,83,45,38
BAILEY COUNTY,017,4 Years,111,60,51,20,10,10,1,0,1,0,0,0,8,6,2,82,44,38
BAILEY COUNTY,017,5 Years,116,62,54,23,11,12,1,0,1,0,0,0,6,4,2,86,47,39
BAILEY COUNTY,017,6 Years,122,63,59,29,13,16,1,0,1,0,0,0,5,3,2,87,47,40
BAILEY COUNTY,017,7 Years,120,62,58,30,13,17,3,2,1,1,1,0,2,1,1,84,45,39
BAILEY COUNTY,017,8 Years,108,55,53,24,11,13,2,1,1,2,2,0,4,2,2,76,39,37
BAILEY COUNTY,017,9 Years,98,48,50,19,8,11,1,0,1,1,1,0,3,1,2,74,38,36
BAILEY COUNTY,017,10 Years,103,52,51,21,10,11,1,0,1,0,0,0,3,1,2,78,41,37
BAILEY COUNTY,017,11 Years,104,51,53,21,10,11,1,0,1,0,0,0,2,1,1,80,40,40
BAILEY COUNTY,017,12 Years,124,61,63,23,12,11,1,0,1,0,0,0,2,0,2,98,49,49
BAILEY COUNTY,017,13 Years,117,63,54,22,11,11,0,0,0,0,0,0,2,1,1,93,51,42
BAILEY COUNTY,017,14 Years,105,53,52,18,8,10,1,0,1,0,0,0,1,0,1,85,45,40
BAILEY COUNTY,017,15 Years,110,60,50,23,12,11,1,0,1,0,0,0,1,0,1,85,48,37
BAILEY COUNTY,017,16 Years,117,61,56,24,10,14,0,0,0,0,0,0,2,1,1,91,50,41
BAILEY COUNTY,017,17 Years,115,57,58,25,10,15,2,0,2,1,1,0,2,1,1,85,45,40
BAILEY COUNTY,017,18 Years,114,52,62,24,11,13,0,0,0,1,1,0,4,1,3,85,39,46
BAILEY COUNTY,017,19 Years,110,54,56,21,11,10,2,2,0,0,0,0,2,1,1,85,40,45
BAILEY COUNTY,017,20 Years,112,52,60,23,11,12,2,0,2,0,0,0,1,1,0,86,40,46
BAILEY COUNTY,017,21 Years,109,50,59,26,11,15,0,0,0,0,0,0,1,1,0,82,38,44
BAILEY COUNTY,017,22 Years,94,46,48,16,7,9,0,0,0,0,0,0,1,1,0,77,38,39
BAILEY COUNTY,017,23 Years,88,46,42,19,12,7,0,0,0,0,0,0,1,1,0,68,33,35
BAILEY COUNTY,017,24 Years,90,47,43,19,11,8,0,0,0,0,0,0,2,1,1,69,35,34
BAILEY COUNTY,017,25 Years,85,42,43,16,10,6,0,0,0,0,0,0,3,1,2,66,31,35
BAILEY COUNTY,017,26 Years,90,43,47,18,11,7,0,0,0,0,0,0,1,1,0,71,31,40
BAILEY COUNTY,017,27 Years,90,43,47,18,9,9,0,0,0,0,0,0,2,1,1,70,33,37
BAILEY COUNTY,017,28 Years,74,39,35,18,10,8,0,0,0,0,0,0,2,1,1,54,28,26
BAILEY COUNTY,017,29 Years,73,38,35,17,10,7,0,0,0,0,0,0,2,0,2,54,28,26
BAILEY COUNTY,017,30 Years,72,38,34,20,10,10,1,1,0,0,0,0,0,0,0,51,27,24
BAILEY COUNTY,017,31 Years,69,37,32,18,12,6,0,0,0,0,0,0,1,0,1,50,25,25
BAILEY COUNTY,017,32 Years,61,31,30,11,7,4,0,0,0,0,0,0,0,0,0,50,24,26
BAILEY COUNTY,017,33 Years,67,28,39,13,6,7,1,0,1,0,0,0,1,0,1,52,22,30
BAILEY COUNTY,017,34 Years,75,33,42,15,9,6,1,0,1,0,0,0,1,0,1,58,24,34
BAILEY COUNTY,017,35 Years,75,34,41,18,9,9,1,1,0,0,0,0,1,0,1,55,24,31
BAILEY COUNTY,017,36 Years,72,33,39,20,9,11,1,1,0,0,0,0,1,0,1,50,23,27
BAILEY COUNTY,017,37 Years,78,34,44,24,11,13,0,0,0,0,0,0,1,0,1,53,23,30
BAILEY COUNTY,017,38 Years,82,41,41,23,11,12,0,0,0,1,0,1,1,1,0,57,29,28
BAILEY COUNTY,017,39 Years,73,38,35,20,8,12,0,0,0,0,0,0,2,1,1,51,29,22
BAILEY COUNTY,017,40 Years,74,36,38,22,10,12,0,0,0,2,1,1,2,1,1,48,24,24
BAILEY COUNTY,017,41 Years,78,34,44,21,10,11,0,0,0,1,1,0,1,0,1,55,23,32
BAILEY COUNTY,017,42 Years,76,35,41,20,10,10,0,0,0,0,0,0,2,1,1,54,24,30
BAILEY COUNTY,017,43 Years,83,42,41,27,15,12,0,0,0,0,0,0,1,0,1,55,27,28
BAILEY COUNTY,017,44 Years,84,41,43,25,14,11,0,0,0,0,0,0,1,1,0,58,26,32
BAILEY COUNTY,017,45 Years,75,36,39,19,11,8,1,1,0,0,0,0,0,0,0,55,24,31
BAILEY COUNTY,017,46 Years,78,37,41,22,11,11,0,0,0,0,0,0,1,1,0,55,25,30
BAILEY COUNTY,017,47 Years,75,34,41,20,8,12,1,1,0,0,0,0,0,0,0,54,25,29
BAILEY COUNTY,017,48 Years,77,39,38,20,9,11,2,2,0,0,0,0,2,1,1,53,27,26
BAILEY COUNTY,017,49 Years,68,35,33,17,9,8,1,1,0,0,0,0,1,0,1,49,25,24
BAILEY COUNTY,017,50 Years,66,34,32,13,7,6,1,1,0,0,0,0,1,0,1,51,26,25
BAILEY COUNTY,017,51 Years,63,31,32,12,5,7,0,0,0,0,0,0,2,1,1,49,25,24
BAILEY COUNTY,017,52 Years,63,31,32,13,5,8,0,0,0,0,0,0,2,1,1,48,25,23
BAILEY COUNTY,017,53 Years,74,36,38,20,12,8,3,0,3,1,1,0,3,2,1,47,21,26
BAILEY COUNTY,017,54 Years,72,33,39,20,10,10,3,1,2,1,1,0,3,2,1,45,19,26
BAILEY COUNTY,017,55 Years,69,34,35,23,13,10,2,1,1,1,1,0,1,0,1,42,19,23
BAILEY COUNTY,017,56 Years,72,39,33,25,15,10,1,1,0,0,0,0,1,0,1,45,23,22
BAILEY COUNTY,017,57 Years,67,34,33,22,12,10,1,1,0,0,0,0,1,0,1,43,21,22
BAILEY COUNTY,017,58 Years,66,29,37,20,7,13,0,0,0,0,0,0,0,0,0,46,22,24
BAILEY COUNTY,017,59 Years,65,34,31,23,10,13,0,0,0,0,0,0,0,0,0,42,24,18
BAILEY COUNTY,017,60 Years,71,38,33,28,13,15,0,0,0,0,0,0,0,0,0,43,25,18
BAILEY COUNTY,017,61 Years,72,39,33,24,11,13,0,0,0,0,0,0,0,0,0,48,28,20
BAILEY COUNTY,017,62 Years,69,37,32,25,13,12,0,0,0,0,0,0,0,0,0,44,24,20
BAILEY COUNTY,017,63 Years,70,36,34,35,18,17,1,1,0,0,0,0,1,0,1,33,17,16
BAILEY COUNTY,017,64 Years,69,38,31,36,20,16,0,0,0,0,0,0,1,0,1,32,18,14
BAILEY COUNTY,017,65 Years,80,44,36,40,20,20,3,3,0,0,0,0,2,1,1,35,20,15
BAILEY COUNTY,017,66 Years,78,41,37,39,19,20,2,2,0,0,0,0,2,1,1,35,19,16
BAILEY COUNTY,017,67 Years,66,34,32,35,19,16,1,1,0,0,0,0,1,0,1,29,14,15
BAILEY COUNTY,017,68 Years,62,30,32,33,16,17,0,0,0,0,0,0,0,0,0,29,14,15
BAILEY COUNTY,017,69 Years,63,29,34,33,16,17,0,0,0,0,0,0,1,0,1,29,13,16
BAILEY COUNTY,017,70 Years,60,28,32,32,15,17,0,0,0,0,0,0,4,2,2,24,11,13
BAILEY COUNTY,017,71 Years,51,27,24,29,14,15,0,0,0,0,0,0,1,1,0,21,12,9
BAILEY COUNTY,017,72 Years,49,27,22,28,14,14,1,1,0,0,0,0,0,0,0,20,12,8
BAILEY COUNTY,017,73 Years,47,23,24,31,14,17,0,0,0,0,0,0,0,0,0,16,9,7
BAILEY COUNTY,017,74 Years,49,21,28,31,13,18,0,0,0,0,0,0,0,0,0,18,8,10
BAILEY COUNTY,017,75 Years,41,18,23,25,12,13,0,0,0,0,0,0,0,0,0,16,6,10
BAILEY COUNTY,017,76 Years,38,17,21,24,12,12,0,0,0,0,0,0,2,0,2,12,5,7
BAILEY COUNTY,017,77 Years,39,20,19,25,13,12,0,0,0,0,0,0,0,0,0,14,7,7
BAILEY COUNTY,017,78 Years,38,18,20,25,11,14,0,0,0,0,0,0,2,1,1,11,6,5
BAILEY COUNTY,017,79 Years,39,13,26,25,8,17,0,0,0,0,0,0,2,1,1,12,4,8
BAILEY COUNTY,017,80 Years,32,11,21,20,7,13,0,0,0,0,0,0,1,0,1,11,4,7
BAILEY COUNTY,017,81 Years,35,19,16,23,14,9,0,0,0,0,0,0,1,0,1,11,5,6
BAILEY COUNTY,017,82 Years,27,14,13,18,11,7,0,0,0,0,0,0,1,0,1,8,3,5
BAILEY COUNTY,017,83 Years,25,11,14,15,8,7,0,0,0,0,0,0,1,0,1,9,3,6
BAILEY COUNTY,017,84 Years,20,10,10,13,7,6,0,0,0,0,0,0,0,0,0,7,3,4
BAILEY COUNTY,017,85 Years,20,9,11,14,6,8,0,0,0,0,0,0,0,0,0,6,3,3
BAILEY COUNTY,017,86 Years,22,7,15,16,4,12,0,0,0,0,0,0,0,0,0,6,3,3
BAILEY COUNTY,017,87 Years,21,8,13,15,6,9,1,0,1,0,0,0,0,0,0,5,2,3
BAILEY COUNTY,017,88 Years,13,7,6,9,5,4,0,0,0,0,0,0,0,0,0,4,2,2
BAILEY COUNTY,017,89 Years,12,5,7,9,3,6,0,0,0,0,0,0,0,0,0,3,2,1
BAILEY COUNTY,017,90 Years,11,3,8,8,2,6,0,0,0,0,0,0,0,0,0,3,1,2
BAILEY COUNTY,017,91 Years,9,4,5,7,3,4,0,0,0,0,0,0,0,0,0,2,1,1
BAILEY COUNTY,017,92 Years,6,3,3,4,2,2,0,0,0,0,0,0,0,0,0,2,1,1
BAILEY COUNTY,017,93 Years,5,4,1,3,3,0,0,0,0,0,0,0,0,0,0,2,1,1
BAILEY COUNTY,017,94 Years,6,3,3,3,1,2,0,0,0,0,0,0,0,0,0,3,2,1
BAILEY COUNTY,017,95 Years +,15,5,10,8,3,5,2,0,2,0,0,0,0,0,0,5,2,3
BANDERA COUNTY,019,All Ages,22293,11004,11289,16941,8342,8599,116,59,57,66,26,40,520,264,256,4650,2313,2337
BANDERA COUNTY,019,< 1 Year,162,83,79,93,47,46,2,1,1,1,0,1,8,5,3,58,30,28
BANDERA COUNTY,019,1 Years,158,82,76,87,44,43,2,1,1,1,1,0,8,5,3,60,31,29
BANDERA COUNTY,019,2 Years,160,81,79,88,44,44,2,1,1,2,1,1,7,4,3,61,31,30
BANDERA COUNTY,019,3 Years,175,93,82,99,50,49,3,2,1,0,0,0,14,9,5,59,32,27
BANDERA COUNTY,019,4 Years,189,95,94,113,54,59,1,0,1,0,0,0,13,9,4,62,32,30
BANDERA COUNTY,019,5 Years,192,92,100,116,54,62,1,0,1,0,0,0,11,7,4,64,31,33
BANDERA COUNTY,019,6 Years,195,94,101,122,58,64,1,0,1,0,0,0,7,4,3,65,32,33
BANDERA COUNTY,019,7 Years,192,98,94,122,61,61,2,1,1,0,0,0,5,3,2,63,33,30
BANDERA COUNTY,019,8 Years,203,105,98,133,71,62,0,0,0,1,1,0,9,3,6,60,30,30
BANDERA COUNTY,019,9 Years,214,109,105,140,75,65,3,2,1,1,1,0,11,4,7,59,27,32
BANDERA COUNTY,019,10 Years,215,108,107,143,76,67,2,1,1,3,1,2,10,4,6,57,26,31
BANDERA COUNTY,019,11 Years,221,115,106,147,78,69,2,0,2,3,1,2,10,6,4,59,30,29
BANDERA COUNTY,019,12 Years,217,119,98,147,82,65,2,0,2,1,1,0,8,3,5,59,33,26
BANDERA COUNTY,019,13 Years,223,116,107,158,83,75,1,0,1,1,0,1,7,4,3,56,29,27
BANDERA COUNTY,019,14 Years,223,109,114,154,73,81,5,4,1,1,0,1,4,2,2,59,30,29
BANDERA COUNTY,019,15 Years,232,114,118,152,76,76,2,1,1,1,0,1,6,4,2,71,33,38
BANDERA COUNTY,019,16 Years,226,115,111,150,80,70,1,0,1,0,0,0,5,4,1,70,31,39
BANDERA COUNTY,019,17 Years,218,111,107,141,77,64,1,0,1,0,0,0,6,5,1,70,29,41
BANDERA COUNTY,019,18 Years,197,107,90,126,70,56,0,0,0,0,0,0,7,6,1,64,31,33
BANDERA COUNTY,019,19 Years,209,115,94,129,70,59,0,0,0,0,0,0,14,11,3,66,34,32
BANDERA COUNTY,019,20 Years,196,99,97,131,68,63,1,0,1,0,0,0,6,2,4,58,29,29
BANDERA COUNTY,019,21 Years,195,110,85,128,72,56,1,1,0,0,0,0,7,4,3,59,33,26
BANDERA COUNTY,019,22 Years,166,88,78,109,59,50,2,1,1,0,0,0,2,1,1,53,27,26
BANDERA COUNTY,019,23 Years,154,85,69,104,60,44,1,0,1,1,1,0,3,1,2,45,23,22
BANDERA COUNTY,019,24 Years,158,84,74,108,58,50,0,0,0,1,0,1,6,3,3,43,23,20
BANDERA COUNTY,019,25 Years,172,93,79,114,64,50,0,0,0,0,0,0,8,5,3,50,24,26
BANDERA COUNTY,019,26 Years,191,106,85,127,70,57,0,0,0,0,0,0,9,4,5,55,32,23
BANDERA COUNTY,019,27 Years,209,111,98,139,71,68,0,0,0,0,0,0,7,3,4,63,37,26
BANDERA COUNTY,019,28 Years,187,94,93,123,61,62,2,1,1,0,0,0,7,3,4,55,29,26
BANDERA COUNTY,019,29 Years,178,91,87,123,62,61,2,1,1,0,0,0,5,2,3,48,26,22
BANDERA COUNTY,019,30 Years,179,101,78,120,67,53,1,1,0,0,0,0,3,2,1,55,31,24
BANDERA COUNTY,019,31 Years,166,85,81,119,61,58,0,0,0,0,0,0,2,1,1,45,23,22
BANDERA COUNTY,019,32 Years,164,80,84,129,62,67,0,0,0,0,0,0,2,1,1,33,17,16
BANDERA COUNTY,019,33 Years,198,102,96,137,65,72,0,0,0,3,1,2,8,6,2,50,30,20
BANDERA COUNTY,019,34 Years,200,98,102,137,61,76,0,0,0,2,1,1,9,4,5,52,32,20
BANDERA COUNTY,019,35 Years,196,99,97,132,68,64,0,0,0,1,1,0,6,2,4,57,28,29
BANDERA COUNTY,019,36 Years,186,98,88,123,66,57,3,3,0,1,1,0,4,2,2,55,26,29
BANDERA COUNTY,019,37 Years,188,95,93,124,63,61,1,1,0,2,2,0,3,2,1,58,27,31
BANDERA COUNTY,019,38 Years,210,105,105,150,76,74,1,0,1,0,0,0,6,3,3,53,26,27
BANDERA COUNTY,019,39 Years,227,124,103,160,87,73,1,0,1,0,0,0,4,3,1,62,34,28
BANDERA COUNTY,019,40 Years,206,112,94,151,84,67,1,0,1,1,1,0,5,3,2,48,24,24
BANDERA COUNTY,019,41 Years,232,117,115,168,85,83,1,0,1,2,1,1,5,2,3,56,29,27
BANDERA COUNTY,019,42 Years,247,112,135,169,76,93,1,0,1,1,0,1,4,0,4,72,36,36
BANDERA COUNTY,019,43 Years,222,109,113,164,76,88,2,1,1,0,0,0,2,0,2,54,32,22
BANDERA COUNTY,019,44 Years,225,117,108,165,84,81,2,1,1,0,0,0,5,2,3,53,30,23
BANDERA COUNTY,019,45 Years,212,116,96,155,85,70,2,1,1,0,0,0,3,1,2,52,29,23
BANDERA COUNTY,019,46 Years,227,118,109,161,85,76,3,2,1,0,0,0,2,0,2,61,31,30
BANDERA COUNTY,019,47 Years,248,107,141,171,78,93,3,2,1,0,0,0,3,1,2,71,26,45
BANDERA COUNTY,019,48 Years,243,113,130,166,79,87,2,0,2,3,3,0,2,1,1,70,30,40
BANDERA COUNTY,019,49 Years,255,122,133,179,84,95,1,0,1,2,1,1,6,2,4,67,35,32
BANDERA COUNTY,019,50 Years,253,133,120,175,88,87,4,4,0,0,0,0,5,2,3,69,39,30
BANDERA COUNTY,019,51 Years,277,144,133,191,101,90,2,2,0,0,0,0,6,3,3,78,38,40
BANDERA COUNTY,019,52 Years,293,138,155,216,104,112,1,0,1,1,0,1,4,1,3,71,33,38
BANDERA COUNTY,019,53 Years,262,118,144,197,89,108,1,0,1,1,0,1,2,1,1,61,28,33
BANDERA COUNTY,019,54 Years,265,119,146,198,90,108,1,0,1,1,0,1,3,2,1,62,27,35
BANDERA COUNTY,019,55 Years,271,123,148,211,95,116,0,0,0,0,0,0,3,1,2,57,27,30
BANDERA COUNTY,019,56 Years,273,125,148,217,100,117,0,0,0,0,0,0,6,3,3,50,22,28
BANDERA COUNTY,019,57 Years,311,145,166,244,112,132,4,3,1,0,0,0,6,2,4,57,28,29
BANDERA COUNTY,019,58 Years,386,192,194,312,152,160,2,2,0,1,0,1,6,3,3,65,35,30
BANDERA COUNTY,019,59 Years,413,201,212,331,161,170,0,0,0,1,0,1,7,4,3,74,36,38
BANDERA COUNTY,019,60 Years,407,195,212,325,153,172,5,1,4,1,0,1,9,7,2,67,34,33
BANDERA COUNTY,019,61 Years,427,192,235,345,157,188,2,0,2,1,0,1,9,5,4,70,30,40
BANDERA COUNTY,019,62 Years,457,203,254,368,164,204,2,2,0,2,0,2,11,4,7,74,33,41
BANDERA COUNTY,019,63 Years,451,196,255,380,160,220,3,1,2,1,0,1,6,3,3,61,32,29
BANDERA COUNTY,019,64 Years,433,208,225,363,174,189,3,1,2,2,1,1,6,2,4,59,30,29
BANDERA COUNTY,019,65 Years,424,199,225,357,166,191,4,2,2,1,0,1,8,5,3,54,26,28
BANDERA COUNTY,019,66 Years,466,210,256,394,176,218,5,2,3,0,0,0,8,4,4,59,28,31
BANDERA COUNTY,019,67 Years,458,217,241,388,188,200,1,0,1,0,0,0,7,2,5,62,27,35
BANDERA COUNTY,019,68 Years,445,205,240,380,179,201,0,0,0,3,2,1,6,1,5,56,23,33
BANDERA COUNTY,019,69 Years,443,207,236,384,179,205,0,0,0,2,1,1,4,1,3,53,26,27
BANDERA COUNTY,019,70 Years,436,218,218,375,188,187,3,3,0,1,0,1,7,3,4,50,24,26
BANDERA COUNTY,019,71 Years,401,200,201,351,178,173,1,1,0,1,0,1,9,4,5,39,17,22
BANDERA COUNTY,019,72 Years,370,173,197,326,152,174,0,0,0,2,0,2,4,3,1,38,18,20
BANDERA COUNTY,019,73 Years,365,184,181,323,163,160,1,1,0,0,0,0,8,4,4,33,16,17
BANDERA COUNTY,019,74 Years,378,199,179,328,175,153,0,0,0,1,0,1,6,4,2,43,20,23
BANDERA COUNTY,019,75 Years,382,195,187,326,167,159,0,0,0,2,0,2,5,4,1,49,24,25
BANDERA COUNTY,019,76 Years,301,151,150,255,124,131,0,0,0,2,0,2,6,5,1,38,22,16
BANDERA COUNTY,019,77 Years,255,132,123,223,113,110,1,1,0,0,0,0,7,3,4,24,15,9
BANDERA COUNTY,019,78 Years,235,114,121,210,104,106,1,1,0,0,0,0,4,0,4,20,9,11
BANDERA COUNTY,019,79 Years,238,112,126,210,101,109,1,1,0,1,0,1,6,3,3,20,7,13
BANDERA COUNTY,019,80 Years,214,103,111,192,94,98,1,1,0,0,0,0,4,2,2,17,6,11
BANDERA COUNTY,019,81 Years,189,93,96,171,85,86,0,0,0,1,1,0,4,2,2,13,5,8
BANDERA COUNTY,019,82 Years,161,83,78,143,75,68,0,0,0,1,1,0,2,0,2,15,7,8
BANDERA COUNTY,019,83 Years,137,73,64,120,65,55,0,0,0,0,0,0,3,1,2,14,7,7
BANDERA COUNTY,019,84 Years,121,62,59,107,55,52,0,0,0,0,0,0,3,1,2,11,6,5
BANDERA COUNTY,019,85 Years,97,46,51,86,41,45,0,0,0,0,0,0,2,0,2,9,5,4
BANDERA COUNTY,019,86 Years,86,41,45,74,34,40,0,0,0,0,0,0,2,1,1,10,6,4
BANDERA COUNTY,019,87 Years,81,40,41,70,35,35,0,0,0,0,0,0,1,0,1,10,5,5
BANDERA COUNTY,019,88 Years,70,33,37,60,29,31,0,0,0,0,0,0,1,0,1,9,4,5
BANDERA COUNTY,019,89 Years,58,27,31,51,24,27,0,0,0,0,0,0,0,0,0,7,3,4
BANDERA COUNTY,019,90 Years,50,23,27,45,20,25,0,0,0,0,0,0,0,0,0,5,3,2
BANDERA COUNTY,019,91 Years,47,21,26,41,18,23,0,0,0,0,0,0,0,0,0,6,3,3
BANDERA COUNTY,019,92 Years,37,16,21,33,15,18,0,0,0,0,0,0,0,0,0,4,1,3
BANDERA COUNTY,019,93 Years,31,14,17,28,13,15,0,0,0,0,0,0,0,0,0,3,1,2
BANDERA COUNTY,019,94 Years,22,8,14,21,8,13,0,0,0,0,0,0,0,0,0,1,0,1
BANDERA COUNTY,019,95 Years +,58,21,37,50,18,32,0,0,0,0,0,0,0,0,0,8,3,5
BASTROP COUNTY,021,All Ages,110793,56242,54551,55476,27526,27950,7719,4100,3619,699,333,366,2553,1297,1256,44346,22986,21360
BASTROP COUNTY,021,< 1 Year,1286,652,634,429,218,211,74,38,36,7,3,4,51,24,27,725,369,356
BASTROP COUNTY,021,1 Years,1137,579,558,397,203,194,74,37,37,7,3,4,44,22,22,615,314,301
BASTROP COUNTY,021,2 Years,1121,572,549,399,204,195,74,38,36,6,3,3,42,21,21,600,306,294
BASTROP COUNTY,021,3 Years,1293,655,638,448,225,223,70,36,34,4,2,2,65,36,29,706,356,350
BASTROP COUNTY,021,4 Years,1389,704,685,478,244,234,76,39,37,4,2,2,63,34,29,768,385,383
BASTROP COUNTY,021,5 Years,1438,719,719,498,255,243,87,45,42,4,2,2,61,33,28,788,384,404
BASTROP COUNTY,021,6 Years,1502,747,755,524,268,256,94,48,46,5,3,2,58,33,25,821,395,426
BASTROP COUNTY,021,7 Years,1559,772,787,540,272,268,100,51,49,6,3,3,59,34,25,854,412,442
BASTROP COUNTY,021,8 Years,1656,826,830,562,288,274,94,45,49,7,4,3,68,31,37,925,458,467
BASTROP COUNTY,021,9 Years,1619,815,804,553,287,266,91,43,48,8,5,3,60,28,32,907,452,455
BASTROP COUNTY,021,10 Years,1532,776,756,532,276,256,88,41,47,7,4,3,52,26,26,853,429,424
BASTROP COUNTY,021,11 Years,1473,743,730,510,263,247,86,37,49,6,4,2,47,23,24,824,416,408
BASTROP COUNTY,021,12 Years,1582,817,765,531,279,252,100,55,45,6,2,4,51,21,30,894,460,434
BASTROP COUNTY,021,13 Years,1625,778,847,520,249,271,112,59,53,4,1,3,45,19,26,944,450,494
BASTROP COUNTY,021,14 Years,1646,814,832,534,256,278,115,57,58,5,3,2,47,24,23,945,474,471
BASTROP COUNTY,021,15 Years,1695,867,828,525,282,243,110,52,58,11,4,7,48,29,19,1001,500,501
BASTROP COUNTY,021,16 Years,1648,841,807,533,284,249,95,44,51,9,4,5,53,29,24,958,480,478
BASTROP COUNTY,021,17 Years,1626,851,775,578,305,273,81,41,40,9,2,7,42,21,21,916,482,434
BASTROP COUNTY,021,18 Years,1581,800,781,519,273,246,92,43,49,6,3,3,42,22,20,922,459,463
BASTROP COUNTY,021,19 Years,1544,774,770,501,261,240,93,42,51,5,2,3,49,26,23,896,443,453
BASTROP COUNTY,021,20 Years,1556,811,745,541,291,250,90,46,44,7,3,4,47,27,20,871,444,427
BASTROP COUNTY,021,21 Years,1501,785,716,541,292,249,83,45,38,7,3,4,43,22,21,827,423,404
BASTROP COUNTY,021,22 Years,1428,775,653,525,286,239,85,46,39,11,8,3,36,18,18,771,417,354
BASTROP COUNTY,021,23 Years,1352,754,598,496,265,231,81,44,37,9,7,2,34,18,16,732,420,312
BASTROP COUNTY,021,24 Years,1305,709,596,484,247,237,91,48,43,10,5,5,33,16,17,687,393,294
BASTROP COUNTY,021,25 Years,1301,706,595,495,256,239,113,60,53,9,3,6,43,27,16,641,360,281
BASTROP COUNTY,021,26 Years,1309,719,590,520,267,253,107,60,47,5,3,2,32,20,12,645,369,276
BASTROP COUNTY,021,27 Years,1323,714,609,542,283,259,108,61,47,7,4,3,39,27,12,627,339,288
BASTROP COUNTY,021,28 Years,1298,694,604,587,301,286,101,58,43,12,6,6,29,17,12,569,312,257
BASTROP COUNTY,021,29 Years,1342,712,630,626,323,303,97,62,35,8,5,3,32,17,15,579,305,274
BASTROP COUNTY,021,30 Years,1402,752,650,627,326,301,117,80,37,5,4,1,34,13,21,619,329,290
BASTROP COUNTY,021,31 Years,1342,741,601,552,294,258,127,82,45,5,4,1,32,17,15,626,344,282
BASTROP COUNTY,021,32 Years,1285,702,583,513,260,253,126,86,40,9,3,6,31,14,17,606,339,267
BASTROP COUNTY,021,33 Years,1334,702,632,624,302,322,109,74,35,9,3,6,25,12,13,567,311,256
BASTROP COUNTY,021,34 Years,1388,714,674,668,310,358,117,73,44,6,5,1,22,13,9,575,313,262
BASTROP COUNTY,021,35 Years,1365,714,651,642,315,327,111,64,47,7,7,0,30,13,17,575,315,260
BASTROP COUNTY,021,36 Years,1408,738,670,667,341,326,102,67,35,13,5,8,22,10,12,604,315,289
BASTROP COUNTY,021,37 Years,1339,686,653,632,301,331,96,70,26,16,6,10,20,12,8,575,297,278
BASTROP COUNTY,021,38 Years,1323,688,635,603,298,305,116,69,47,13,7,6,18,11,7,573,303,270
BASTROP COUNTY,021,39 Years,1333,701,632,624,327,297,106,60,46,13,7,6,17,10,7,573,297,276
BASTROP COUNTY,021,40 Years,1397,709,688,677,333,344,97,55,42,18,9,9,17,10,7,588,302,286
BASTROP COUNTY,021,41 Years,1414,717,697,694,341,353,113,64,49,12,3,9,14,5,9,581,304,277
BASTROP COUNTY,021,42 Years,1385,715,670,691,352,339,109,69,40,7,2,5,18,7,11,560,285,275
BASTROP COUNTY,021,43 Years,1326,695,631,654,324,330,93,61,32,7,2,5,26,15,11,546,293,253
BASTROP COUNTY,021,44 Years,1254,686,568,614,315,299,89,56,33,9,3,6,20,12,8,522,300,222
BASTROP COUNTY,021,45 Years,1248,666,582,609,315,294,80,50,30,16,7,9,14,8,6,529,286,243
BASTROP COUNTY,021,46 Years,1248,653,595,617,312,305,85,49,36,14,7,7,21,11,10,511,274,237
BASTROP COUNTY,021,47 Years,1273,672,601,621,321,300,91,57,34,13,10,3,20,11,9,528,273,255
BASTROP COUNTY,021,48 Years,1246,620,626,630,319,311,82,46,36,10,5,5,22,9,13,502,241,261
BASTROP COUNTY,021,49 Years,1236,642,594,648,349,299,84,46,38,15,9,6,16,10,6,473,228,245
BASTROP COUNTY,021,50 Years,1287,666,621,673,350,323,86,48,38,14,7,7,15,10,5,499,251,248
BASTROP COUNTY,021,51 Years,1338,674,664,721,353,368,106,55,51,11,7,4,17,9,8,483,250,233
BASTROP COUNTY,021,52 Years,1373,684,689,743,357,386,107,55,52,11,7,4,22,10,12,490,255,235
BASTROP COUNTY,021,53 Years,1365,674,691,766,366,400,94,47,47,14,6,8,25,9,16,466,246,220
BASTROP COUNTY,021,54 Years,1286,634,652,722,356,366,95,46,49,13,6,7,23,9,14,433,217,216
BASTROP COUNTY,021,55 Years,1255,609,646,711,346,365,105,50,55,11,3,8,26,13,13,402,197,205
BASTROP COUNTY,021,56 Years,1305,648,657,744,358,386,111,55,56,12,4,8,26,13,13,412,218,194
BASTROP COUNTY,021,57 Years,1452,728,724,860,417,443,132,70,62,13,7,6,27,15,12,420,219,201
BASTROP COUNTY,021,58 Years,1507,752,755,927,464,463,137,62,75,14,8,6,26,14,12,403,204,199
BASTROP COUNTY,021,59 Years,1521,778,743,956,473,483,125,65,60,11,7,4,29,18,11,400,215,185
BASTROP COUNTY,021,60 Years,1507,780,727,948,465,483,113,64,49,11,5,6,34,20,14,401,226,175
BASTROP COUNTY,021,61 Years,1505,780,725,966,485,481,119,62,57,17,7,10,31,17,14,372,209,163
BASTROP COUNTY,021,62 Years,1501,764,737,982,478,504,114,58,56,14,6,8,26,14,12,365,208,157
BASTROP COUNTY,021,63 Years,1517,771,746,1021,512,509,108,56,52,9,3,6,27,10,17,352,190,162
BASTROP COUNTY,021,64 Years,1499,732,767,1032,497,535,100,49,51,8,4,4,22,8,14,337,174,163
BASTROP COUNTY,021,65 Years,1472,743,729,1037,521,516,94,47,47,8,4,4,22,7,15,311,164,147
BASTROP COUNTY,021,66 Years,1430,715,715,1013,499,514,93,44,49,7,2,5,23,6,17,294,164,130
BASTROP COUNTY,021,67 Years,1356,678,678,984,479,505,84,43,41,6,2,4,22,8,14,260,146,114
BASTROP COUNTY,021,68 Years,1252,609,643,915,434,481,76,35,41,6,2,4,18,7,11,237,131,106
BASTROP COUNTY,021,69 Years,1196,568,628,893,410,483,78,40,38,4,2,2,19,9,10,202,107,95
BASTROP COUNTY,021,70 Years,1172,570,602,889,435,454,69,31,38,7,4,3,20,10,10,187,90,97
BASTROP COUNTY,021,71 Years,1120,543,577,850,417,433,70,29,41,4,2,2,20,11,9,176,84,92
BASTROP COUNTY,021,72 Years,1055,529,526,802,399,403,73,38,35,3,2,1,21,13,8,156,77,79
BASTROP COUNTY,021,73 Years,972,471,501,759,362,397,60,30,30,4,1,3,19,9,10,130,69,61
BASTROP COUNTY,021,74 Years,986,461,525,777,366,411,66,26,40,6,2,4,14,6,8,123,61,62
BASTROP COUNTY,021,75 Years,969,461,508,764,373,391,61,23,38,6,2,4,16,6,10,122,57,65
BASTROP COUNTY,021,76 Years,802,396,406,625,314,311,47,19,28,4,1,3,12,4,8,114,58,56
BASTROP COUNTY,021,77 Years,677,332,345,521,258,263,41,18,23,2,0,2,12,4,8,101,52,49
BASTROP COUNTY,021,78 Years,605,293,312,473,224,249,36,17,19,2,0,2,12,7,5,82,45,37
BASTROP COUNTY,021,79 Years,566,259,307,459,212,247,27,11,16,3,0,3,9,5,4,68,31,37
BASTROP COUNTY,021,80 Years,510,233,277,399,186,213,35,11,24,2,0,2,5,1,4,69,35,34
BASTROP COUNTY,021,81 Years,439,202,237,341,158,183,30,12,18,1,0,1,6,3,3,61,29,32
BASTROP COUNTY,021,82 Years,404,185,219,311,142,169,27,14,13,1,1,0,8,5,3,57,23,34
BASTROP COUNTY,021,83 Years,352,156,196,266,114,152,28,16,12,1,1,0,6,3,3,51,22,29
BASTROP COUNTY,021,84 Years,318,139,179,247,105,142,21,12,9,1,0,1,6,2,4,43,20,23
BASTROP COUNTY,021,85 Years,270,117,153,213,92,121,20,7,13,2,1,1,4,2,2,31,15,16
BASTROP COUNTY,021,86 Years,236,94,142,186,75,111,18,4,14,3,2,1,6,3,3,23,10,13
BASTROP COUNTY,021,87 Years,219,82,137,169,63,106,20,6,14,1,1,0,4,2,2,25,10,15
BASTROP COUNTY,021,88 Years,181,65,116,139,51,88,13,4,9,1,0,1,2,1,1,26,9,17
BASTROP COUNTY,021,89 Years,149,56,93,119,47,72,11,3,8,0,0,0,2,0,2,17,6,11
BASTROP COUNTY,021,90 Years,131,47,84,102,38,64,10,3,7,2,0,2,2,1,1,15,5,10
BASTROP COUNTY,021,91 Years,113,42,71,83,31,52,8,3,5,1,0,1,3,2,1,18,6,12
BASTROP COUNTY,021,92 Years,97,36,61,71,25,46,7,3,4,0,0,0,2,1,1,17,7,10
BASTROP COUNTY,021,93 Years,80,28,52,58,20,38,6,2,4,0,0,0,2,1,1,14,5,9
BASTROP COUNTY,021,94 Years,64,21,43,48,15,33,5,2,3,0,0,0,2,1,1,9,3,6
BASTROP COUNTY,021,95 Years +,169,43,126,116,26,90,21,6,15,0,0,0,4,0,4,28,11,17
BAYLOR COUNTY,023,All Ages,3528,1742,1786,2886,1426,1460,52,24,28,0,0,0,100,52,48,490,240,250
BAYLOR COUNTY,023,< 1 Year,38,20,18,26,14,12,1,0,1,0,0,0,3,2,1,8,4,4
BAYLOR COUNTY,023,1 Years,38,21,17,25,13,12,1,1,0,0,0,0,2,1,1,10,6,4
BAYLOR COUNTY,023,2 Years,39,19,20,26,13,13,1,0,1,0,0,0,2,1,1,10,5,5
BAYLOR COUNTY,023,3 Years,41,19,22,28,14,14,0,0,0,0,0,0,3,2,1,10,3,7
BAYLOR COUNTY,023,4 Years,41,20,21,28,14,14,0,0,0,0,0,0,4,2,2,9,4,5
BAYLOR COUNTY,023,5 Years,45,21,24,31,15,16,0,0,0,0,0,0,1,0,1,13,6,7
BAYLOR COUNTY,023,6 Years,39,20,19,28,14,14,0,0,0,0,0,0,2,1,1,9,5,4
BAYLOR COUNTY,023,7 Years,45,24,21,31,16,15,0,0,0,0,0,0,4,2,2,10,6,4
BAYLOR COUNTY,023,8 Years,46,25,21,32,18,14,0,0,0,0,0,0,6,2,4,8,5,3
BAYLOR COUNTY,023,9 Years,51,27,24,36,21,15,1,0,1,0,0,0,5,2,3,9,4,5
BAYLOR COUNTY,023,10 Years,45,25,20,33,20,13,1,0,1,0,0,0,5,2,3,6,3,3
BAYLOR COUNTY,023,11 Years,50,27,23,37,20,17,2,1,1,0,0,0,2,1,1,9,5,4
BAYLOR COUNTY,023,12 Years,53,29,24,39,22,17,1,0,1,0,0,0,1,0,1,12,7,5
BAYLOR COUNTY,023,13 Years,48,22,26,33,16,17,2,0,2,0,0,0,4,3,1,9,3,6
BAYLOR COUNTY,023,14 Years,38,20,18,26,13,13,1,0,1,0,0,0,3,3,0,8,4,4
BAYLOR COUNTY,023,15 Years,50,27,23,35,17,18,0,0,0,0,0,0,5,4,1,10,6,4
BAYLOR COUNTY,023,16 Years,54,31,23,40,25,15,0,0,0,0,0,0,2,1,1,12,5,7
BAYLOR COUNTY,023,17 Years,50,26,24,40,22,18,0,0,0,0,0,0,1,0,1,9,4,5
BAYLOR COUNTY,023,18 Years,38,18,20,32,16,16,0,0,0,0,0,0,1,0,1,5,2,3
BAYLOR COUNTY,023,19 Years,34,18,16,27,14,13,1,1,0,0,0,0,1,0,1,5,3,2
BAYLOR COUNTY,023,20 Years,36,22,14,28,16,12,0,0,0,0,0,0,1,1,0,7,5,2
BAYLOR COUNTY,023,21 Years,40,25,15,31,20,11,1,0,1,0,0,0,1,1,0,7,4,3
BAYLOR COUNTY,023,22 Years,39,24,15,30,19,11,1,0,1,0,0,0,1,1,0,7,4,3
BAYLOR COUNTY,023,23 Years,37,21,16,30,18,12,1,0,1,0,0,0,0,0,0,6,3,3
BAYLOR COUNTY,023,24 Years,36,19,17,28,17,11,1,0,1,0,0,0,2,0,2,5,2,3
BAYLOR COUNTY,023,25 Years,37,23,14,22,13,9,3,2,1,0,0,0,5,5,0,7,3,4
BAYLOR COUNTY,023,26 Years,32,19,13,24,14,10,0,0,0,0,0,0,2,2,0,6,3,3
BAYLOR COUNTY,023,27 Years,32,19,13,28,17,11,0,0,0,0,0,0,0,0,0,4,2,2
BAYLOR COUNTY,023,28 Years,30,17,13,26,15,11,0,0,0,0,0,0,0,0,0,4,2,2
BAYLOR COUNTY,023,29 Years,35,21,14,28,16,12,0,0,0,0,0,0,1,1,0,6,4,2
BAYLOR COUNTY,023,30 Years,38,17,21,30,13,17,0,0,0,0,0,0,1,1,0,7,3,4
BAYLOR COUNTY,023,31 Years,41,19,22,32,13,19,1,1,0,0,0,0,1,1,0,7,4,3
BAYLOR COUNTY,023,32 Years,39,19,20,31,13,18,1,1,0,0,0,0,1,1,0,6,4,2
BAYLOR COUNTY,023,33 Years,45,22,23,37,16,21,0,0,0,0,0,0,1,1,0,7,5,2
BAYLOR COUNTY,023,34 Years,40,16,24,35,13,22,1,1,0,0,0,0,0,0,0,4,2,2
BAYLOR COUNTY,023,35 Years,31,12,19,26,10,16,1,1,0,0,0,0,0,0,0,4,1,3
BAYLOR COUNTY,023,36 Years,32,14,18,27,12,15,1,1,0,0,0,0,0,0,0,4,1,3
BAYLOR COUNTY,023,37 Years,44,21,23,38,18,20,1,1,0,0,0,0,0,0,0,5,2,3
BAYLOR COUNTY,023,38 Years,43,21,22,36,17,19,0,0,0,0,0,0,0,0,0,7,4,3
BAYLOR COUNTY,023,39 Years,32,16,16,27,13,14,0,0,0,0,0,0,0,0,0,5,3,2
BAYLOR COUNTY,023,40 Years,34,15,19,30,12,18,0,0,0,0,0,0,0,0,0,4,3,1
BAYLOR COUNTY,023,41 Years,37,19,18,33,17,16,0,0,0,0,0,0,0,0,0,4,2,2
BAYLOR COUNTY,023,42 Years,41,23,18,30,17,13,0,0,0,0,0,0,1,0,1,10,6,4
BAYLOR COUNTY,023,43 Years,44,26,18,29,17,12,0,0,0,0,0,0,0,0,0,15,9,6
BAYLOR COUNTY,023,44 Years,42,23,19,35,20,15,0,0,0,0,0,0,0,0,0,7,3,4
BAYLOR COUNTY,023,45 Years,41,19,22,37,16,21,0,0,0,0,0,0,0,0,0,4,3,1
BAYLOR COUNTY,023,46 Years,41,22,19,33,16,17,0,0,0,0,0,0,0,0,0,8,6,2
BAYLOR COUNTY,023,47 Years,38,19,19,31,15,16,0,0,0,0,0,0,0,0,0,7,4,3
BAYLOR COUNTY,023,48 Years,26,11,15,23,10,13,0,0,0,0,0,0,0,0,0,3,1,2
BAYLOR COUNTY,023,49 Years,31,13,18,25,11,14,1,1,0,0,0,0,0,0,0,5,1,4
BAYLOR COUNTY,023,50 Years,32,14,18,27,12,15,1,1,0,0,0,0,0,0,0,4,1,3
BAYLOR COUNTY,023,51 Years,39,16,23,34,14,20,1,1,0,0,0,0,0,0,0,4,1,3
BAYLOR COUNTY,023,52 Years,39,17,22,33,15,18,0,0,0,0,0,0,0,0,0,6,2,4
BAYLOR COUNTY,023,53 Years,45,25,20,41,23,18,0,0,0,0,0,0,0,0,0,4,2,2
BAYLOR COUNTY,023,54 Years,42,23,19,38,22,16,1,0,1,0,0,0,0,0,0,3,1,2
BAYLOR COUNTY,023,55 Years,35,15,20,30,13,17,1,0,1,0,0,0,0,0,0,4,2,2
BAYLOR COUNTY,023,56 Years,37,15,22,32,13,19,1,0,1,0,0,0,0,0,0,4,2,2
BAYLOR COUNTY,023,57 Years,43,19,24,37,18,19,2,0,2,0,0,0,0,0,0,4,1,3
BAYLOR COUNTY,023,58 Years,51,26,25,43,23,20,2,1,1,0,0,0,0,0,0,6,2,4
BAYLOR COUNTY,023,59 Years,48,24,24,40,20,20,2,1,1,0,0,0,0,0,0,6,3,3
BAYLOR COUNTY,023,60 Years,45,25,20,40,22,18,2,2,0,0,0,0,0,0,0,3,1,2
BAYLOR COUNTY,023,61 Years,46,24,22,39,20,19,1,1,0,0,0,0,0,0,0,6,3,3
BAYLOR COUNTY,023,62 Years,50,27,23,44,24,20,1,1,0,0,0,0,0,0,0,5,2,3
BAYLOR COUNTY,023,63 Years,44,23,21,38,21,17,1,0,1,0,0,0,1,1,0,4,1,3
BAYLOR COUNTY,023,64 Years,48,22,26,41,20,21,1,0,1,0,0,0,2,0,2,4,2,2
BAYLOR COUNTY,023,65 Years,49,21,28,42,19,23,0,0,0,0,0,0,2,0,2,5,2,3
BAYLOR COUNTY,023,66 Years,50,23,27,44,21,23,0,0,0,0,0,0,0,0,0,6,2,4
BAYLOR COUNTY,023,67 Years,46,26,20,39,22,17,0,0,0,0,0,0,1,1,0,6,3,3
BAYLOR COUNTY,023,68 Years,54,28,26,47,26,21,1,1,0,0,0,0,1,0,1,5,1,4
BAYLOR COUNTY,023,69 Years,48,26,22,43,23,20,1,1,0,0,0,0,1,1,0,3,1,2
BAYLOR COUNTY,023,70 Years,50,25,25,43,21,22,0,0,0,0,0,0,3,3,0,4,1,3
BAYLOR COUNTY,023,71 Years,46,22,24,41,19,22,1,1,0,0,0,0,1,0,1,3,2,1
BAYLOR COUNTY,023,72 Years,43,20,23,38,17,21,1,1,0,0,0,0,1,0,1,3,2,1
BAYLOR COUNTY,023,73 Years,41,17,24,37,16,21,0,0,0,0,0,0,1,0,1,3,1,2
BAYLOR COUNTY,023,74 Years,38,15,23,35,14,21,0,0,0,0,0,0,2,0,2,1,1,0
BAYLOR COUNTY,023,75 Years,34,13,21,33,13,20,0,0,0,0,0,0,1,0,1,0,0,0
BAYLOR COUNTY,023,76 Years,34,15,19,32,13,19,0,0,0,0,0,0,1,1,0,1,1,0
BAYLOR COUNTY,023,77 Years,36,15,21,33,13,20,0,0,0,0,0,0,1,1,0,2,1,1
BAYLOR COUNTY,023,78 Years,27,10,17,22,9,13,2,0,2,0,0,0,1,0,1,2,1,1
BAYLOR COUNTY,023,79 Years,34,15,19,29,13,16,2,0,2,0,0,0,0,0,0,3,2,1
BAYLOR COUNTY,023,80 Years,34,17,17,30,16,14,1,0,1,0,0,0,0,0,0,3,1,2
BAYLOR COUNTY,023,81 Years,26,13,13,24,13,11,0,0,0,0,0,0,1,0,1,1,0,1
BAYLOR COUNTY,023,82 Years,21,8,13,20,8,12,0,0,0,0,0,0,0,0,0,1,0,1
BAYLOR COUNTY,023,83 Years,22,8,14,19,7,12,0,0,0,0,0,0,0,0,0,3,1,2
BAYLOR COUNTY,023,84 Years,18,9,9,15,8,7,0,0,0,0,0,0,0,0,0,3,1,2
BAYLOR COUNTY,023,85 Years,18,10,8,16,9,7,0,0,0,0,0,0,0,0,0,2,1,1
BAYLOR COUNTY,023,86 Years,14,7,7,14,7,7,0,0,0,0,0,0,0,0,0,0,0,0
BAYLOR COUNTY,023,87 Years,16,5,11,16,5,11,0,0,0,0,0,0,0,0,0,0,0,0
BAYLOR COUNTY,023,88 Years,19,6,13,19,6,13,0,0,0,0,0,0,0,0,0,0,0,0
BAYLOR COUNTY,023,89 Years,14,4,10,13,4,9,0,0,0,0,0,0,1,0,1,0,0,0
BAYLOR COUNTY,023,90 Years,15,3,12,14,3,11,0,0,0,0,0,0,1,0,1,0,0,0
BAYLOR COUNTY,023,91 Years,10,1,9,9,1,8,0,0,0,0,0,0,1,0,1,0,0,0
BAYLOR COUNTY,023,92 Years,6,3,3,6,3,3,0,0,0,0,0,0,0,0,0,0,0,0
BAYLOR COUNTY,023,93 Years,5,1,4,4,1,3,0,0,0,0,0,0,1,0,1,0,0,0
BAYLOR COUNTY,023,94 Years,4,1,3,4,1,3,0,0,0,0,0,0,0,0,0,0,0,0
BAYLOR COUNTY,023,95 Years +,15,4,11,15,4,11,0,0,0,0,0,0,0,0,0,0,0,0
BEE COUNTY,025,All Ages,31045,18907,12138,9133,5821,3312,2566,2362,204,155,76,79,347,178,169,18844,10470,8374
BEE COUNTY,025,< 1 Year,329,170,159,59,31,28,7,3,4,2,0,2,7,3,4,254,133,121
BEE COUNTY,025,1 Years,337,172,165,60,31,29,6,3,3,3,2,1,6,3,3,262,133,129
BEE COUNTY,025,2 Years,339,173,166,62,32,30,6,3,3,2,1,1,6,3,3,263,134,129
BEE COUNTY,025,3 Years,319,163,156,59,32,27,6,4,2,2,1,1,6,4,2,246,122,124
BEE COUNTY,025,4 Years,316,155,161,57,30,27,8,5,3,1,0,1,4,2,2,246,118,128
BEE COUNTY,025,5 Years,333,165,168,62,31,31,8,4,4,2,1,1,3,1,2,258,128,130
BEE COUNTY,025,6 Years,366,185,181,69,35,34,9,4,5,1,1,0,3,2,1,284,143,141
BEE COUNTY,025,7 Years,394,202,192,70,39,31,8,3,5,1,0,1,2,1,1,313,159,154
BEE COUNTY,025,8 Years,400,211,189,70,41,29,5,3,2,1,0,1,6,2,4,318,165,153
BEE COUNTY,025,9 Years,385,207,178,70,39,31,5,3,2,2,0,2,6,2,4,302,163,139
BEE COUNTY,025,10 Years,373,200,173,71,38,33,5,3,2,2,0,2,5,1,4,290,158,132
BEE COUNTY,025,11 Years,354,185,169,66,33,33,4,2,2,2,1,1,6,2,4,276,147,129
BEE COUNTY,025,12 Years,346,167,179,67,28,39,7,5,2,1,1,0,8,2,6,263,131,132
BEE COUNTY,025,13 Years,351,170,181,68,30,38,11,8,3,1,1,0,7,3,4,264,128,136
BEE COUNTY,025,14 Years,356,179,177,68,34,34,13,10,3,2,2,0,7,3,4,266,130,136
BEE COUNTY,025,15 Years,386,193,193,81,42,39,8,6,2,0,0,0,6,2,4,291,143,148
BEE COUNTY,025,16 Years,387,205,182,80,42,38,6,4,2,0,0,0,6,2,4,295,157,138
BEE COUNTY,025,17 Years,367,189,178,77,43,34,5,3,2,1,1,0,5,3,2,279,139,140
BEE COUNTY,025,18 Years,433,246,187,108,70,38,20,14,6,1,1,0,6,5,1,298,156,142
BEE COUNTY,025,19 Years,485,292,193,123,84,39,52,46,6,2,2,0,6,5,1,302,155,147
BEE COUNTY,025,20 Years,530,358,172,137,103,34,56,52,4,2,1,1,8,7,1,327,195,132
BEE COUNTY,025,21 Years,567,388,179,138,106,32,79,76,3,1,0,1,5,5,0,344,201,143
BEE COUNTY,025,22 Years,542,363,179,122,88,34,74,70,4,6,4,2,7,6,1,333,195,138
BEE COUNTY,025,23 Years,543,395,148,124,98,26,85,83,2,5,4,1,8,5,3,321,205,116
BEE COUNTY,025,24 Years,514,373,141,135,113,22,67,64,3,2,2,0,4,1,3,306,193,113
BEE COUNTY,025,25 Years,501,363,138,109,88,21,77,74,3,2,2,0,4,1,3,309,198,111
BEE COUNTY,025,26 Years,537,397,140,125,98,27,77,76,1,1,1,0,3,1,2,331,221,110
BEE COUNTY,025,27 Years,544,393,151,131,100,31,76,73,3,4,2,2,1,0,1,332,218,114
BEE COUNTY,025,28 Years,512,380,132,134,110,24,71,69,2,3,2,1,2,0,2,302,199,103
BEE COUNTY,025,29 Years,545,409,136,165,138,27,67,66,1,3,2,1,9,5,4,301,198,103
BEE COUNTY,025,30 Years,511,360,151,145,112,33,54,52,2,3,2,1,6,2,4,303,192,111
BEE COUNTY,025,31 Years,599,445,154,182,141,41,80,77,3,4,3,1,5,3,2,328,221,107
BEE COUNTY,025,32 Years,542,391,151,163,126,37,67,64,3,4,3,1,2,2,0,306,196,110
BEE COUNTY,025,33 Years,531,370,161,154,109,45,74,69,5,3,2,1,2,2,0,298,188,110
BEE COUNTY,025,34 Years,510,363,147,140,101,39,70,68,2,1,0,1,6,5,1,293,189,104
BEE COUNTY,025,35 Years,485,340,145,138,103,35,58,56,2,2,1,1,5,3,2,282,177,105
BEE COUNTY,025,36 Years,483,338,145,139,100,39,57,55,2,1,0,1,3,2,1,283,181,102
BEE COUNTY,025,37 Years,475,326,149,137,98,39,54,51,3,2,1,1,5,4,1,277,172,105
BEE COUNTY,025,38 Years,518,359,159,148,110,38,55,54,1,3,0,3,7,5,2,305,190,115
BEE COUNTY,025,39 Years,548,392,156,162,125,37,66,63,3,3,2,1,2,1,1,315,201,114
BEE COUNTY,025,40 Years,474,330,144,140,103,37,49,46,3,2,1,1,5,3,2,278,177,101
BEE COUNTY,025,41 Years,471,330,141,141,104,37,50,49,1,1,1,0,4,2,2,275,174,101
BEE COUNTY,025,42 Years,443,303,140,141,100,41,51,50,1,0,0,0,5,3,2,246,150,96
BEE COUNTY,025,43 Years,442,316,126,142,109,33,59,56,3,1,1,0,4,3,1,236,147,89
BEE COUNTY,025,44 Years,443,315,128,141,107,34,59,56,3,3,2,1,4,1,3,236,149,87
BEE COUNTY,025,45 Years,418,279,139,124,87,37,67,65,2,1,0,1,6,2,4,220,125,95
BEE COUNTY,025,46 Years,427,291,136,130,93,37,61,59,2,1,1,0,4,2,2,231,136,95
BEE COUNTY,025,47 Years,407,276,131,145,105,40,50,50,0,4,3,1,2,2,0,206,116,90
BEE COUNTY,025,48 Years,382,256,126,126,91,35,48,47,1,1,0,1,5,5,0,202,113,89
BEE COUNTY,025,49 Years,400,276,124,137,105,32,51,49,2,2,0,2,2,1,1,208,121,87
BEE COUNTY,025,50 Years,348,219,129,108,73,35,51,49,2,1,0,1,3,1,2,185,96,89
BEE COUNTY,025,51 Years,350,221,129,115,77,38,36,34,2,0,0,0,6,3,3,193,107,86
BEE COUNTY,025,52 Years,383,249,134,121,88,33,56,53,3,1,0,1,6,1,5,199,107,92
BEE COUNTY,025,53 Years,347,227,120,117,80,37,31,30,1,3,1,2,5,3,2,191,113,78
BEE COUNTY,025,54 Years,307,189,118,107,68,39,19,18,1,3,2,1,1,0,1,177,101,76
BEE COUNTY,025,55 Years,288,150,138,100,56,44,17,16,1,3,1,2,3,2,1,165,75,90
BEE COUNTY,025,56 Years,284,157,127,101,57,44,19,18,1,2,1,1,1,0,1,161,81,80
BEE COUNTY,025,57 Years,308,183,125,92,58,34,33,32,1,3,1,2,3,1,2,177,91,86
BEE COUNTY,025,58 Years,316,174,142,92,50,42,28,26,2,2,1,1,3,0,3,191,97,94
BEE COUNTY,025,59 Years,313,168,145,110,60,50,20,17,3,1,1,0,3,2,1,179,88,91
BEE COUNTY,025,60 Years,287,142,145,97,48,49,19,16,3,1,1,0,4,1,3,166,76,90
BEE COUNTY,025,61 Years,284,143,141,102,47,55,13,11,2,4,2,2,4,2,2,161,81,80
BEE COUNTY,025,62 Years,288,150,138,113,57,56,14,11,3,2,1,1,5,3,2,154,78,76
BEE COUNTY,025,63 Years,271,137,134,102,57,45,11,6,5,2,0,2,2,1,1,154,73,81
BEE COUNTY,025,64 Years,282,143,139,113,66,47,11,7,4,1,0,1,2,0,2,155,70,85
BEE COUNTY,025,65 Years,257,132,125,110,60,50,7,4,3,1,0,1,4,1,3,135,67,68
BEE COUNTY,025,66 Years,256,123,133,107,52,55,6,2,4,1,0,1,3,1,2,139,68,71
BEE COUNTY,025,67 Years,262,125,137,104,51,53,8,3,5,1,0,1,5,3,2,144,68,76
BEE COUNTY,025,68 Years,250,129,121,106,58,48,6,3,3,1,0,1,3,3,0,134,65,69
BEE COUNTY,025,69 Years,254,138,116,109,61,48,8,5,3,0,0,0,3,2,1,134,70,64
BEE COUNTY,025,70 Years,242,121,121,98,49,49,8,5,3,1,0,1,2,1,1,133,66,67
BEE COUNTY,025,71 Years,232,109,123,96,47,49,4,3,1,3,2,1,1,1,0,128,56,72
BEE COUNTY,025,72 Years,213,98,115,95,46,49,1,1,0,2,0,2,1,1,0,114,50,64
BEE COUNTY,025,73 Years,200,94,106,87,43,44,3,2,1,2,0,2,1,1,0,107,48,59
BEE COUNTY,025,74 Years,214,107,107,99,53,46,4,2,2,0,0,0,3,1,2,108,51,57
BEE COUNTY,025,75 Years,198,95,103,94,47,47,3,2,1,1,1,0,3,0,3,97,45,52
BEE COUNTY,025,76 Years,163,80,83,75,38,37,1,0,1,2,1,1,2,1,1,83,40,43
BEE COUNTY,025,77 Years,151,74,77,71,34,37,3,2,1,1,0,1,2,1,1,74,37,37
BEE COUNTY,025,78 Years,147,65,82,71,33,38,3,2,1,2,0,2,2,1,1,69,29,40
BEE COUNTY,025,79 Years,142,57,85,73,32,41,2,1,1,1,0,1,1,0,1,65,24,41
BEE COUNTY,025,80 Years,117,47,70,61,27,34,2,1,1,0,0,0,1,0,1,53,19,34
BEE COUNTY,025,81 Years,108,48,60,53,26,27,3,1,2,2,0,2,2,2,0,48,19,29
BEE COUNTY,025,82 Years,106,45,61,51,23,28,3,2,1,0,0,0,2,1,1,50,19,31
BEE COUNTY,025,83 Years,100,43,57,54,24,30,2,2,0,0,0,0,1,0,1,43,17,26
BEE COUNTY,025,84 Years,88,37,51,44,20,24,0,0,0,1,0,1,1,0,1,42,17,25
BEE COUNTY,025,85 Years,75,33,42,36,17,19,2,0,2,2,2,0,1,1,0,34,13,21
BEE COUNTY,025,86 Years,70,26,44,31,12,19,1,0,1,1,0,1,1,1,0,36,13,23
BEE COUNTY,025,87 Years,64,23,41,31,12,19,0,0,0,1,0,1,0,0,0,32,11,21
BEE COUNTY,025,88 Years,49,20,29,25,11,14,0,0,0,0,0,0,1,0,1,23,9,14
BEE COUNTY,025,89 Years,43,16,27,21,8,13,0,0,0,0,0,0,0,0,0,22,8,14
BEE COUNTY,025,90 Years,37,13,24,19,7,12,0,0,0,0,0,0,0,0,0,18,6,12
BEE COUNTY,025,91 Years,32,11,21,17,7,10,0,0,0,0,0,0,0,0,0,15,4,11
BEE COUNTY,025,92 Years,29,12,17,17,8,9,0,0,0,0,0,0,1,0,1,11,4,7
BEE COUNTY,025,93 Years,25,8,17,14,5,9,0,0,0,0,0,0,1,0,1,10,3,7
BEE COUNTY,025,94 Years,17,5,12,9,3,6,0,0,0,0,0,0,1,0,1,7,2,5
BEE COUNTY,025,95 Years +,48,17,31,23,9,14,0,0,0,0,0,0,1,0,1,24,8,16
BELL COUNTY,027,All Ages,388063,193484,194579,167184,84070,83114,83854,41740,42114,12358,5210,7148,20279,10015,10264,104388,52449,51939
BELL COUNTY,027,< 1 Year,5616,2863,2753,1787,917,870,1259,635,624,135,66,69,506,250,256,1929,995,934
BELL COUNTY,027,1 Years,5254,2676,2578,1665,849,816,1220,621,599,104,53,51,365,185,180,1900,968,932
BELL COUNTY,027,2 Years,5202,2649,2553,1665,848,817,1198,610,588,104,52,52,357,182,175,1878,957,921
BELL COUNTY,027,3 Years,5918,3015,2903,1905,965,940,1316,661,655,107,51,56,524,261,263,2066,1077,989
BELL COUNTY,027,4 Years,6151,3126,3025,1988,1005,983,1342,679,663,115,55,60,577,293,284,2129,1094,1035
BELL COUNTY,027,5 Years,6117,3094,3023,1991,1009,982,1303,654,649,120,58,62,564,285,279,2139,1088,1051
BELL COUNTY,027,6 Years,6230,3147,3083,2108,1073,1035,1297,648,649,138,67,71,605,310,295,2082,1049,1033
BELL COUNTY,027,7 Years,6286,3179,3107,2220,1128,1092,1295,642,653,153,74,79,639,329,310,1979,1006,973
BELL COUNTY,027,8 Years,6114,3074,3040,2081,1053,1028,1276,627,649,145,74,71,585,303,282,2027,1017,1010
BELL COUNTY,027,9 Years,5979,2990,2989,2022,1012,1010,1247,615,632,139,72,67,546,276,270,2025,1015,1010
BELL COUNTY,027,10 Years,5937,2982,2955,2025,1008,1017,1228,616,612,138,70,68,536,269,267,2010,1019,991
BELL COUNTY,027,11 Years,5962,2998,2964,2047,1023,1024,1241,616,625,140,72,68,523,265,258,2011,1022,989
BELL COUNTY,027,12 Years,5416,2767,2649,1834,969,865,1148,584,564,122,60,62,464,241,223,1848,913,935
BELL COUNTY,027,13 Years,5314,2735,2579,1828,975,853,1135,578,557,117,59,58,458,227,231,1776,896,880
BELL COUNTY,027,14 Years,5385,2764,2621,1900,984,916,1173,601,572,111,56,55,444,221,223,1757,902,855
BELL COUNTY,027,15 Years,5344,2732,2612,1826,956,870,1203,621,582,110,48,62,406,205,201,1799,902,897
BELL COUNTY,027,16 Years,5252,2692,2560,1763,908,855,1233,636,597,107,52,55,368,186,182,1781,910,871
BELL COUNTY,027,17 Years,5148,2640,2508,1741,908,833,1216,612,604,112,67,45,367,186,181,1712,867,845
BELL COUNTY,027,18 Years,5166,2656,2510,1878,993,885,1139,555,584,109,55,54,399,201,198,1641,852,789
BELL COUNTY,027,19 Years,5109,2639,2470,1883,996,887,1133,558,575,123,59,64,366,191,175,1604,835,769
BELL COUNTY,027,20 Years,5425,2819,2606,2023,1069,954,1228,619,609,159,72,87,345,177,168,1670,882,788
BELL COUNTY,027,21 Years,5758,3031,2727,2226,1213,1013,1292,664,628,166,89,77,337,171,166,1737,894,843
BELL COUNTY,027,22 Years,6057,3245,2812,2361,1327,1034,1359,709,650,166,98,68,343,181,162,1828,930,898
BELL COUNTY,027,23 Years,6779,3788,2991,2661,1552,1109,1472,781,691,195,109,86,406,218,188,2045,1128,917
BELL COUNTY,027,24 Years,7320,4148,3172,2965,1779,1186,1579,890,689,230,136,94,422,213,209,2124,1130,994
BELL COUNTY,027,25 Years,7428,4192,3236,3110,1880,1230,1607,896,711,274,137,137,439,245,194,1998,1034,964
BELL COUNTY,027,26 Years,7539,4268,3271,3116,1885,1231,1663,895,768,318,159,159,442,251,191,2000,1078,922
BELL COUNTY,027,27 Years,7738,4262,3476,3183,1875,1308,1793,910,883,314,144,170,424,235,189,2024,1098,926
BELL COUNTY,027,28 Years,7309,3962,3347,2969,1669,1300,1878,992,886,190,102,88,351,180,171,1921,1019,902
BELL COUNTY,027,29 Years,6742,3662,3080,2648,1471,1177,1814,979,835,186,119,67,316,158,158,1778,935,843
BELL COUNTY,027,30 Years,6515,3486,3029,2628,1434,1194,1734,935,799,189,117,72,314,153,161,1650,847,803
BELL COUNTY,027,31 Years,6521,3342,3179,2723,1405,1318,1617,817,800,198,126,72,317,153,164,1666,841,825
BELL COUNTY,027,32 Years,6310,3217,3093,2648,1363,1285,1492,739,753,191,115,76,313,145,168,1666,855,811
BELL COUNTY,027,33 Years,5924,2965,2959,2610,1301,1309,1349,666,683,193,103,90,252,108,144,1520,787,733
BELL COUNTY,027,34 Years,5633,2759,2874,2427,1173,1254,1272,622,650,214,99,115,233,99,134,1487,766,721
BELL COUNTY,027,35 Years,5344,2641,2703,2234,1104,1130,1212,601,611,201,97,104,222,93,129,1475,746,729
BELL COUNTY,027,36 Years,5131,2530,2601,2048,1025,1023,1209,595,614,178,75,103,234,105,129,1462,730,732
BELL COUNTY,027,37 Years,5036,2482,2554,1946,963,983,1167,573,594,154,78,76,240,115,125,1529,753,776
BELL COUNTY,027,38 Years,5011,2454,2557,2012,997,1015,1121,538,583,147,85,62,229,116,113,1502,718,784
BELL COUNTY,027,39 Years,5048,2441,2607,2074,1014,1060,1106,526,580,157,78,79,224,110,114,1487,713,774
BELL COUNTY,027,40 Years,5033,2427,2606,2040,1013,1027,1121,535,586,188,73,115,220,102,118,1464,704,760
BELL COUNTY,027,41 Years,5028,2421,2607,2061,1024,1037,1125,533,592,198,69,129,211,100,111,1433,695,738
BELL COUNTY,027,42 Years,5060,2470,2590,2094,1031,1063,1155,566,589,196,69,127,197,85,112,1418,719,699
BELL COUNTY,027,43 Years,4853,2406,2447,1949,973,976,1156,582,574,151,60,91,190,81,109,1407,710,697
BELL COUNTY,027,44 Years,4627,2257,2370,1868,930,938,1076,530,546,141,56,85,203,93,110,1339,648,691
BELL COUNTY,027,45 Years,4432,2186,2246,1846,928,918,991,486,505,146,54,92,179,85,94,1270,633,637
BELL COUNTY,027,46 Years,4241,2094,2147,1813,915,898,915,437,478,154,63,91,156,78,78,1203,601,602
BELL COUNTY,027,47 Years,4207,2053,2154,1815,904,911,913,435,478,148,57,91,151,68,83,1180,589,591
BELL COUNTY,027,48 Years,4055,1961,2094,1737,857,880,929,454,475,152,59,93,161,72,89,1076,519,557
BELL COUNTY,027,49 Years,4029,1927,2102,1747,841,906,931,462,469,173,64,109,162,69,93,1016,491,525
BELL COUNTY,027,50 Years,4095,1995,2100,1832,907,925,948,476,472,154,57,97,148,61,87,1013,494,519
BELL COUNTY,027,51 Years,4076,1949,2127,1861,922,939,958,456,502,147,59,88,130,51,79,980,461,519
BELL COUNTY,027,52 Years,3992,1876,2116,1841,881,960,942,449,493,150,58,92,124,53,71,935,435,500
BELL COUNTY,027,53 Years,3766,1778,1988,1787,837,950,897,436,461,134,49,85,113,52,61,835,404,431
BELL COUNTY,027,54 Years,3632,1717,1915,1710,813,897,851,412,439,129,42,87,111,47,64,831,403,428
BELL COUNTY,027,55 Years,3524,1710,1814,1700,843,857,831,399,432,118,37,81,102,41,61,773,390,383
BELL COUNTY,027,56 Years,3549,1738,1811,1738,861,877,847,418,429,129,43,86,93,44,49,742,372,370
BELL COUNTY,027,57 Years,3744,1814,1930,1845,919,926,885,423,462,155,53,102,94,44,50,765,375,390
BELL COUNTY,027,58 Years,3935,1843,2092,2017,979,1038,861,399,462,145,45,100,102,43,59,810,377,433
BELL COUNTY,027,59 Years,3905,1818,2087,2041,962,1079,846,399,447,122,39,83,91,42,49,805,376,429
BELL COUNTY,027,60 Years,3804,1764,2040,1979,926,1053,864,394,470,130,44,86,91,43,48,740,357,383
BELL COUNTY,027,61 Years,3689,1666,2023,1943,884,1059,848,375,473,119,41,78,91,44,47,688,322,366
BELL COUNTY,027,62 Years,3763,1756,2007,2014,954,1060,822,382,440,133,43,90,85,45,40,709,332,377
BELL COUNTY,027,63 Years,3623,1675,1948,1945,904,1041,795,384,411,148,49,99,71,34,37,664,304,360
BELL COUNTY,027,64 Years,3545,1635,1910,1927,902,1025,732,367,365,157,39,118,86,34,52,643,293,350
BELL COUNTY,027,65 Years,3540,1629,1911,1944,895,1049,721,372,349,173,37,136,84,36,48,618,289,329
BELL COUNTY,027,66 Years,3384,1513,1871,1889,847,1042,691,335,356,158,32,126,70,32,38,576,267,309
BELL COUNTY,027,67 Years,3267,1483,1784,1854,847,1007,617,301,316,163,34,129,75,35,40,558,266,292
BELL COUNTY,027,68 Years,3062,1396,1666,1809,802,1007,525,270,255,161,47,114,67,34,33,500,243,257
BELL COUNTY,027,69 Years,2829,1307,1522,1705,783,922,472,237,235,160,48,112,59,25,34,433,214,219
BELL COUNTY,027,70 Years,2622,1189,1433,1593,752,841,427,190,237,139,38,101,54,21,33,409,188,221
BELL COUNTY,027,71 Years,2548,1154,1394,1556,734,822,404,180,224,133,33,100,48,21,27,407,186,221
BELL COUNTY,027,72 Years,2536,1136,1400,1593,742,851,386,167,219,132,30,102,58,21,37,367,176,191
BELL COUNTY,027,73 Years,2493,1134,1359,1638,775,863,342,150,192,116,26,90,58,23,35,339,160,179
BELL COUNTY,027,74 Years,2418,1085,1333,1639,753,886,306,143,163,106,22,84,54,26,28,313,141,172
BELL COUNTY,027,75 Years,2358,1067,1291,1650,769,881,269,128,141,96,19,77,43,21,22,300,130,170
BELL COUNTY,027,76 Years,1970,889,1081,1349,634,715,235,102,133,88,20,68,33,17,16,265,116,149
BELL COUNTY,027,77 Years,1719,766,953,1162,537,625,203,88,115,74,20,54,34,15,19,246,106,140
BELL COUNTY,027,78 Years,1576,712,864,1095,508,587,179,79,100,59,16,43,25,13,12,218,96,122
BELL COUNTY,027,79 Years,1464,661,803,1041,489,552,175,73,102,53,17,36,22,10,12,173,72,101
BELL COUNTY,027,80 Years,1368,605,763,970,443,527,159,70,89,48,15,33,19,8,11,172,69,103
BELL COUNTY,027,81 Years,1253,548,705,895,399,496,144,59,85,44,14,30,18,9,9,152,67,85
BELL COUNTY,027,82 Years,1118,483,635,805,358,447,123,46,77,39,13,26,16,8,8,135,58,77
BELL COUNTY,027,83 Years,946,412,534,683,298,385,102,44,58,34,9,25,9,5,4,118,56,62
BELL COUNTY,027,84 Years,861,358,503,639,273,366,86,33,53,30,7,23,7,3,4,99,42,57
BELL COUNTY,027,85 Years,784,314,470,585,244,341,76,25,51,25,6,19,9,4,5,89,35,54
BELL COUNTY,027,86 Years,689,272,417,507,206,301,66,24,42,21,5,16,9,5,4,86,32,54
BELL COUNTY,027,87 Years,598,234,364,436,176,260,62,23,39,19,4,15,9,3,6,72,28,44
BELL COUNTY,027,88 Years,552,223,329,407,166,241,53,20,33,14,3,11,7,3,4,71,31,40
BELL COUNTY,027,89 Years,497,192,305,366,145,221,49,17,32,15,2,13,6,3,3,61,25,36
BELL COUNTY,027,90 Years,416,157,259,308,121,187,41,13,28,15,2,13,5,2,3,47,19,28
BELL COUNTY,027,91 Years,338,129,209,254,99,155,35,12,23,11,2,9,4,2,2,34,14,20
BELL COUNTY,027,92 Years,291,104,187,220,81,139,27,10,17,13,1,12,3,1,2,28,11,17
BELL COUNTY,027,93 Years,243,82,161,185,61,124,19,7,12,9,1,8,3,2,1,27,11,16
BELL COUNTY,027,94 Years,181,63,118,139,46,93,13,5,8,6,2,4,2,2,0,21,8,13
BELL COUNTY,027,95 Years +,467,139,328,349,99,250,42,12,30,18,5,13,5,2,3,53,21,32
BEXAR COUNTY,029,All Ages,2087996,1031872,1056124,541750,272433,269317,153792,77831,75961,63923,30295,33628,49972,25083,24889,1278559,626230,652329
BEXAR COUNTY,029,< 1 Year,28611,14613,13998,5323,2710,2613,1985,1022,963,725,374,351,1419,732,687,19159,9775,9384
BEXAR COUNTY,029,1 Years,28598,14576,14022,5308,2706,2602,2019,1028,991,685,348,337,998,508,490,19588,9986,9602
BEXAR COUNTY,029,2 Years,28352,14452,13900,5313,2707,2606,1984,1011,973,658,336,322,977,498,479,19420,9900,9520
BEXAR COUNTY,029,3 Years,27488,13999,13489,4890,2503,2387,1820,928,892,511,273,238,1266,650,616,19001,9645,9356
BEXAR COUNTY,029,4 Years,27541,14027,13514,4953,2548,2405,1802,914,888,504,269,235,1273,657,616,19009,9639,9370
BEXAR COUNTY,029,5 Years,28361,14474,13887,5195,2680,2515,1857,953,904,534,282,252,1284,664,620,19491,9895,9596
BEXAR COUNTY,029,6 Years,29451,15000,14451,5658,2920,2738,1927,984,943,647,324,323,1211,622,589,20008,10150,9858
BEXAR COUNTY,029,7 Years,30360,15448,14912,6007,3092,2915,1979,1008,971,779,386,393,1209,620,589,20386,10342,10044
BEXAR COUNTY,029,8 Years,30371,15472,14899,5832,2997,2835,2037,1053,984,767,378,389,1284,661,623,20451,10383,10068
BEXAR COUNTY,029,9 Years,29992,15309,14683,5693,2942,2751,2016,1044,972,744,375,369,1263,653,610,20276,10295,9981
BEXAR COUNTY,029,10 Years,29518,15021,14497,5617,2907,2710,1986,1024,962,717,358,359,1174,603,571,20024,10129,9895
BEXAR COUNTY,029,11 Years,29328,14917,14411,5615,2902,2713,1964,1011,953,701,349,352,1082,560,522,19966,10095,9871
BEXAR COUNTY,029,12 Years,28341,14419,13922,5352,2729,2623,1914,965,949,655,328,327,965,516,449,19455,9881,9574
BEXAR COUNTY,029,13 Years,28267,14449,13818,5331,2733,2598,1925,970,955,663,326,337,921,482,439,19427,9938,9489
BEXAR COUNTY,029,14 Years,28754,14670,14084,5355,2757,2598,2006,1018,988,688,322,366,883,445,438,19822,10128,9694
BEXAR COUNTY,029,15 Years,28817,14648,14169,5321,2711,2610,2028,1023,1005,708,312,396,871,460,411,19889,10142,9747
BEXAR COUNTY,029,16 Years,28440,14389,14051,5235,2635,2600,2013,1007,1006,695,315,380,881,461,420,19616,9971,9645
BEXAR COUNTY,029,17 Years,28616,14567,14049,5560,2951,2609,2068,1051,1017,663,311,352,917,474,443,19408,9780,9628
BEXAR COUNTY,029,18 Years,28219,14256,13963,5556,2896,2660,1962,991,971,646,311,335,852,445,407,19203,9613,9590
BEXAR COUNTY,029,19 Years,28843,14738,14105,6017,3332,2685,2007,1015,992,702,367,335,819,432,387,19298,9592,9706
BEXAR COUNTY,029,20 Years,28462,14601,13861,5802,3185,2617,2138,1088,1050,699,355,344,824,432,392,18999,9541,9458
BEXAR COUNTY,029,21 Years,29861,15382,14479,6319,3529,2790,2352,1212,1140,844,448,396,854,429,425,19492,9764,9728
BEXAR COUNTY,029,22 Years,32315,16818,15497,7373,4112,3261,2651,1390,1261,995,577,418,881,438,443,20415,10301,10114
BEXAR COUNTY,029,23 Years,30531,15783,14748,6709,3713,2996,2543,1324,1219,914,472,442,840,426,414,19525,9848,9677
BEXAR COUNTY,029,24 Years,29938,15358,14580,6720,3704,3016,2414,1246,1168,900,434,466,820,427,393,19084,9547,9537
BEXAR COUNTY,029,25 Years,30865,15990,14875,7345,4135,3210,2440,1297,1143,975,496,479,788,396,392,19317,9666,9651
BEXAR COUNTY,029,26 Years,31246,16161,15085,7559,4206,3353,2376,1308,1068,1060,531,529,794,381,413,19457,9735,9722
BEXAR COUNTY,029,27 Years,32260,16765,15495,8051,4401,3650,2308,1310,998,1205,610,595,783,381,402,19913,10063,9850
BEXAR COUNTY,029,28 Years,33424,17295,16129,7747,4134,3613,2915,1535,1380,1449,829,620,846,431,415,20467,10366,10101
BEXAR COUNTY,029,29 Years,33420,17047,16373,7544,3872,3672,2993,1538,1455,1444,808,636,848,421,427,20591,10408,10183
BEXAR COUNTY,029,30 Years,33703,17148,16555,7733,3894,3839,2933,1503,1430,1430,791,639,831,412,419,20776,10548,10228
BEXAR COUNTY,029,31 Years,32968,16696,16272,7968,4050,3918,2743,1449,1294,1139,482,657,866,419,447,20252,10296,9956
BEXAR COUNTY,029,32 Years,32758,16667,16091,8366,4361,4005,2513,1386,1127,1136,476,660,789,400,389,19954,10044,9910
BEXAR COUNTY,029,33 Years,32821,16937,15884,8718,4631,4087,2491,1363,1128,1333,693,640,696,342,354,19583,9908,9675
BEXAR COUNTY,029,34 Years,32121,16734,15387,8614,4577,4037,2458,1350,1108,1243,631,612,678,334,344,19128,9842,9286
BEXAR COUNTY,029,35 Years,31580,16270,15310,8149,4258,3891,2455,1296,1159,1237,645,592,668,337,331,19071,9734,9337
BEXAR COUNTY,029,36 Years,31350,15926,15424,7833,4030,3803,2537,1286,1251,1266,632,634,674,335,339,19040,9643,9397
BEXAR COUNTY,029,37 Years,30994,15562,15432,7536,3808,3728,2599,1310,1289,1171,552,619,693,344,349,18995,9548,9447
BEXAR COUNTY,029,38 Years,30390,15377,15013,7410,3766,3644,2378,1246,1132,1169,544,625,649,351,298,18784,9470,9314
BEXAR COUNTY,029,39 Years,29896,15205,14691,7361,3771,3590,2283,1208,1075,1113,515,598,651,343,308,18488,9368,9120
BEXAR COUNTY,029,40 Years,29951,15230,14721,7667,3967,3700,2314,1210,1104,1121,552,569,630,323,307,18219,9178,9041
BEXAR COUNTY,029,41 Years,29787,15095,14692,7638,4001,3637,2333,1232,1101,1147,587,560,604,298,306,18065,8977,9088
BEXAR COUNTY,029,42 Years,29343,14879,14464,7416,3892,3524,2333,1254,1079,1096,560,536,562,284,278,17936,8889,9047
BEXAR COUNTY,029,43 Years,27733,13925,13808,6821,3559,3262,2110,1104,1006,1005,487,518,531,277,254,17266,8498,8768
BEXAR COUNTY,029,44 Years,26528,13243,13285,6460,3348,3112,1961,1020,941,970,463,507,520,258,262,16617,8154,8463
BEXAR COUNTY,029,45 Years,25657,12626,13031,6162,3108,3054,1845,952,893,933,443,490,482,233,249,16235,7890,8345
BEXAR COUNTY,029,46 Years,25274,12382,12892,6032,3010,3022,1786,931,855,915,440,475,458,228,230,16083,7773,8310
BEXAR COUNTY,029,47 Years,24909,12185,12724,6011,3023,2988,1753,887,866,901,437,464,477,245,232,15767,7593,8174
BEXAR COUNTY,029,48 Years,24434,11863,12571,6026,3037,2989,1733,870,863,899,412,487,474,229,245,15302,7315,7987
BEXAR COUNTY,029,49 Years,24651,11962,12689,6285,3189,3096,1718,858,860,876,386,490,454,208,246,15318,7321,7997
BEXAR COUNTY,029,50 Years,25110,12116,12994,6562,3332,3230,1796,889,907,862,377,485,431,191,240,15459,7327,8132
BEXAR COUNTY,029,51 Years,25514,12315,13199,6992,3509,3483,1904,958,946,849,391,458,442,202,240,15327,7255,8072
BEXAR COUNTY,029,52 Years,25021,12150,12871,7040,3543,3497,1911,974,937,816,373,443,415,189,226,14839,7071,7768
BEXAR COUNTY,029,53 Years,23517,11435,12082,6727,3444,3283,1705,859,846,784,348,436,363,168,195,13938,6616,7322
BEXAR COUNTY,029,54 Years,22243,10770,11473,6400,3293,3107,1662,834,828,729,323,406,331,143,188,13121,6177,6944
BEXAR COUNTY,029,55 Years,21650,10545,11105,6353,3246,3107,1686,856,830,677,302,375,319,148,171,12615,5993,6622
BEXAR COUNTY,029,56 Years,21719,10618,11101,6474,3286,3188,1741,886,855,676,306,370,333,156,177,12495,5984,6511
BEXAR COUNTY,029,57 Years,22514,10902,11612,6823,3408,3415,1854,928,926,688,299,389,341,165,176,12808,6102,6706
BEXAR COUNTY,029,58 Years,22683,10953,11730,7239,3593,3646,1810,897,913,669,304,365,324,161,163,12641,5998,6643
BEXAR COUNTY,029,59 Years,22700,10956,11744,7437,3709,3728,1779,892,887,682,318,364,338,167,171,12464,5870,6594
BEXAR COUNTY,029,60 Years,22256,10630,11626,7476,3726,3750,1730,851,879,634,277,357,327,151,176,12089,5625,6464
BEXAR COUNTY,029,61 Years,21975,10424,11551,7468,3666,3802,1741,846,895,619,255,364,295,134,161,11852,5523,6329
BEXAR COUNTY,029,62 Years,21453,10183,11270,7288,3547,3741,1723,855,868,588,245,343,285,140,145,11569,5396,6173
BEXAR COUNTY,029,63 Years,20420,9666,10754,6992,3418,3574,1628,803,825,611,235,376,261,129,132,10928,5081,5847
BEXAR COUNTY,029,64 Years,19833,9326,10507,6979,3383,3596,1533,734,799,596,239,357,266,131,135,10459,4839,5620
BEXAR COUNTY,029,65 Years,19284,8923,10361,6832,3217,3615,1482,703,779,591,238,353,237,104,133,10142,4661,5481
BEXAR COUNTY,029,66 Years,18729,8624,10105,6708,3126,3582,1412,672,740,566,228,338,220,101,119,9823,4497,5326
BEXAR COUNTY,029,67 Years,18083,8195,9888,6589,3030,3559,1349,612,737,528,206,322,215,102,113,9402,4245,5157
BEXAR COUNTY,029,68 Years,17144,7647,9497,6280,2860,3420,1298,589,709,490,168,322,205,89,116,8871,3941,4930
BEXAR COUNTY,029,69 Years,16563,7445,9118,6248,2907,3341,1231,573,658,466,160,306,194,90,104,8424,3715,4709
BEXAR COUNTY,029,70 Years,15678,7092,8586,6016,2807,3209,1122,534,588,437,147,290,170,82,88,7933,3522,4411
BEXAR COUNTY,029,71 Years,14827,6611,8216,5720,2624,3096,1002,455,547,435,149,286,153,74,79,7517,3309,4208
BEXAR COUNTY,029,72 Years,14380,6325,8055,5698,2613,3085,894,396,498,418,152,266,136,66,70,7234,3098,4136
BEXAR COUNTY,029,73 Years,13891,6164,7727,5598,2585,3013,870,406,464,410,171,239,148,73,75,6865,2929,3936
BEXAR COUNTY,029,74 Years,13388,5930,7458,5581,2571,3010,812,372,440,382,154,228,147,72,75,6466,2761,3705
BEXAR COUNTY,029,75 Years,12826,5623,7203,5567,2560,3007,721,315,406,323,123,200,136,66,70,6079,2559,3520
BEXAR COUNTY,029,76 Years,10892,4705,6187,4638,2131,2507,608,249,359,281,111,170,98,44,54,5267,2170,3097
BEXAR COUNTY,029,77 Years,9657,4147,5510,4110,1870,2240,536,221,315,265,104,161,82,38,44,4664,1914,2750
BEXAR COUNTY,029,78 Years,9069,3889,5180,4040,1830,2210,501,207,294,232,79,153,84,37,47,4212,1736,2476
BEXAR COUNTY,029,79 Years,8492,3620,4872,3800,1731,2069,483,198,285,207,68,139,66,31,35,3936,1592,2344
BEXAR COUNTY,029,80 Years,7572,3185,4387,3357,1512,1845,445,178,267,191,60,131,57,26,31,3522,1409,2113
BEXAR COUNTY,029,81 Years,6697,2775,3922,3000,1336,1664,392,151,241,170,60,110,54,20,34,3081,1208,1873
BEXAR COUNTY,029,82 Years,6074,2479,3595,2698,1177,1521,367,136,231,154,56,98,49,18,31,2806,1092,1714
BEXAR COUNTY,029,83 Years,5484,2184,3300,2484,1042,1442,305,114,191,131,49,82,40,12,28,2524,967,1557
BEXAR COUNTY,029,84 Years,5007,1961,3046,2291,952,1339,275,102,173,116,45,71,32,9,23,2293,853,1440
BEXAR COUNTY,029,85 Years,4468,1725,2743,2001,831,1170,256,92,164,97,40,57,25,7,18,2089,755,1334
BEXAR COUNTY,029,86 Years,4050,1524,2526,1829,736,1093,216,76,140,92,35,57,25,8,17,1888,669,1219
BEXAR COUNTY,029,87 Years,3669,1370,2299,1671,658,1013,205,72,133,78,27,51,21,7,14,1694,606,1088
BEXAR COUNTY,029,88 Years,3115,1165,1950,1415,569,846,199,74,125,74,24,50,18,5,13,1409,493,916
BEXAR COUNTY,029,89 Years,2733,1001,1732,1269,494,775,175,65,110,73,22,51,18,5,13,1198,415,783
BEXAR COUNTY,029,90 Years,2436,887,1549,1129,443,686,151,54,97,57,19,38,12,3,9,1087,368,719
BEXAR COUNTY,029,91 Years,2114,759,1355,1004,390,614,127,45,82,50,17,33,9,3,6,924,304,620
BEXAR COUNTY,029,92 Years,1803,625,1178,823,315,508,107,32,75,41,14,27,8,2,6,824,262,562
BEXAR COUNTY,029,93 Years,1457,484,973,659,236,423,78,23,55,29,11,18,7,2,5,684,212,472
BEXAR COUNTY,029,94 Years,1145,357,788,522,168,354,61,18,43,20,9,11,5,2,3,537,160,377
BEXAR COUNTY,029,95 Years +,3223,906,2317,1417,380,1037,204,52,152,62,25,37,16,5,11,1524,444,1080
BLANCO COUNTY,031,All Ages,12981,6449,6532,9961,4855,5106,84,52,32,59,18,41,216,113,103,2661,1411,1250
BLANCO COUNTY,031,< 1 Year,121,60,61,76,38,38,1,0,1,1,0,1,7,3,4,36,19,17
BLANCO COUNTY,031,1 Years,110,57,53,64,33,31,2,1,1,1,1,0,5,3,2,38,19,19
BLANCO COUNTY,031,2 Years,111,54,57,65,33,32,1,0,1,1,0,1,5,2,3,39,19,20
BLANCO COUNTY,031,3 Years,98,52,46,58,32,26,1,0,1,0,0,0,1,1,0,38,19,19
BLANCO COUNTY,031,4 Years,92,49,43,58,31,27,0,0,0,0,0,0,0,0,0,34,18,16
BLANCO COUNTY,031,5 Years,95,48,47,60,30,30,0,0,0,0,0,0,4,2,2,31,16,15
BLANCO COUNTY,031,6 Years,102,52,50,68,33,35,0,0,0,0,0,0,3,2,1,31,17,14
BLANCO COUNTY,031,7 Years,118,57,61,72,36,36,3,0,3,0,0,0,4,2,2,39,19,20
BLANCO COUNTY,031,8 Years,113,59,54,70,38,32,1,0,1,0,0,0,6,4,2,36,17,19
BLANCO COUNTY,031,9 Years,110,58,52,67,37,30,0,0,0,0,0,0,9,6,3,34,15,19
BLANCO COUNTY,031,10 Years,111,54,57,72,35,37,0,0,0,0,0,0,6,4,2,33,15,18
BLANCO COUNTY,031,11 Years,122,54,68,81,34,47,0,0,0,0,0,0,3,1,2,38,19,19
BLANCO COUNTY,031,12 Years,126,73,53,81,42,39,0,0,0,1,0,1,1,0,1,43,31,12
BLANCO COUNTY,031,13 Years,129,73,56,87,45,42,1,1,0,0,0,0,2,1,1,39,26,13
BLANCO COUNTY,031,14 Years,140,65,75,94,44,50,1,1,0,0,0,0,2,1,1,43,19,24
BLANCO COUNTY,031,15 Years,149,69,80,97,44,53,1,1,0,0,0,0,2,1,1,49,23,26
BLANCO COUNTY,031,16 Years,146,71,75,94,41,53,1,1,0,0,0,0,2,1,1,49,28,21
BLANCO COUNTY,031,17 Years,135,68,67,87,42,45,1,1,0,1,0,1,2,1,1,44,24,20
BLANCO COUNTY,031,18 Years,149,84,65,95,50,45,1,1,0,0,0,0,3,2,1,50,31,19
BLANCO COUNTY,031,19 Years,151,86,65,99,56,43,1,1,0,0,0,0,3,2,1,48,27,21
BLANCO COUNTY,031,20 Years,147,83,64,103,60,43,1,1,0,0,0,0,3,1,2,40,21,19
BLANCO COUNTY,031,21 Years,133,72,61,90,47,43,4,2,2,0,0,0,2,0,2,37,23,14
BLANCO COUNTY,031,22 Years,129,71,58,82,42,40,1,0,1,2,0,2,2,0,2,42,29,13
BLANCO COUNTY,031,23 Years,132,84,48,85,55,30,0,0,0,3,1,2,3,1,2,41,27,14
BLANCO COUNTY,031,24 Years,116,72,44,71,43,28,0,0,0,4,2,2,3,2,1,38,25,13
BLANCO COUNTY,031,25 Years,117,67,50,82,46,36,1,1,0,0,0,0,3,1,2,31,19,12
BLANCO COUNTY,031,26 Years,105,45,60,71,27,44,0,0,0,0,0,0,3,1,2,31,17,14
BLANCO COUNTY,031,27 Years,116,53,63,81,36,45,1,0,1,2,1,1,2,0,2,30,16,14
BLANCO COUNTY,031,28 Years,109,54,55,81,40,41,1,0,1,3,1,2,0,0,0,24,13,11
BLANCO COUNTY,031,29 Years,115,66,49,86,48,38,2,1,1,0,0,0,2,2,0,25,15,10
BLANCO COUNTY,031,30 Years,118,68,50,86,49,37,1,1,0,3,3,0,1,1,0,27,14,13
BLANCO COUNTY,031,31 Years,106,60,46,77,42,35,0,0,0,1,1,0,1,1,0,27,16,11
BLANCO COUNTY,031,32 Years,96,52,44,68,34,34,1,0,1,0,0,0,1,0,1,26,18,8
BLANCO COUNTY,031,33 Years,101,49,52,63,32,31,2,0,2,0,0,0,3,2,1,33,15,18
BLANCO COUNTY,031,34 Years,118,51,67,81,35,46,0,0,0,1,1,0,2,1,1,34,14,20
BLANCO COUNTY,031,35 Years,120,57,63,90,41,49,0,0,0,0,0,0,1,0,1,29,16,13
BLANCO COUNTY,031,36 Years,122,57,65,88,41,47,0,0,0,2,1,1,1,1,0,31,14,17
BLANCO COUNTY,031,37 Years,120,60,60,80,37,43,1,1,0,2,1,1,3,2,1,34,19,15
BLANCO COUNTY,031,38 Years,128,71,57,85,45,40,1,1,0,1,0,1,4,2,2,37,23,14
BLANCO COUNTY,031,39 Years,125,72,53,79,47,32,3,1,2,0,0,0,2,0,2,41,24,17
BLANCO COUNTY,031,40 Years,138,66,72,86,46,40,2,1,1,0,0,0,3,1,2,47,18,29
BLANCO COUNTY,031,41 Years,138,69,69,92,50,42,1,1,0,0,0,0,3,2,1,42,16,26
BLANCO COUNTY,031,42 Years,135,69,66,89,43,46,2,2,0,0,0,0,2,2,0,42,22,20
BLANCO COUNTY,031,43 Years,135,70,65,91,41,50,1,1,0,0,0,0,2,2,0,41,26,15
BLANCO COUNTY,031,44 Years,130,62,68,90,35,55,1,1,0,0,0,0,3,3,0,36,23,13
BLANCO COUNTY,031,45 Years,129,55,74,93,37,56,1,1,0,0,0,0,5,2,3,30,15,15
BLANCO COUNTY,031,46 Years,136,77,59,96,54,42,1,1,0,2,2,0,1,1,0,36,19,17
BLANCO COUNTY,031,47 Years,156,88,68,112,64,48,1,1,0,0,0,0,3,3,0,40,20,20
BLANCO COUNTY,031,48 Years,154,71,83,111,49,62,1,1,0,1,0,1,3,3,0,38,18,20
BLANCO COUNTY,031,49 Years,140,53,87,107,40,67,0,0,0,1,0,1,0,0,0,32,13,19
BLANCO COUNTY,031,50 Years,151,61,90,115,49,66,0,0,0,0,0,0,1,0,1,35,12,23
BLANCO COUNTY,031,51 Years,188,95,93,143,70,73,2,2,0,0,0,0,2,2,0,41,21,20
BLANCO COUNTY,031,52 Years,176,92,84,141,71,70,1,1,0,1,0,1,0,0,0,33,20,13
BLANCO COUNTY,031,53 Years,152,71,81,127,56,71,0,0,0,0,0,0,0,0,0,25,15,10
BLANCO COUNTY,031,54 Years,155,70,85,125,55,70,0,0,0,0,0,0,3,0,3,27,15,12
BLANCO COUNTY,031,55 Years,179,88,91,140,66,74,2,2,0,0,0,0,0,0,0,37,20,17
BLANCO COUNTY,031,56 Years,186,98,88,142,73,69,2,2,0,0,0,0,0,0,0,42,23,19
BLANCO COUNTY,031,57 Years,186,92,94,141,68,73,1,1,0,0,0,0,0,0,0,44,23,21
BLANCO COUNTY,031,58 Years,206,106,100,165,85,80,1,1,0,2,0,2,3,2,1,35,18,17
BLANCO COUNTY,031,59 Years,224,112,112,185,98,87,1,1,0,2,0,2,3,1,2,33,12,21
BLANCO COUNTY,031,60 Years,235,126,109,192,109,83,3,2,1,3,0,3,1,1,0,36,14,22
BLANCO COUNTY,031,61 Years,246,127,119,201,104,97,4,3,1,3,0,3,3,1,2,35,19,16
BLANCO COUNTY,031,62 Years,246,110,136,203,91,112,3,2,1,2,0,2,5,2,3,33,15,18
BLANCO COUNTY,031,63 Years,234,105,129,201,87,114,1,1,0,0,0,0,2,0,2,30,17,13
BLANCO COUNTY,031,64 Years,243,113,130,209,99,110,0,0,0,2,0,2,1,0,1,31,14,17
BLANCO COUNTY,031,65 Years,248,116,132,219,103,116,0,0,0,1,0,1,1,0,1,27,13,14
BLANCO COUNTY,031,66 Years,241,113,128,207,95,112,1,0,1,1,0,1,2,1,1,30,17,13
BLANCO COUNTY,031,67 Years,264,125,139,224,104,120,2,1,1,3,0,3,8,3,5,27,17,10
BLANCO COUNTY,031,68 Years,246,127,119,211,109,102,2,1,1,1,0,1,9,6,3,23,11,12
BLANCO COUNTY,031,69 Years,221,112,109,195,99,96,2,1,1,0,0,0,5,3,2,19,9,10
BLANCO COUNTY,031,70 Years,214,102,112,189,90,99,2,1,1,1,1,0,5,2,3,17,8,9
BLANCO COUNTY,031,71 Years,221,99,122,195,87,108,3,1,2,1,1,0,3,1,2,19,9,10
BLANCO COUNTY,031,72 Years,221,106,115,198,93,105,2,1,1,1,1,0,2,0,2,18,11,7
BLANCO COUNTY,031,73 Years,199,93,106,181,82,99,2,1,1,1,0,1,1,1,0,14,9,5
BLANCO COUNTY,031,74 Years,202,98,104,183,87,96,0,0,0,1,0,1,5,4,1,13,7,6
BLANCO COUNTY,031,75 Years,191,95,96,172,82,90,0,0,0,0,0,0,4,4,0,15,9,6
BLANCO COUNTY,031,76 Years,169,83,86,155,76,79,0,0,0,0,0,0,1,1,0,13,6,7
BLANCO COUNTY,031,77 Years,144,71,73,134,66,68,0,0,0,0,0,0,1,1,0,9,4,5
BLANCO COUNTY,031,78 Years,132,66,66,122,60,62,0,0,0,0,0,0,1,1,0,9,5,4
BLANCO COUNTY,031,79 Years,118,56,62,111,53,58,0,0,0,0,0,0,0,0,0,7,3,4
BLANCO COUNTY,031,80 Years,110,55,55,104,51,53,0,0,0,0,0,0,0,0,0,6,4,2
BLANCO COUNTY,031,81 Years,106,50,56,95,45,50,0,0,0,0,0,0,2,0,2,9,5,4
BLANCO COUNTY,031,82 Years,83,39,44,75,35,40,0,0,0,0,0,0,1,0,1,7,4,3
BLANCO COUNTY,031,83 Years,64,31,33,61,30,31,0,0,0,0,0,0,0,0,0,3,1,2
BLANCO COUNTY,031,84 Years,58,29,29,52,26,26,0,0,0,0,0,0,1,0,1,5,3,2
BLANCO COUNTY,031,85 Years,50,23,27,45,21,24,0,0,0,0,0,0,0,0,0,5,2,3
BLANCO COUNTY,031,86 Years,44,19,25,40,17,23,0,0,0,0,0,0,1,0,1,3,2,1
BLANCO COUNTY,031,87 Years,42,15,27,40,14,26,0,0,0,0,0,0,0,0,0,2,1,1
BLANCO COUNTY,031,88 Years,37,14,23,34,13,21,0,0,0,0,0,0,0,0,0,3,1,2
BLANCO COUNTY,031,89 Years,31,14,17,29,13,16,0,0,0,0,0,0,0,0,0,2,1,1
BLANCO COUNTY,031,90 Years,22,9,13,22,9,13,0,0,0,0,0,0,0,0,0,0,0,0
BLANCO COUNTY,031,91 Years,21,8,13,19,8,11,0,0,0,0,0,0,1,0,1,1,0,1
BLANCO COUNTY,031,92 Years,19,8,11,17,8,9,0,0,0,0,0,0,1,0,1,1,0,1
BLANCO COUNTY,031,93 Years,14,6,8,14,6,8,0,0,0,0,0,0,0,0,0,0,0,0
BLANCO COUNTY,031,94 Years,13,4,9,13,4,9,0,0,0,0,0,0,0,0,0,0,0,0
BLANCO COUNTY,031,95 Years +,37,10,27,34,8,26,0,0,0,0,0,0,0,0,0,3,2,1
BORDEN COUNTY,033,All Ages,580,304,276,485,251,234,0,0,0,0,0,0,5,1,4,90,52,38
BORDEN COUNTY,033,< 1 Year,5,3,2,4,2,2,0,0,0,0,0,0,0,0,0,1,1,0
BORDEN COUNTY,033,1 Years,6,3,3,4,2,2,0,0,0,0,0,0,0,0,0,2,1,1
BORDEN COUNTY,033,2 Years,5,2,3,3,1,2,0,0,0,0,0,0,0,0,0,2,1,1
BORDEN COUNTY,033,3 Years,6,4,2,5,3,2,0,0,0,0,0,0,0,0,0,1,1,0
BORDEN COUNTY,033,4 Years,4,3,1,4,3,1,0,0,0,0,0,0,0,0,0,0,0,0
BORDEN COUNTY,033,5 Years,4,2,2,4,2,2,0,0,0,0,0,0,0,0,0,0,0,0
BORDEN COUNTY,033,6 Years,5,3,2,3,2,1,0,0,0,0,0,0,0,0,0,2,1,1
BORDEN COUNTY,033,7 Years,6,4,2,4,3,1,0,0,0,0,0,0,0,0,0,2,1,1
BORDEN COUNTY,033,8 Years,6,3,3,4,2,2,0,0,0,0,0,0,0,0,0,2,1,1
BORDEN COUNTY,033,9 Years,6,5,1,5,4,1,0,0,0,0,0,0,0,0,0,1,1,0
BORDEN COUNTY,033,10 Years,8,5,3,7,4,3,0,0,0,0,0,0,0,0,0,1,1,0
BORDEN COUNTY,033,11 Years,6,4,2,5,3,2,0,0,0,0,0,0,0,0,0,1,1,0
BORDEN COUNTY,033,12 Years,6,3,3,4,2,2,0,0,0,0,0,0,0,0,0,2,1,1
BORDEN COUNTY,033,13 Years,8,4,4,6,3,3,0,0,0,0,0,0,0,0,0,2,1,1
BORDEN COUNTY,033,14 Years,8,4,4,7,3,4,0,0,0,0,0,0,0,0,0,1,1,0
BORDEN COUNTY,033,15 Years,5,1,4,4,1,3,0,0,0,0,0,0,0,0,0,1,0,1
BORDEN COUNTY,033,16 Years,7,3,4,5,2,3,0,0,0,0,0,0,0,0,0,2,1,1
BORDEN COUNTY,033,17 Years,12,5,7,10,4,6,0,0,0,0,0,0,0,0,0,2,1,1
BORDEN COUNTY,033,18 Years,12,6,6,9,4,5,0,0,0,0,0,0,0,0,0,3,2,1
BORDEN COUNTY,033,19 Years,9,5,4,7,3,4,0,0,0,0,0,0,0,0,0,2,2,0
BORDEN COUNTY,033,20 Years,7,5,2,5,4,1,0,0,0,0,0,0,0,0,0,2,1,1
BORDEN COUNTY,033,21 Years,7,4,3,6,3,3,0,0,0,0,0,0,0,0,0,1,1,0
BORDEN COUNTY,033,22 Years,6,3,3,6,3,3,0,0,0,0,0,0,0,0,0,0,0,0
BORDEN COUNTY,033,23 Years,4,2,2,4,2,2,0,0,0,0,0,0,0,0,0,0,0,0
BORDEN COUNTY,033,24 Years,4,2,2,4,2,2,0,0,0,0,0,0,0,0,0,0,0,0
BORDEN COUNTY,033,25 Years,5,3,2,3,2,1,0,0,0,0,0,0,0,0,0,2,1,1
BORDEN COUNTY,033,26 Years,6,3,3,4,2,2,0,0,0,0,0,0,0,0,0,2,1,1
BORDEN COUNTY,033,27 Years,5,2,3,3,1,2,0,0,0,0,0,0,0,0,0,2,1,1
BORDEN COUNTY,033,28 Years,4,1,3,2,1,1,0,0,0,0,0,0,0,0,0,2,0,2
BORDEN COUNTY,033,29 Years,6,4,2,4,2,2,0,0,0,0,0,0,0,0,0,2,2,0
BORDEN COUNTY,033,30 Years,7,4,3,5,2,3,0,0,0,0,0,0,1,1,0,1,1,0
BORDEN COUNTY,033,31 Years,4,3,1,3,2,1,0,0,0,0,0,0,0,0,0,1,1,0
BORDEN COUNTY,033,32 Years,2,1,1,2,1,1,0,0,0,0,0,0,0,0,0,0,0,0
BORDEN COUNTY,033,33 Years,5,2,3,5,2,3,0,0,0,0,0,0,0,0,0,0,0,0
BORDEN COUNTY,033,34 Years,6,3,3,6,3,3,0,0,0,0,0,0,0,0,0,0,0,0
BORDEN COUNTY,033,35 Years,5,2,3,5,2,3,0,0,0,0,0,0,0,0,0,0,0,0
BORDEN COUNTY,033,36 Years,6,3,3,6,3,3,0,0,0,0,0,0,0,0,0,0,0,0
BORDEN COUNTY,033,37 Years,4,2,2,4,2,2,0,0,0,0,0,0,0,0,0,0,0,0
BORDEN COUNTY,033,38 Years,6,2,4,6,2,4,0,0,0,0,0,0,0,0,0,0,0,0
BORDEN COUNTY,033,39 Years,6,1,5,6,1,5,0,0,0,0,0,0,0,0,0,0,0,0
BORDEN COUNTY,033,40 Years,6,2,4,5,2,3,0,0,0,0,0,0,0,0,0,1,0,1
BORDEN COUNTY,033,41 Years,7,3,4,6,3,3,0,0,0,0,0,0,0,0,0,1,0,1
BORDEN COUNTY,033,42 Years,5,4,1,5,4,1,0,0,0,0,0,0,0,0,0,0,0,0
BORDEN COUNTY,033,43 Years,6,4,2,4,2,2,0,0,0,0,0,0,0,0,0,2,2,0
BORDEN COUNTY,033,44 Years,8,4,4,6,2,4,0,0,0,0,0,0,0,0,0,2,2,0
BORDEN COUNTY,033,45 Years,5,2,3,5,2,3,0,0,0,0,0,0,0,0,0,0,0,0
BORDEN COUNTY,033,46 Years,6,4,2,6,4,2,0,0,0,0,0,0,0,0,0,0,0,0
BORDEN COUNTY,033,47 Years,3,2,1,3,2,1,0,0,0,0,0,0,0,0,0,0,0,0
BORDEN COUNTY,033,48 Years,4,2,2,4,2,2,0,0,0,0,0,0,0,0,0,0,0,0
BORDEN COUNTY,033,49 Years,9,6,3,7,4,3,0,0,0,0,0,0,0,0,0,2,2,0
BORDEN COUNTY,033,50 Years,8,6,2,7,5,2,0,0,0,0,0,0,0,0,0,1,1,0
BORDEN COUNTY,033,51 Years,7,4,3,6,3,3,0,0,0,0,0,0,0,0,0,1,1,0
BORDEN COUNTY,033,52 Years,12,5,7,10,5,5,0,0,0,0,0,0,0,0,0,2,0,2
BORDEN COUNTY,033,53 Years,15,7,8,13,7,6,0,0,0,0,0,0,1,0,1,1,0,1
BORDEN COUNTY,033,54 Years,13,7,6,8,5,3,0,0,0,0,0,0,1,0,1,4,2,2
BORDEN COUNTY,033,55 Years,7,3,4,4,2,2,0,0,0,0,0,0,0,0,0,3,1,2
BORDEN COUNTY,033,56 Years,8,4,4,7,4,3,0,0,0,0,0,0,0,0,0,1,0,1
BORDEN COUNTY,033,57 Years,10,4,6,9,4,5,0,0,0,0,0,0,0,0,0,1,0,1
BORDEN COUNTY,033,58 Years,11,5,6,9,4,5,0,0,0,0,0,0,0,0,0,2,1,1
BORDEN COUNTY,033,59 Years,8,4,4,7,4,3,0,0,0,0,0,0,0,0,0,1,0,1
BORDEN COUNTY,033,60 Years,7,3,4,6,3,3,0,0,0,0,0,0,0,0,0,1,0,1
BORDEN COUNTY,033,61 Years,7,3,4,4,2,2,0,0,0,0,0,0,1,0,1,2,1,1
BORDEN COUNTY,033,62 Years,8,5,3,5,3,2,0,0,0,0,0,0,1,0,1,2,2,0
BORDEN COUNTY,033,63 Years,4,3,1,3,2,1,0,0,0,0,0,0,0,0,0,1,1,0
BORDEN COUNTY,033,64 Years,7,4,3,4,1,3,0,0,0,0,0,0,0,0,0,3,3,0
BORDEN COUNTY,033,65 Years,7,3,4,6,3,3,0,0,0,0,0,0,0,0,0,1,0,1
BORDEN COUNTY,033,66 Years,8,4,4,7,4,3,0,0,0,0,0,0,0,0,0,1,0,1
BORDEN COUNTY,033,67 Years,8,5,3,7,5,2,0,0,0,0,0,0,0,0,0,1,0,1
BORDEN COUNTY,033,68 Years,12,5,7,10,4,6,0,0,0,0,0,0,0,0,0,2,1,1
BORDEN COUNTY,033,69 Years,6,2,4,6,2,4,0,0,0,0,0,0,0,0,0,0,0,0
BORDEN COUNTY,033,70 Years,4,4,0,4,4,0,0,0,0,0,0,0,0,0,0,0,0,0
BORDEN COUNTY,033,71 Years,7,4,3,7,4,3,0,0,0,0,0,0,0,0,0,0,0,0
BORDEN COUNTY,033,72 Years,11,6,5,10,5,5,0,0,0,0,0,0,0,0,0,1,1,0
BORDEN COUNTY,033,73 Years,9,5,4,7,4,3,0,0,0,0,0,0,0,0,0,2,1,1
BORDEN COUNTY,033,74 Years,8,4,4,7,4,3,0,0,0,0,0,0,0,0,0,1,0,1
BORDEN COUNTY,033,75 Years,7,4,3,7,4,3,0,0,0,0,0,0,0,0,0,0,0,0
BORDEN COUNTY,033,76 Years,4,2,2,4,2,2,0,0,0,0,0,0,0,0,0,0,0,0
BORDEN COUNTY,033,77 Years,3,1,2,3,1,2,0,0,0,0,0,0,0,0,0,0,0,0
BORDEN COUNTY,033,78 Years,4,3,1,4,3,1,0,0,0,0,0,0,0,0,0,0,0,0
BORDEN COUNTY,033,79 Years,4,3,1,3,2,1,0,0,0,0,0,0,0,0,0,1,1,0
BORDEN COUNTY,033,80 Years,5,3,2,4,2,2,0,0,0,0,0,0,0,0,0,1,1,0
BORDEN COUNTY,033,81 Years,4,2,2,4,2,2,0,0,0,0,0,0,0,0,0,0,0,0
BORDEN COUNTY,033,82 Years,2,1,1,2,1,1,0,0,0,0,0,0,0,0,0,0,0,0
BORDEN COUNTY,033,83 Years,1,0,1,1,0,1,0,0,0,0,0,0,0,0,0,0,0,0
BORDEN COUNTY,033,84 Years,5,4,1,5,4,1,0,0,0,0,0,0,0,0,0,0,0,0
BORDEN COUNTY,033,85 Years,7,4,3,7,4,3,0,0,0,0,0,0,0,0,0,0,0,0
BORDEN COUNTY,033,86 Years,4,2,2,4,2,2,0,0,0,0,0,0,0,0,0,0,0,0
BORDEN COUNTY,033,87 Years,3,2,1,3,2,1,0,0,0,0,0,0,0,0,0,0,0,0
BORDEN COUNTY,033,88 Years,2,1,1,2,1,1,0,0,0,0,0,0,0,0,0,0,0,0
BORDEN COUNTY,033,89 Years,2,0,2,2,0,2,0,0,0,0,0,0,0,0,0,0,0,0
BORDEN COUNTY,033,90 Years,2,1,1,2,1,1,0,0,0,0,0,0,0,0,0,0,0,0
BORDEN COUNTY,033,91 Years,3,1,2,3,1,2,0,0,0,0,0,0,0,0,0,0,0,0
BORDEN COUNTY,033,92 Years,1,0,1,1,0,1,0,0,0,0,0,0,0,0,0,0,0,0
BORDEN COUNTY,033,93 Years,2,1,1,2,1,1,0,0,0,0,0,0,0,0,0,0,0,0
BORDEN COUNTY,033,94 Years,2,1,1,2,1,1,0,0,0,0,0,0,0,0,0,0,0,0
BORDEN COUNTY,033,95 Years +,3,2,1,3,2,1,0,0,0,0,0,0,0,0,0,0,0,0
BOSQUE COUNTY,035,All Ages,18834,9202,9632,14065,6806,7259,363,198,165,40,9,31,520,271,249,3846,1918,1928
BOSQUE COUNTY,035,< 1 Year,190,96,94,105,53,52,5,3,2,2,1,1,11,5,6,67,34,33
BOSQUE COUNTY,035,1 Years,188,97,91,102,52,50,5,3,2,1,1,0,9,4,5,71,37,34
BOSQUE COUNTY,035,2 Years,190,96,94,104,52,52,5,3,2,1,0,1,8,4,4,72,37,35
BOSQUE COUNTY,035,3 Years,181,95,86,108,55,53,3,1,2,0,0,0,11,8,3,59,31,28
BOSQUE COUNTY,035,4 Years,194,104,90,113,56,57,3,1,2,0,0,0,14,10,4,64,37,27
BOSQUE COUNTY,035,5 Years,200,101,99,118,57,61,3,1,2,0,0,0,12,7,5,67,36,31
BOSQUE COUNTY,035,6 Years,208,105,103,119,58,61,5,3,2,0,0,0,11,6,5,73,38,35
BOSQUE COUNTY,035,7 Years,205,103,102,118,59,59,7,2,5,0,0,0,12,6,6,68,36,32
BOSQUE COUNTY,035,8 Years,215,112,103,125,65,60,6,3,3,0,0,0,14,6,8,70,38,32
BOSQUE COUNTY,035,9 Years,217,113,104,129,66,63,7,4,3,0,0,0,13,6,7,68,37,31
BOSQUE COUNTY,035,10 Years,225,117,108,134,70,64,8,4,4,0,0,0,10,4,6,73,39,34
BOSQUE COUNTY,035,11 Years,230,119,111,143,75,68,6,3,3,0,0,0,7,2,5,74,39,35
BOSQUE COUNTY,035,12 Years,217,103,114,136,62,74,7,3,4,0,0,0,4,2,2,70,36,34
BOSQUE COUNTY,035,13 Years,237,109,128,150,64,86,6,2,4,0,0,0,9,7,2,72,36,36
BOSQUE COUNTY,035,14 Years,250,132,118,163,80,83,4,2,2,0,0,0,5,5,0,78,45,33
BOSQUE COUNTY,035,15 Years,251,140,111,166,91,75,3,1,2,1,0,1,4,3,1,77,45,32
BOSQUE COUNTY,035,16 Years,242,134,108,153,83,70,3,1,2,0,0,0,9,4,5,77,46,31
BOSQUE COUNTY,035,17 Years,239,117,122,147,69,78,3,3,0,1,0,1,9,3,6,79,42,37
BOSQUE COUNTY,035,18 Years,231,121,110,154,82,72,2,2,0,1,0,1,11,7,4,63,30,33
BOSQUE COUNTY,035,19 Years,216,112,104,155,83,72,2,2,0,0,0,0,10,6,4,49,21,28
BOSQUE COUNTY,035,20 Years,205,99,106,139,69,70,3,1,2,1,0,1,7,3,4,55,26,29
BOSQUE COUNTY,035,21 Years,198,100,98,121,61,60,6,3,3,2,0,2,5,4,1,64,32,32
BOSQUE COUNTY,035,22 Years,188,100,88,116,63,53,5,3,2,1,0,1,5,4,1,61,30,31
BOSQUE COUNTY,035,23 Years,186,100,86,114,67,47,6,2,4,0,0,0,4,2,2,62,29,33
BOSQUE COUNTY,035,24 Years,177,94,83,109,61,48,5,3,2,2,0,2,3,1,2,58,29,29
BOSQUE COUNTY,035,25 Years,171,90,81,102,54,48,6,5,1,0,0,0,6,2,4,57,29,28
BOSQUE COUNTY,035,26 Years,175,85,90,107,51,56,6,4,2,0,0,0,7,3,4,55,27,28
BOSQUE COUNTY,035,27 Years,188,98,90,128,65,63,6,2,4,0,0,0,9,5,4,45,26,19
BOSQUE COUNTY,035,28 Years,168,93,75,114,60,54,3,0,3,0,0,0,10,5,5,41,28,13
BOSQUE COUNTY,035,29 Years,174,88,86,114,57,57,2,0,2,0,0,0,10,5,5,48,26,22
BOSQUE COUNTY,035,30 Years,163,77,86,114,54,60,3,1,2,0,0,0,4,2,2,42,20,22
BOSQUE COUNTY,035,31 Years,163,78,85,114,52,62,1,1,0,0,0,0,6,4,2,42,21,21
BOSQUE COUNTY,035,32 Years,180,91,89,130,64,66,2,1,1,0,0,0,3,2,1,45,24,21
BOSQUE COUNTY,035,33 Years,189,91,98,130,60,70,3,2,1,0,0,0,3,2,1,53,27,26
BOSQUE COUNTY,035,34 Years,193,84,109,131,55,76,4,2,2,0,0,0,2,1,1,56,26,30
BOSQUE COUNTY,035,35 Years,186,87,99,128,57,71,4,3,1,1,1,0,3,1,2,50,25,25
BOSQUE COUNTY,035,36 Years,175,79,96,125,54,71,4,3,1,0,0,0,2,0,2,44,22,22
BOSQUE COUNTY,035,37 Years,182,84,98,124,58,66,4,2,2,0,0,0,2,1,1,52,23,29
BOSQUE COUNTY,035,38 Years,184,81,103,118,56,62,4,2,2,0,0,0,4,2,2,58,21,37
BOSQUE COUNTY,035,39 Years,202,101,101,130,68,62,3,3,0,2,0,2,5,3,2,62,27,35
BOSQUE COUNTY,035,40 Years,211,105,106,139,74,65,6,3,3,1,0,1,4,3,1,61,25,36
BOSQUE COUNTY,035,41 Years,221,103,118,153,72,81,8,6,2,0,0,0,3,2,1,57,23,34
BOSQUE COUNTY,035,42 Years,211,105,106,146,72,74,5,3,2,0,0,0,6,5,1,54,25,29
BOSQUE COUNTY,035,43 Years,199,102,97,140,68,72,4,2,2,1,1,0,3,2,1,51,29,22
BOSQUE COUNTY,035,44 Years,185,84,101,131,61,70,2,2,0,0,0,0,5,0,5,47,21,26
BOSQUE COUNTY,035,45 Years,176,81,95,130,62,68,2,2,0,0,0,0,2,0,2,42,17,25
BOSQUE COUNTY,035,46 Years,190,95,95,142,74,68,3,1,2,1,0,1,1,1,0,43,19,24
BOSQUE COUNTY,035,47 Years,183,88,95,132,66,66,4,1,3,1,0,1,2,1,1,44,20,24
BOSQUE COUNTY,035,48 Years,179,84,95,130,62,68,6,3,3,0,0,0,5,1,4,38,18,20
BOSQUE COUNTY,035,49 Years,192,89,103,143,68,75,4,1,3,0,0,0,7,2,5,38,18,20
BOSQUE COUNTY,035,50 Years,209,101,108,158,76,82,5,5,0,0,0,0,7,2,5,39,18,21
BOSQUE COUNTY,035,51 Years,222,108,114,171,81,90,6,6,0,1,0,1,6,2,4,38,19,19
BOSQUE COUNTY,035,52 Years,229,105,124,173,78,95,7,5,2,1,0,1,5,2,3,43,20,23
BOSQUE COUNTY,035,53 Years,226,109,117,172,82,90,5,4,1,0,0,0,2,1,1,47,22,25
BOSQUE COUNTY,035,54 Years,231,112,119,175,87,88,4,1,3,1,0,1,2,1,1,49,23,26
BOSQUE COUNTY,035,55 Years,235,108,127,186,84,102,3,1,2,1,1,0,4,2,2,41,20,21
BOSQUE COUNTY,035,56 Years,225,105,120,179,86,93,2,0,2,1,1,0,6,1,5,37,17,20
BOSQUE COUNTY,035,57 Years,242,118,124,199,99,100,3,1,2,1,0,1,4,1,3,35,17,18
BOSQUE COUNTY,035,58 Years,248,128,120,200,100,100,4,3,1,1,1,0,3,3,0,40,21,19
BOSQUE COUNTY,035,59 Years,266,132,134,225,107,118,3,3,0,1,1,0,3,2,1,34,19,15
BOSQUE COUNTY,035,60 Years,251,127,124,207,104,103,2,2,0,2,0,2,4,4,0,36,17,19
BOSQUE COUNTY,035,61 Years,259,128,131,214,105,109,3,2,1,2,0,2,7,6,1,33,15,18
BOSQUE COUNTY,035,62 Years,285,140,145,244,119,125,2,2,0,3,0,3,6,3,3,30,16,14
BOSQUE COUNTY,035,63 Years,305,149,156,260,128,132,7,3,4,2,0,2,5,2,3,31,16,15
BOSQUE COUNTY,035,64 Years,302,146,156,259,124,135,5,2,3,1,0,1,9,5,4,28,15,13
BOSQUE COUNTY,035,65 Years,319,145,174,278,125,153,3,1,2,0,0,0,8,3,5,30,16,14
BOSQUE COUNTY,035,66 Years,324,147,177,279,125,154,7,5,2,0,0,0,7,2,5,31,15,16
BOSQUE COUNTY,035,67 Years,308,152,156,265,129,136,7,7,0,0,0,0,8,3,5,28,13,15
BOSQUE COUNTY,035,68 Years,282,140,142,245,123,122,6,3,3,0,0,0,8,3,5,23,11,12
BOSQUE COUNTY,035,69 Years,277,139,138,239,120,119,9,4,5,0,0,0,6,3,3,23,12,11
BOSQUE COUNTY,035,70 Years,280,134,146,243,114,129,8,4,4,0,0,0,8,5,3,21,11,10
BOSQUE COUNTY,035,71 Years,267,128,139,238,116,122,3,1,2,0,0,0,7,3,4,19,8,11
BOSQUE COUNTY,035,72 Years,265,139,126,237,126,111,2,1,1,0,0,0,9,5,4,17,7,10
BOSQUE COUNTY,035,73 Years,258,131,127,224,116,108,6,4,2,1,1,0,6,3,3,21,7,14
BOSQUE COUNTY,035,74 Years,253,123,130,224,109,115,5,4,1,1,0,1,5,3,2,18,7,11
BOSQUE COUNTY,035,75 Years,252,114,138,229,102,127,3,2,1,0,0,0,5,3,2,15,7,8
BOSQUE COUNTY,035,76 Years,221,104,117,195,90,105,2,0,2,0,0,0,6,4,2,18,10,8
BOSQUE COUNTY,035,77 Years,208,97,111,184,87,97,4,0,4,0,0,0,4,2,2,16,8,8
BOSQUE COUNTY,035,78 Years,196,91,105,177,84,93,3,0,3,0,0,0,3,2,1,13,5,8
BOSQUE COUNTY,035,79 Years,170,76,94,154,68,86,1,0,1,0,0,0,5,4,1,10,4,6
BOSQUE COUNTY,035,80 Years,164,78,86,149,71,78,1,0,1,0,0,0,4,3,1,10,4,6
BOSQUE COUNTY,035,81 Years,150,68,82,137,62,75,1,0,1,0,0,0,3,2,1,9,4,5
BOSQUE COUNTY,035,82 Years,138,68,70,128,63,65,1,0,1,0,0,0,1,1,0,8,4,4
BOSQUE COUNTY,035,83 Years,130,61,69,122,57,65,2,1,1,0,0,0,2,1,1,4,2,2
BOSQUE COUNTY,035,84 Years,114,50,64,104,46,58,4,2,2,0,0,0,1,0,1,5,2,3
BOSQUE COUNTY,035,85 Years,103,41,62,95,39,56,1,0,1,0,0,0,1,0,1,6,2,4
BOSQUE COUNTY,035,86 Years,87,35,52,80,32,48,2,1,1,0,0,0,1,1,0,4,1,3
BOSQUE COUNTY,035,87 Years,68,29,39,62,25,37,1,1,0,0,0,0,1,1,0,4,2,2
BOSQUE COUNTY,035,88 Years,57,25,32,53,22,31,1,1,0,0,0,0,0,0,0,3,2,1
BOSQUE COUNTY,035,89 Years,59,26,33,54,22,32,2,2,0,0,0,0,1,1,0,2,1,1
BOSQUE COUNTY,035,90 Years,54,22,32,50,20,30,0,0,0,0,0,0,2,1,1,2,1,1
BOSQUE COUNTY,035,91 Years,39,17,22,36,16,20,0,0,0,0,0,0,1,0,1,2,1,1
BOSQUE COUNTY,035,92 Years,32,12,20,27,10,17,0,0,0,0,0,0,2,1,1,3,1,2
BOSQUE COUNTY,035,93 Years,27,9,18,25,9,16,0,0,0,0,0,0,1,0,1,1,0,1
BOSQUE COUNTY,035,94 Years,22,7,15,22,7,15,0,0,0,0,0,0,0,0,0,0,0,0
BOSQUE COUNTY,035,95 Years +,55,16,39,52,14,38,0,0,0,0,0,0,0,0,0,3,2,1
BOWIE COUNTY,037,All Ages,91043,45732,45311,56615,27873,28742,22809,11323,11486,1039,496,543,3380,1725,1655,7200,4315,2885
BOWIE COUNTY,037,< 1 Year,1027,525,502,505,261,244,298,149,149,11,7,4,77,40,37,136,68,68
BOWIE COUNTY,037,1 Years,979,499,480,480,245,235,282,144,138,12,6,6,60,30,30,145,74,71
BOWIE COUNTY,037,2 Years,989,503,486,489,249,240,282,143,139,12,6,6,60,31,29,146,74,72
BOWIE COUNTY,037,3 Years,1074,553,521,521,268,253,326,167,159,8,5,3,85,46,39,134,67,67
BOWIE COUNTY,037,4 Years,1104,562,542,533,270,263,333,168,165,7,4,3,100,53,47,131,67,64
BOWIE COUNTY,037,5 Years,1167,582,585,579,287,292,340,172,168,9,4,5,101,50,51,138,69,69
BOWIE COUNTY,037,6 Years,1226,604,622,616,299,317,347,174,173,10,4,6,104,50,54,149,77,72
BOWIE COUNTY,037,7 Years,1263,625,638,647,317,330,348,171,177,10,6,4,100,48,52,158,83,75
BOWIE COUNTY,037,8 Years,1249,625,624,651,333,318,340,163,177,9,6,3,108,52,56,141,71,70
BOWIE COUNTY,037,9 Years,1239,624,615,655,341,314,336,160,176,11,7,4,101,51,50,136,65,71
BOWIE COUNTY,037,10 Years,1239,630,609,657,343,314,343,165,178,11,7,4,88,48,40,140,67,73
BOWIE COUNTY,037,11 Years,1238,624,614,667,343,324,340,162,178,11,7,4,77,42,35,143,70,73
BOWIE COUNTY,037,12 Years,1166,587,579,632,332,300,314,155,159,9,1,8,80,35,45,131,64,67
BOWIE COUNTY,037,13 Years,1145,575,570,647,318,329,306,157,149,9,5,4,72,37,35,111,58,53
BOWIE COUNTY,037,14 Years,1182,608,574,671,336,335,325,174,151,9,6,3,69,40,29,108,52,56
BOWIE COUNTY,037,15 Years,1239,633,606,691,344,347,338,175,163,7,3,4,80,49,31,123,62,61
BOWIE COUNTY,037,16 Years,1203,618,585,684,353,331,311,157,154,9,4,5,78,39,39,121,65,56
BOWIE COUNTY,037,17 Years,1181,608,573,663,346,317,323,161,162,11,5,6,76,38,38,108,58,50
BOWIE COUNTY,037,18 Years,1206,651,555,688,366,322,328,168,160,8,5,3,66,41,25,116,71,45
BOWIE COUNTY,037,19 Years,1145,608,537,666,352,314,299,150,149,6,5,1,59,38,21,115,63,52
BOWIE COUNTY,037,20 Years,1184,663,521,674,377,297,315,159,156,16,13,3,57,39,18,122,75,47
BOWIE COUNTY,037,21 Years,1178,659,519,648,356,292,326,176,150,19,13,6,60,39,21,125,75,50
BOWIE COUNTY,037,22 Years,1112,615,497,606,326,280,313,175,138,14,5,9,64,37,27,115,72,43
BOWIE COUNTY,037,23 Years,1110,634,476,579,311,268,325,193,132,18,5,13,60,37,23,128,88,40
BOWIE COUNTY,037,24 Years,1067,587,480,545,283,262,324,185,139,23,13,10,47,26,21,128,80,48
BOWIE COUNTY,037,25 Years,1157,661,496,608,326,282,336,199,137,25,19,6,44,23,21,144,94,50
BOWIE COUNTY,037,26 Years,1245,704,541,691,369,322,353,209,144,15,11,4,46,24,22,140,91,49
BOWIE COUNTY,037,27 Years,1346,719,627,746,387,359,399,211,188,13,6,7,45,21,24,143,94,49
BOWIE COUNTY,037,28 Years,1242,669,573,684,353,331,373,199,174,18,11,7,41,22,19,126,84,42
BOWIE COUNTY,037,29 Years,1228,699,529,672,367,305,370,214,156,17,11,6,40,21,19,129,86,43
BOWIE COUNTY,037,30 Years,1277,699,578,695,367,328,391,210,181,13,8,5,36,16,20,142,98,44
BOWIE COUNTY,037,31 Years,1334,704,630,732,375,357,415,207,208,12,8,4,30,11,19,145,103,42
BOWIE COUNTY,037,32 Years,1409,750,659,817,434,383,403,185,218,18,12,6,26,13,13,145,106,39
BOWIE COUNTY,037,33 Years,1311,662,649,756,368,388,399,185,214,19,14,5,24,12,12,113,83,30
BOWIE COUNTY,037,34 Years,1156,624,532,694,352,342,319,171,148,11,9,2,19,12,7,113,80,33
BOWIE COUNTY,037,35 Years,1153,648,505,660,354,306,303,173,130,28,8,20,34,20,14,128,93,35
BOWIE COUNTY,037,36 Years,1103,586,517,621,300,321,294,160,134,27,10,17,31,20,11,130,96,34
BOWIE COUNTY,037,37 Years,1066,561,505,595,287,308,302,164,138,18,8,10,32,13,19,119,89,30
BOWIE COUNTY,037,38 Years,1151,579,572,683,335,348,321,156,165,14,5,9,30,14,16,103,69,34
BOWIE COUNTY,037,39 Years,1183,595,588,725,362,363,311,153,158,17,5,12,28,13,15,102,62,40
BOWIE COUNTY,037,40 Years,1112,569,543,697,348,349,277,139,138,21,9,12,15,6,9,102,67,35
BOWIE COUNTY,037,41 Years,1069,544,525,656,317,339,273,139,134,14,5,9,27,16,11,99,67,32
BOWIE COUNTY,037,42 Years,1089,558,531,659,319,340,278,150,128,17,4,13,24,10,14,111,75,36
BOWIE COUNTY,037,43 Years,1125,574,551,696,338,358,289,153,136,19,4,15,20,8,12,101,71,30
BOWIE COUNTY,037,44 Years,1117,559,558,689,331,358,291,147,144,20,3,17,23,7,16,94,71,23
BOWIE COUNTY,037,45 Years,1082,539,543,681,326,355,264,133,131,20,4,16,28,13,15,89,63,26
BOWIE COUNTY,037,46 Years,1029,538,491,658,335,323,251,129,122,18,10,8,18,7,11,84,57,27
BOWIE COUNTY,037,47 Years,1038,541,497,667,351,316,256,124,132,19,8,11,17,8,9,79,50,29
BOWIE COUNTY,037,48 Years,1050,539,511,672,340,332,265,137,128,20,8,12,16,8,8,77,46,31
BOWIE COUNTY,037,49 Years,1084,561,523,686,347,339,265,134,131,22,11,11,29,15,14,82,54,28
BOWIE COUNTY,037,50 Years,1076,551,525,720,370,350,250,120,130,14,7,7,24,10,14,68,44,24
BOWIE COUNTY,037,51 Years,1097,545,552,760,383,377,253,117,136,9,4,5,15,5,10,60,36,24
BOWIE COUNTY,037,52 Years,1108,551,557,759,374,385,251,120,131,17,9,8,18,9,9,63,39,24
BOWIE COUNTY,037,53 Years,1058,549,509,734,382,352,222,107,115,20,11,9,24,11,13,58,38,20
BOWIE COUNTY,037,54 Years,1040,532,508,719,365,354,233,113,120,18,9,9,17,9,8,53,36,17
BOWIE COUNTY,037,55 Years,1003,504,499,695,351,344,225,103,122,13,8,5,17,9,8,53,33,20
BOWIE COUNTY,037,56 Years,1012,506,506,698,355,343,226,105,121,10,5,5,23,8,15,55,33,22
BOWIE COUNTY,037,57 Years,1080,522,558,742,364,378,250,112,138,15,7,8,25,12,13,48,27,21
BOWIE COUNTY,037,58 Years,1082,526,556,743,365,378,249,112,137,17,8,9,21,11,10,52,30,22
BOWIE COUNTY,037,59 Years,1123,542,581,791,389,402,245,107,138,10,5,5,24,11,13,53,30,23
BOWIE COUNTY,037,60 Years,1145,553,592,811,397,414,258,122,136,8,2,6,26,11,15,42,21,21
BOWIE COUNTY,037,61 Years,1136,549,587,788,383,405,264,124,140,15,4,11,26,15,11,43,23,20
BOWIE COUNTY,037,62 Years,1153,561,592,802,391,411,258,118,140,13,5,8,38,23,15,42,24,18
BOWIE COUNTY,037,63 Years,1097,533,564,766,371,395,250,119,131,11,6,5,34,16,18,36,21,15
BOWIE COUNTY,037,64 Years,1062,523,539,751,366,385,242,117,125,9,4,5,27,14,13,33,22,11
BOWIE COUNTY,037,65 Years,1067,506,561,776,370,406,226,102,124,15,6,9,27,12,15,23,16,7
BOWIE COUNTY,037,66 Years,1055,489,566,752,346,406,244,115,129,12,4,8,25,10,15,22,14,8
BOWIE COUNTY,037,67 Years,1012,458,554,730,330,400,225,104,121,7,3,4,23,10,13,27,11,16
BOWIE COUNTY,037,68 Years,966,445,521,702,325,377,209,97,112,9,3,6,20,10,10,26,10,16
BOWIE COUNTY,037,69 Years,939,424,515,686,309,377,203,92,111,6,2,4,22,12,10,22,9,13
BOWIE COUNTY,037,70 Years,908,407,501,680,304,376,181,81,100,8,3,5,22,11,11,17,8,9
BOWIE COUNTY,037,71 Years,895,415,480,670,312,358,177,78,99,6,3,3,26,13,13,16,9,7
BOWIE COUNTY,037,72 Years,857,398,459,645,304,341,164,71,93,6,1,5,20,11,9,22,11,11
BOWIE COUNTY,037,73 Years,831,396,435,635,308,327,148,64,84,5,1,4,18,10,8,25,13,12
BOWIE COUNTY,037,74 Years,849,396,453,652,304,348,153,69,84,5,2,3,19,10,9,20,11,9
BOWIE COUNTY,037,75 Years,837,388,449,652,298,354,144,69,75,3,2,1,20,9,11,18,10,8
BOWIE COUNTY,037,76 Years,695,317,378,546,249,297,111,46,65,2,1,1,15,7,8,21,14,7
BOWIE COUNTY,037,77 Years,616,265,351,479,209,270,106,41,65,2,1,1,13,5,8,16,9,7
BOWIE COUNTY,037,78 Years,610,248,362,479,197,282,101,40,61,4,1,3,14,5,9,12,5,7
BOWIE COUNTY,037,79 Years,571,230,341,461,187,274,85,36,49,2,0,2,14,4,10,9,3,6
BOWIE COUNTY,037,80 Years,509,214,295,411,172,239,78,32,46,2,1,1,11,5,6,7,4,3
BOWIE COUNTY,037,81 Years,438,190,248,358,158,200,61,24,37,3,2,1,10,3,7,6,3,3
BOWIE COUNTY,037,82 Years,398,161,237,326,135,191,58,19,39,2,2,0,7,3,4,5,2,3
BOWIE COUNTY,037,83 Years,374,155,219,307,130,177,54,21,33,1,0,1,6,1,5,6,3,3
BOWIE COUNTY,037,84 Years,326,131,195,267,110,157,49,17,32,1,0,1,3,2,1,6,2,4
BOWIE COUNTY,037,85 Years,295,116,179,242,99,143,43,13,30,1,0,1,4,2,2,5,2,3
BOWIE COUNTY,037,86 Years,254,94,160,210,82,128,34,9,25,1,0,1,5,2,3,4,1,3
BOWIE COUNTY,037,87 Years,230,81,149,187,67,120,32,10,22,2,1,1,5,1,4,4,2,2
BOWIE COUNTY,037,88 Years,199,73,126,168,63,105,27,10,17,0,0,0,3,0,3,1,0,1
BOWIE COUNTY,037,89 Years,184,65,119,152,55,97,26,8,18,0,0,0,3,1,2,3,1,2
BOWIE COUNTY,037,90 Years,161,53,108,131,45,86,24,7,17,0,0,0,3,1,2,3,0,3
BOWIE COUNTY,037,91 Years,130,42,88,105,35,70,21,6,15,0,0,0,2,1,1,2,0,2
BOWIE COUNTY,037,92 Years,105,36,69,86,30,56,16,5,11,0,0,0,2,1,1,1,0,1
BOWIE COUNTY,037,93 Years,93,28,65,76,25,51,14,3,11,0,0,0,2,0,2,1,0,1
BOWIE COUNTY,037,94 Years,78,22,56,64,20,44,12,2,10,0,0,0,2,0,2,0,0,0
BOWIE COUNTY,037,95 Years +,221,58,163,167,45,122,47,12,35,1,0,1,3,0,3,3,1,2
BRAZORIA COUNTY,039,All Ages,394817,198739,196078,177400,89003,88397,54369,27726,26643,28338,13465,14873,9494,4618,4876,125216,63927,61289
BRAZORIA COUNTY,039,< 1 Year,4729,2418,2311,1517,770,747,642,330,312,269,139,130,352,182,170,1949,997,952
BRAZORIA COUNTY,039,1 Years,4515,2302,2213,1472,750,722,605,309,296,248,126,122,221,113,108,1969,1004,965
BRAZORIA COUNTY,039,2 Years,4484,2289,2195,1474,752,722,600,307,293,241,124,117,217,111,106,1952,995,957
BRAZORIA COUNTY,039,3 Years,4842,2494,2348,1750,915,835,604,312,292,246,130,116,229,118,111,2013,1019,994
BRAZORIA COUNTY,039,4 Years,4984,2567,2417,1818,945,873,626,318,308,255,134,121,238,125,113,2047,1045,1002
BRAZORIA COUNTY,039,5 Years,5080,2615,2465,1884,978,906,629,318,311,272,144,128,253,135,118,2042,1040,1002
BRAZORIA COUNTY,039,6 Years,5267,2722,2545,1988,1035,953,652,330,322,299,162,137,267,146,121,2061,1049,1012
BRAZORIA COUNTY,039,7 Years,5467,2818,2649,2129,1106,1023,659,332,327,321,172,149,280,154,126,2078,1054,1024
BRAZORIA COUNTY,039,8 Years,5748,2946,2802,2232,1159,1073,718,365,353,383,199,184,245,129,116,2170,1094,1076
BRAZORIA COUNTY,039,9 Years,5784,2949,2835,2241,1149,1092,716,363,353,400,206,194,235,122,113,2192,1109,1083
BRAZORIA COUNTY,039,10 Years,5713,2924,2789,2187,1126,1061,687,354,333,408,215,193,233,121,112,2198,1108,1090
BRAZORIA COUNTY,039,11 Years,5810,3002,2808,2201,1135,1066,704,367,337,428,228,200,235,120,115,2242,1152,1090
BRAZORIA COUNTY,039,12 Years,5822,2968,2854,2196,1131,1065,698,355,343,432,224,208,225,110,115,2271,1148,1123
BRAZORIA COUNTY,039,13 Years,5884,2950,2934,2193,1098,1095,747,373,374,440,217,223,225,112,113,2279,1150,1129
BRAZORIA COUNTY,039,14 Years,5861,2969,2892,2160,1101,1059,756,379,377,441,225,216,207,99,108,2297,1165,1132
BRAZORIA COUNTY,039,15 Years,6015,3079,2936,2211,1152,1059,816,399,417,432,215,217,211,105,106,2345,1208,1137
BRAZORIA COUNTY,039,16 Years,5832,3027,2805,2207,1184,1023,795,409,386,404,208,196,190,105,85,2236,1121,1115
BRAZORIA COUNTY,039,17 Years,5680,2942,2738,2131,1122,1009,767,392,375,423,225,198,184,96,88,2175,1107,1068
BRAZORIA COUNTY,039,18 Years,5507,2876,2631,1979,1018,961,745,379,366,415,235,180,186,97,89,2182,1147,1035
BRAZORIA COUNTY,039,19 Years,5335,2795,2540,1904,993,911,690,353,337,401,221,180,186,96,90,2154,1132,1022
BRAZORIA COUNTY,039,20 Years,5359,2791,2568,1944,1029,915,720,364,356,400,207,193,174,89,85,2121,1102,1019
BRAZORIA COUNTY,039,21 Years,5278,2744,2534,1967,1038,929,725,388,337,407,204,203,158,79,79,2021,1035,986
BRAZORIA COUNTY,039,22 Years,5050,2650,2400,1913,1022,891,713,398,315,357,180,177,152,78,74,1915,972,943
BRAZORIA COUNTY,039,23 Years,4526,2390,2136,1780,954,826,638,359,279,276,137,139,124,62,62,1708,878,830
BRAZORIA COUNTY,039,24 Years,4403,2328,2075,1724,927,797,609,320,289,275,136,139,106,53,53,1689,892,797
BRAZORIA COUNTY,039,25 Years,4497,2398,2099,1728,928,800,656,339,317,302,151,151,116,57,59,1695,923,772
BRAZORIA COUNTY,039,26 Years,4641,2412,2229,1744,913,831,670,342,328,342,167,175,126,66,60,1759,924,835
BRAZORIA COUNTY,039,27 Years,4909,2553,2356,1846,964,882,717,389,328,378,182,196,141,75,66,1827,943,884
BRAZORIA COUNTY,039,28 Years,5095,2640,2455,2137,1122,1015,764,434,330,339,153,186,119,61,58,1736,870,866
BRAZORIA COUNTY,039,29 Years,5297,2767,2530,2263,1178,1085,830,465,365,337,142,195,120,57,63,1747,925,822
BRAZORIA COUNTY,039,30 Years,5353,2821,2532,2255,1203,1052,820,446,374,331,146,185,127,59,68,1820,967,853
BRAZORIA COUNTY,039,31 Years,5247,2726,2521,2248,1197,1051,730,389,341,317,154,163,108,44,64,1844,942,902
BRAZORIA COUNTY,039,32 Years,5256,2685,2571,2212,1151,1061,692,354,338,332,160,172,99,46,53,1921,974,947
BRAZORIA COUNTY,039,33 Years,5762,2897,2865,2369,1197,1172,816,416,400,486,208,278,105,38,67,1986,1038,948
BRAZORIA COUNTY,039,34 Years,5854,2936,2918,2463,1231,1232,818,430,388,484,212,272,119,42,77,1970,1021,949
BRAZORIA COUNTY,039,35 Years,5726,2865,2861,2434,1207,1227,816,441,375,421,195,226,122,45,77,1933,977,956
BRAZORIA COUNTY,039,36 Years,5685,2868,2817,2462,1225,1237,805,439,366,428,199,229,97,33,64,1893,972,921
BRAZORIA COUNTY,039,37 Years,5872,2940,2932,2586,1277,1309,842,425,417,431,213,218,100,39,61,1913,986,927
BRAZORIA COUNTY,039,38 Years,5888,2980,2908,2440,1234,1206,866,421,445,446,231,215,87,36,51,2049,1058,991
BRAZORIA COUNTY,039,39 Years,6101,3133,2968,2472,1261,1211,856,465,391,512,244,268,98,49,49,2163,1114,1049
BRAZORIA COUNTY,039,40 Years,6289,3224,3065,2594,1326,1268,901,499,402,521,219,302,100,48,52,2173,1132,1041
BRAZORIA COUNTY,039,41 Years,6357,3233,3124,2605,1334,1271,1045,537,508,524,204,320,95,44,51,2088,1114,974
BRAZORIA COUNTY,039,42 Years,6295,3190,3105,2594,1313,1281,1107,566,541,524,219,305,87,38,49,1983,1054,929
BRAZORIA COUNTY,039,43 Years,5699,2853,2846,2343,1174,1169,947,500,447,481,199,282,77,33,44,1851,947,904
BRAZORIA COUNTY,039,44 Years,5545,2853,2692,2286,1173,1113,863,459,404,479,222,257,75,37,38,1842,962,880
BRAZORIA COUNTY,039,45 Years,5492,2868,2624,2235,1141,1094,881,485,396,506,266,240,72,33,39,1798,943,855
BRAZORIA COUNTY,039,46 Years,5417,2774,2643,2213,1105,1108,861,461,400,527,273,254,66,32,34,1750,903,847
BRAZORIA COUNTY,039,47 Years,5412,2762,2650,2224,1132,1092,934,472,462,478,225,253,91,45,46,1685,888,797
BRAZORIA COUNTY,039,48 Years,5201,2626,2575,2175,1097,1078,871,437,434,498,226,272,86,40,46,1571,826,745
BRAZORIA COUNTY,039,49 Years,5249,2653,2596,2197,1093,1104,870,462,408,546,249,297,86,45,41,1550,804,746
BRAZORIA COUNTY,039,50 Years,5313,2709,2604,2298,1160,1138,887,485,402,524,249,275,82,40,42,1522,775,747
BRAZORIA COUNTY,039,51 Years,5391,2723,2668,2455,1228,1227,890,490,400,492,233,259,74,33,41,1480,739,741
BRAZORIA COUNTY,039,52 Years,5222,2629,2593,2433,1231,1202,872,457,415,453,216,237,72,31,41,1392,694,698
BRAZORIA COUNTY,039,53 Years,4881,2473,2408,2359,1193,1166,754,392,362,418,202,216,78,35,43,1272,651,621
BRAZORIA COUNTY,039,54 Years,4655,2372,2283,2255,1147,1108,701,376,325,394,192,202,71,30,41,1234,627,607
BRAZORIA COUNTY,039,55 Years,4559,2302,2257,2225,1114,1111,699,384,315,349,167,182,55,24,31,1231,613,618
BRAZORIA COUNTY,039,56 Years,4483,2282,2201,2218,1134,1084,704,361,343,324,164,160,57,24,33,1180,599,581
BRAZORIA COUNTY,039,57 Years,4573,2288,2285,2314,1149,1165,706,357,349,327,162,165,60,26,34,1166,594,572
BRAZORIA COUNTY,039,58 Years,4575,2220,2355,2396,1182,1214,679,326,353,343,141,202,61,27,34,1096,544,552
BRAZORIA COUNTY,039,59 Years,4599,2283,2316,2493,1241,1252,675,335,340,329,155,174,67,28,39,1035,524,511
BRAZORIA COUNTY,039,60 Years,4526,2237,2289,2538,1242,1296,635,311,324,294,148,146,62,24,38,997,512,485
BRAZORIA COUNTY,039,61 Years,4439,2148,2291,2523,1227,1296,627,292,335,270,122,148,64,27,37,955,480,475
BRAZORIA COUNTY,039,62 Years,4472,2189,2283,2626,1291,1335,593,287,306,276,114,162,70,31,39,907,466,441
BRAZORIA COUNTY,039,63 Years,4365,2138,2227,2594,1284,1310,563,272,291,260,112,148,70,29,41,878,441,437
BRAZORIA COUNTY,039,64 Years,4236,2044,2192,2561,1249,1312,545,258,287,239,106,133,59,24,35,832,407,425
BRAZORIA COUNTY,039,65 Years,4038,1921,2117,2452,1173,1279,501,229,272,236,107,129,57,28,29,792,384,408
BRAZORIA COUNTY,039,66 Years,3826,1827,1999,2317,1113,1204,462,199,263,232,105,127,54,26,28,761,384,377
BRAZORIA COUNTY,039,67 Years,3754,1818,1936,2304,1120,1184,434,194,240,224,102,122,54,23,31,738,379,359
BRAZORIA COUNTY,039,68 Years,3599,1774,1825,2212,1095,1117,419,191,228,219,104,115,41,17,24,708,367,341
BRAZORIA COUNTY,039,69 Years,3422,1699,1723,2099,1056,1043,407,195,212,223,94,129,36,16,20,657,338,319
BRAZORIA COUNTY,039,70 Years,3149,1530,1619,1964,975,989,381,168,213,186,76,110,36,17,19,582,294,288
BRAZORIA COUNTY,039,71 Years,2855,1354,1501,1764,863,901,360,147,213,176,74,102,43,16,27,512,254,258
BRAZORIA COUNTY,039,72 Years,2723,1274,1449,1733,833,900,318,133,185,171,72,99,38,15,23,463,221,242
BRAZORIA COUNTY,039,73 Years,2742,1256,1486,1755,834,921,309,135,174,184,69,115,34,14,20,460,204,256
BRAZORIA COUNTY,039,74 Years,2661,1247,1414,1739,842,897,278,128,150,178,64,114,32,15,17,434,198,236
BRAZORIA COUNTY,039,75 Years,2499,1173,1326,1692,806,886,243,113,130,155,64,91,27,14,13,382,176,206
BRAZORIA COUNTY,039,76 Years,2033,935,1098,1371,645,726,191,81,110,132,62,70,19,8,11,320,139,181
BRAZORIA COUNTY,039,77 Years,1831,823,1008,1208,567,641,182,69,113,124,49,75,18,9,9,299,129,170
BRAZORIA COUNTY,039,78 Years,1749,771,978,1193,530,663,161,64,97,100,34,66,20,11,9,275,132,143
BRAZORIA COUNTY,039,79 Years,1598,696,902,1132,491,641,135,58,77,83,32,51,20,11,9,228,104,124
BRAZORIA COUNTY,039,80 Years,1424,616,808,1016,446,570,111,47,64,80,33,47,16,7,9,201,83,118
BRAZORIA COUNTY,039,81 Years,1271,538,733,898,388,510,98,40,58,72,28,44,12,3,9,191,79,112
BRAZORIA COUNTY,039,82 Years,1151,489,662,819,356,463,88,38,50,66,24,42,10,3,7,168,68,100
BRAZORIA COUNTY,039,83 Years,1025,454,571,743,330,413,80,36,44,51,21,30,11,4,7,140,63,77
BRAZORIA COUNTY,039,84 Years,911,407,504,664,301,363,70,26,44,42,19,23,11,5,6,124,56,68
BRAZORIA COUNTY,039,85 Years,768,335,433,567,247,320,54,22,32,33,12,21,7,5,2,107,49,58
BRAZORIA COUNTY,039,86 Years,700,284,416,516,214,302,47,16,31,32,9,23,6,3,3,99,42,57
BRAZORIA COUNTY,039,87 Years,654,262,392,480,194,286,40,13,27,32,13,19,5,2,3,97,40,57
BRAZORIA COUNTY,039,88 Years,584,225,359,419,169,250,37,10,27,33,11,22,5,2,3,90,33,57
BRAZORIA COUNTY,039,89 Years,505,182,323,365,141,224,34,6,28,29,8,21,5,3,2,72,24,48
BRAZORIA COUNTY,039,90 Years,412,138,274,290,103,187,34,8,26,26,5,21,4,2,2,58,20,38
BRAZORIA COUNTY,039,91 Years,346,111,235,242,81,161,28,6,22,25,5,20,3,1,2,48,18,30
BRAZORIA COUNTY,039,92 Years,294,90,204,209,68,141,22,6,16,16,3,13,3,1,2,44,12,32
BRAZORIA COUNTY,039,93 Years,243,78,165,176,56,120,19,7,12,10,2,8,3,2,1,35,11,24
BRAZORIA COUNTY,039,94 Years,188,57,131,134,42,92,16,4,12,8,2,6,3,1,2,27,8,19
BRAZORIA COUNTY,039,95 Years +,459,126,333,312,87,225,41,8,33,25,7,18,7,2,5,74,22,52
BRAZOS COUNTY,041,All Ages,245065,123426,121639,131476,65975,65501,26798,12982,13816,15974,8832,7142,5997,3000,2997,64820,32637,32183
BRAZOS COUNTY,041,< 1 Year,3652,1861,1791,1537,785,752,429,219,210,146,75,71,242,124,118,1298,658,640
BRAZOS COUNTY,041,1 Years,3692,1879,1813,1558,793,765,429,218,211,150,76,74,188,96,92,1367,696,671
BRAZOS COUNTY,041,2 Years,3480,1773,1707,1451,739,712,412,210,202,141,72,69,174,88,86,1302,664,638
BRAZOS COUNTY,041,3 Years,2775,1418,1357,1116,564,552,346,178,168,124,64,60,121,66,55,1068,546,522
BRAZOS COUNTY,041,4 Years,2596,1322,1274,1027,511,516,334,167,167,119,63,56,109,60,49,1007,521,486
BRAZOS COUNTY,041,5 Years,2671,1361,1310,1069,533,536,336,171,165,127,66,61,118,61,57,1021,530,491
BRAZOS COUNTY,041,6 Years,2801,1426,1375,1137,563,574,349,176,173,139,75,64,133,69,64,1043,543,500
BRAZOS COUNTY,041,7 Years,2894,1474,1420,1178,584,594,357,181,176,147,81,66,148,77,71,1064,551,513
BRAZOS COUNTY,041,8 Years,2771,1398,1373,1097,551,546,358,175,183,141,71,70,124,67,57,1051,534,517
BRAZOS COUNTY,041,9 Years,2673,1347,1326,1054,536,518,347,171,176,133,66,67,113,60,53,1026,514,512
BRAZOS COUNTY,041,10 Years,2607,1314,1293,1052,537,515,340,167,173,124,64,60,106,55,51,985,491,494
BRAZOS COUNTY,041,11 Years,2642,1341,1301,1078,542,536,341,174,167,125,66,59,106,56,50,992,503,489
BRAZOS COUNTY,041,12 Years,2541,1270,1271,1024,498,526,335,168,167,118,59,59,98,49,49,966,496,470
BRAZOS COUNTY,041,13 Years,2495,1252,1243,983,487,496,354,184,170,99,45,54,93,48,45,966,488,478
BRAZOS COUNTY,041,14 Years,2566,1312,1254,995,499,496,381,209,172,106,52,54,93,47,46,991,505,486
BRAZOS COUNTY,041,15 Years,2593,1361,1232,993,518,475,389,210,179,110,52,58,100,48,52,1001,533,468
BRAZOS COUNTY,041,16 Years,2566,1318,1248,962,501,461,388,199,189,112,48,64,89,46,43,1015,524,491
BRAZOS COUNTY,041,17 Years,2669,1367,1302,1020,530,490,385,191,194,133,64,69,76,44,32,1055,538,517
BRAZOS COUNTY,041,18 Years,3632,1793,1839,1724,848,876,462,228,234,192,105,87,125,63,62,1129,549,580
BRAZOS COUNTY,041,19 Years,5508,2741,2767,3149,1587,1562,516,243,273,253,134,119,141,77,64,1449,700,749
BRAZOS COUNTY,041,20 Years,5647,2796,2851,3258,1635,1623,527,241,286,286,154,132,121,64,57,1455,702,753
BRAZOS COUNTY,041,21 Years,7100,3563,3537,4249,2164,2085,571,275,296,426,216,210,145,67,78,1709,841,868
BRAZOS COUNTY,041,22 Years,9701,4974,4727,6008,3132,2876,669,335,334,594,315,279,185,99,86,2245,1093,1152
BRAZOS COUNTY,041,23 Years,12594,6561,6033,7905,4102,3803,854,448,406,944,584,360,307,141,166,2584,1286,1298
BRAZOS COUNTY,041,24 Years,12520,6554,5966,7745,4065,3680,855,428,427,1115,668,447,341,161,180,2464,1232,1232
BRAZOS COUNTY,041,25 Years,10944,5908,5036,6561,3597,2964,784,387,397,1066,630,436,281,135,146,2252,1159,1093
BRAZOS COUNTY,041,26 Years,7718,4336,3382,4208,2410,1798,685,356,329,877,537,340,211,107,104,1737,926,811
BRAZOS COUNTY,041,27 Years,5324,2923,2401,2664,1474,1190,538,282,256,675,403,272,158,70,88,1289,694,595
BRAZOS COUNTY,041,28 Years,3721,2041,1680,1799,953,846,463,257,206,415,249,166,82,37,45,962,545,417
BRAZOS COUNTY,041,29 Years,3251,1772,1479,1565,840,725,466,249,217,306,181,125,55,28,27,859,474,385
BRAZOS COUNTY,041,30 Years,3568,1880,1688,1727,902,825,487,254,233,305,165,140,80,40,40,969,519,450
BRAZOS COUNTY,041,31 Years,3659,1868,1791,1805,893,912,489,274,215,247,128,119,98,50,48,1020,523,497
BRAZOS COUNTY,041,32 Years,3298,1658,1640,1661,836,825,435,232,203,188,106,82,104,48,56,910,436,474
BRAZOS COUNTY,041,33 Years,2673,1318,1355,1337,670,667,330,169,161,200,107,93,63,29,34,743,343,400
BRAZOS COUNTY,041,34 Years,2299,1135,1164,1116,532,584,293,143,150,183,102,81,46,25,21,661,333,328
BRAZOS COUNTY,041,35 Years,2104,1043,1061,967,465,502,287,138,149,193,115,78,40,21,19,617,304,313
BRAZOS COUNTY,041,36 Years,2337,1181,1156,1093,562,531,322,149,173,202,115,87,32,16,16,688,339,349
BRAZOS COUNTY,041,37 Years,2588,1324,1264,1240,651,589,351,160,191,200,104,96,35,16,19,762,393,369
BRAZOS COUNTY,041,38 Years,2709,1353,1356,1316,669,647,311,144,167,228,120,108,44,22,22,810,398,412
BRAZOS COUNTY,041,39 Years,2716,1370,1346,1279,643,636,315,147,168,238,134,104,46,23,23,838,423,415
BRAZOS COUNTY,041,40 Years,2688,1339,1349,1256,611,645,326,151,175,237,140,97,49,25,24,820,412,408
BRAZOS COUNTY,041,41 Years,2671,1319,1352,1259,605,654,316,154,162,239,144,95,44,20,24,813,396,417
BRAZOS COUNTY,041,42 Years,2605,1321,1284,1231,605,626,298,156,142,240,142,98,44,22,22,792,396,396
BRAZOS COUNTY,041,43 Years,2488,1235,1253,1215,597,618,292,143,149,195,104,91,42,25,17,744,366,378
BRAZOS COUNTY,041,44 Years,2376,1208,1168,1169,585,584,268,138,130,174,95,79,40,25,15,725,365,360
BRAZOS COUNTY,041,45 Years,2296,1162,1134,1123,568,555,270,139,131,179,93,86,33,16,17,691,346,345
BRAZOS COUNTY,041,46 Years,2197,1101,1096,1049,530,519,277,131,146,179,94,85,28,16,12,664,330,334
BRAZOS COUNTY,041,47 Years,2080,1038,1042,957,480,477,250,109,141,179,96,83,28,15,13,666,338,328
BRAZOS COUNTY,041,48 Years,2068,1041,1027,979,495,484,249,113,136,198,115,83,31,15,16,611,303,308
BRAZOS COUNTY,041,49 Years,2081,1026,1055,1000,492,508,257,117,140,194,110,84,34,16,18,596,291,305
BRAZOS COUNTY,041,50 Years,2086,1015,1071,1031,504,527,263,116,147,165,93,72,31,14,17,596,288,308
BRAZOS COUNTY,041,51 Years,2136,1004,1132,1114,535,579,282,115,167,139,70,69,26,10,16,575,274,301
BRAZOS COUNTY,041,52 Years,2098,984,1114,1127,534,593,262,104,158,134,59,75,24,12,12,551,275,276
BRAZOS COUNTY,041,53 Years,2040,968,1072,1124,537,587,243,106,137,138,60,78,25,9,16,510,256,254
BRAZOS COUNTY,041,54 Years,1972,968,1004,1088,542,546,252,117,135,106,47,59,26,11,15,500,251,249
BRAZOS COUNTY,041,55 Years,1908,936,972,1044,520,524,259,108,151,100,52,48,24,11,13,481,245,236
BRAZOS COUNTY,041,56 Years,1935,948,987,1067,525,542,269,111,158,116,61,55,21,12,9,462,239,223
BRAZOS COUNTY,041,57 Years,1974,959,1015,1104,542,562,268,116,152,117,58,59,19,10,9,466,233,233
BRAZOS COUNTY,041,58 Years,2057,998,1059,1150,558,592,283,130,153,110,53,57,24,12,12,490,245,245
BRAZOS COUNTY,041,59 Years,2036,977,1059,1183,559,624,285,129,156,94,52,42,28,15,13,446,222,224
BRAZOS COUNTY,041,60 Years,1940,913,1027,1171,544,627,270,119,151,89,53,36,30,12,18,380,185,195
BRAZOS COUNTY,041,61 Years,1981,925,1056,1234,570,664,247,112,135,89,45,44,26,11,15,385,187,198
BRAZOS COUNTY,041,62 Years,2019,951,1068,1275,594,681,260,121,139,85,37,48,27,12,15,372,187,185
BRAZOS COUNTY,041,63 Years,1921,918,1003,1234,590,644,244,105,139,75,33,42,23,10,13,345,180,165
BRAZOS COUNTY,041,64 Years,1903,918,985,1229,594,635,240,106,134,65,29,36,24,10,14,345,179,166
BRAZOS COUNTY,041,65 Years,1911,905,1006,1244,588,656,245,108,137,61,28,33,25,10,15,336,171,165
BRAZOS COUNTY,041,66 Years,1822,846,976,1237,572,665,213,96,117,53,26,27,23,10,13,296,142,154
BRAZOS COUNTY,041,67 Years,1719,797,922,1172,540,632,203,92,111,50,25,25,25,13,12,269,127,142
BRAZOS COUNTY,041,68 Years,1658,780,878,1137,518,619,177,79,98,58,34,24,20,12,8,266,137,129
BRAZOS COUNTY,041,69 Years,1574,760,814,1105,521,584,158,70,88,56,31,25,12,8,4,243,130,113
BRAZOS COUNTY,041,70 Years,1487,710,777,1049,482,567,157,70,87,54,30,24,15,10,5,212,118,94
BRAZOS COUNTY,041,71 Years,1365,649,716,965,449,516,144,64,80,56,29,27,12,6,6,188,101,87
BRAZOS COUNTY,041,72 Years,1301,619,682,934,450,484,129,57,72,51,25,26,11,6,5,176,81,95
BRAZOS COUNTY,041,73 Years,1136,536,600,839,401,438,102,43,59,32,18,14,12,7,5,151,67,84
BRAZOS COUNTY,041,74 Years,1126,517,609,847,390,457,95,43,52,26,14,12,12,6,6,146,64,82
BRAZOS COUNTY,041,75 Years,1138,528,610,864,402,462,97,44,53,25,15,10,12,6,6,140,61,79
BRAZOS COUNTY,041,76 Years,967,443,524,730,344,386,77,29,48,23,12,11,13,6,7,124,52,72
BRAZOS COUNTY,041,77 Years,867,385,482,644,298,346,70,24,46,21,11,10,10,5,5,122,47,75
BRAZOS COUNTY,041,78 Years,823,356,467,616,270,346,68,25,43,24,13,11,9,4,5,106,44,62
BRAZOS COUNTY,041,79 Years,758,332,426,576,257,319,62,23,39,19,10,9,8,3,5,93,39,54
BRAZOS COUNTY,041,80 Years,680,297,383,528,237,291,50,18,32,14,7,7,7,3,4,81,32,49
BRAZOS COUNTY,041,81 Years,614,260,354,478,203,275,48,18,30,14,6,8,6,2,4,68,31,37
BRAZOS COUNTY,041,82 Years,554,220,334,434,173,261,48,16,32,12,5,7,8,3,5,52,23,29
BRAZOS COUNTY,041,83 Years,501,204,297,407,168,239,42,15,27,10,6,4,5,1,4,37,14,23
BRAZOS COUNTY,041,84 Years,481,195,286,391,162,229,37,13,24,8,4,4,6,1,5,39,15,24
BRAZOS COUNTY,041,85 Years,424,167,257,335,135,200,32,9,23,6,3,3,5,2,3,46,18,28
BRAZOS COUNTY,041,86 Years,366,141,225,287,113,174,29,7,22,6,2,4,3,1,2,41,18,23
BRAZOS COUNTY,041,87 Years,320,127,193,253,103,150,26,6,20,6,2,4,3,2,1,32,14,18
BRAZOS COUNTY,041,88 Years,306,124,182,244,102,142,23,5,18,5,1,4,3,2,1,31,14,17
BRAZOS COUNTY,041,89 Years,267,104,163,210,85,125,23,7,16,3,1,2,3,1,2,28,10,18
BRAZOS COUNTY,041,90 Years,227,86,141,180,72,108,19,7,12,3,1,2,1,0,1,24,6,18
BRAZOS COUNTY,041,91 Years,190,69,121,156,60,96,14,4,10,4,1,3,1,1,0,15,3,12
BRAZOS COUNTY,041,92 Years,153,58,95,123,46,77,13,5,8,2,1,1,1,1,0,14,5,9
BRAZOS COUNTY,041,93 Years,120,43,77,95,33,62,12,3,9,1,1,0,1,1,0,11,5,6
BRAZOS COUNTY,041,94 Years,99,31,68,82,26,56,7,2,5,1,0,1,1,0,1,8,3,5
BRAZOS COUNTY,041,95 Years +,260,79,181,194,58,136,28,7,21,7,4,3,2,1,1,29,9,20
BREWSTER COUNTY,043,All Ages,9708,5043,4665,4652,2375,2277,273,220,53,120,51,69,457,219,238,4206,2178,2028
BREWSTER COUNTY,043,< 1 Year,106,55,51,36,20,16,1,0,1,1,0,1,4,2,2,64,33,31
BREWSTER COUNTY,043,1 Years,115,58,57,41,22,19,1,0,1,1,0,1,3,1,2,69,35,34
BREWSTER COUNTY,043,2 Years,113,60,53,42,22,20,0,0,0,1,1,0,1,1,0,69,36,33
BREWSTER COUNTY,043,3 Years,104,58,46,40,20,20,1,0,1,1,1,0,3,3,0,59,34,25
BREWSTER COUNTY,043,4 Years,97,56,41,38,22,16,2,1,1,0,0,0,3,1,2,54,32,22
BREWSTER COUNTY,043,5 Years,102,55,47,38,20,18,3,2,1,2,1,1,5,2,3,54,30,24
BREWSTER COUNTY,043,6 Years,98,50,48,37,18,19,2,1,1,2,1,1,5,2,3,52,28,24
BREWSTER COUNTY,043,7 Years,98,46,52,40,18,22,2,0,2,2,1,1,5,1,4,49,26,23
BREWSTER COUNTY,043,8 Years,91,50,41,34,16,18,0,0,0,5,2,3,5,4,1,47,28,19
BREWSTER COUNTY,043,9 Years,87,47,40,33,16,17,0,0,0,1,0,1,4,2,2,49,29,20
BREWSTER COUNTY,043,10 Years,88,48,40,34,18,16,0,0,0,0,0,0,3,1,2,51,29,22
BREWSTER COUNTY,043,11 Years,91,50,41,33,18,15,2,0,2,0,0,0,5,3,2,51,29,22
BREWSTER COUNTY,043,12 Years,89,47,42,33,18,15,0,0,0,0,0,0,5,3,2,51,26,25
BREWSTER COUNTY,043,13 Years,92,49,43,36,21,15,1,1,0,2,2,0,4,2,2,49,23,26
BREWSTER COUNTY,043,14 Years,87,46,41,33,18,15,0,0,0,2,2,0,3,0,3,49,26,23
BREWSTER COUNTY,043,15 Years,85,46,39,28,15,13,1,0,1,2,2,0,2,0,2,52,29,23
BREWSTER COUNTY,043,16 Years,108,52,56,35,19,16,1,0,1,3,2,1,13,1,12,56,30,26
BREWSTER COUNTY,043,17 Years,96,44,52,30,14,16,0,0,0,2,1,1,7,1,6,57,28,29
BREWSTER COUNTY,043,18 Years,89,45,44,29,16,13,1,1,0,1,0,1,7,2,5,51,26,25
BREWSTER COUNTY,043,19 Years,98,55,43,33,21,12,11,6,5,1,1,0,2,2,0,51,25,26
BREWSTER COUNTY,043,20 Years,131,82,49,33,22,11,16,16,0,4,1,3,29,19,10,49,24,25
BREWSTER COUNTY,043,21 Years,132,70,62,28,13,15,27,22,5,3,2,1,20,5,15,54,28,26
BREWSTER COUNTY,043,22 Years,142,99,43,30,14,16,34,34,0,0,0,0,21,20,1,57,31,26
BREWSTER COUNTY,043,23 Years,142,84,58,34,18,16,25,25,0,15,1,14,6,6,0,62,34,28
BREWSTER COUNTY,043,24 Years,128,72,56,37,24,13,31,19,12,1,0,1,0,0,0,59,29,30
BREWSTER COUNTY,043,25 Years,120,76,44,33,22,11,19,18,1,0,0,0,0,0,0,68,36,32
BREWSTER COUNTY,043,26 Years,136,74,62,40,21,19,12,12,0,1,1,0,12,0,12,71,40,31
BREWSTER COUNTY,043,27 Years,116,73,43,30,15,15,0,0,0,2,2,0,17,17,0,67,39,28
BREWSTER COUNTY,043,28 Years,117,55,62,29,12,17,12,12,0,8,2,6,17,1,16,51,28,23
BREWSTER COUNTY,043,29 Years,125,69,56,49,27,22,12,12,0,1,1,0,17,1,16,46,28,18
BREWSTER COUNTY,043,30 Years,105,56,49,52,33,19,0,0,0,1,1,0,11,0,11,41,22,19
BREWSTER COUNTY,043,31 Years,102,58,44,51,34,17,0,0,0,1,1,0,0,0,0,50,23,27
BREWSTER COUNTY,043,32 Years,107,60,47,49,29,20,0,0,0,1,1,0,0,0,0,57,30,27
BREWSTER COUNTY,043,33 Years,115,62,53,48,24,24,2,1,1,3,3,0,2,2,0,60,32,28
BREWSTER COUNTY,043,34 Years,112,60,52,47,23,24,2,1,1,3,2,1,4,3,1,56,31,25
BREWSTER COUNTY,043,35 Years,117,70,47,49,25,24,2,1,1,2,0,2,14,12,2,50,32,18
BREWSTER COUNTY,043,36 Years,112,61,51,53,25,28,12,11,1,1,0,1,4,3,1,42,22,20
BREWSTER COUNTY,043,37 Years,111,52,59,52,26,26,1,1,0,3,1,2,4,3,1,51,21,30
BREWSTER COUNTY,043,38 Years,125,66,59,61,35,26,2,2,0,3,1,2,2,1,1,57,27,30
BREWSTER COUNTY,043,39 Years,139,85,54,61,34,27,1,1,0,1,1,0,17,15,2,59,34,25
BREWSTER COUNTY,043,40 Years,122,64,58,63,30,33,1,1,0,1,1,0,3,1,2,54,31,23
BREWSTER COUNTY,043,41 Years,125,69,56,60,33,27,4,2,2,0,0,0,3,1,2,58,33,25
BREWSTER COUNTY,043,42 Years,125,69,56,59,32,27,3,2,1,0,0,0,2,0,2,61,35,26
BREWSTER COUNTY,043,43 Years,118,61,57,55,27,28,1,0,1,2,0,2,1,0,1,59,34,25
BREWSTER COUNTY,043,44 Years,121,59,62,56,26,30,1,0,1,2,0,2,4,3,1,58,30,28
BREWSTER COUNTY,043,45 Years,117,51,66,53,23,30,1,0,1,1,0,1,4,3,1,58,25,33
BREWSTER COUNTY,043,46 Years,118,57,61,51,27,24,2,1,1,2,0,2,3,2,1,60,27,33
BREWSTER COUNTY,043,47 Years,132,68,64,57,29,28,1,0,1,2,0,2,2,1,1,70,38,32
BREWSTER COUNTY,043,48 Years,115,68,47,51,30,21,2,1,1,1,0,1,9,8,1,52,29,23
BREWSTER COUNTY,043,49 Years,105,53,52,44,26,18,0,0,0,1,0,1,13,1,12,47,26,21
BREWSTER COUNTY,043,50 Years,104,51,53,49,25,24,0,0,0,1,0,1,1,0,1,53,26,27
BREWSTER COUNTY,043,51 Years,106,55,51,52,28,24,0,0,0,3,3,0,1,0,1,50,24,26
BREWSTER COUNTY,043,52 Years,123,64,59,55,28,27,0,0,0,3,2,1,13,8,5,52,26,26
BREWSTER COUNTY,043,53 Years,113,62,51,53,29,24,1,1,0,1,0,1,6,5,1,52,27,25
BREWSTER COUNTY,043,54 Years,135,69,66,58,30,28,0,0,0,3,3,0,22,11,11,52,25,27
BREWSTER COUNTY,043,55 Years,110,51,59,53,26,27,2,1,1,2,1,1,0,0,0,53,23,30
BREWSTER COUNTY,043,56 Years,96,46,50,47,23,24,2,1,1,1,0,1,1,0,1,45,22,23
BREWSTER COUNTY,043,57 Years,106,49,57,53,25,28,1,1,0,0,0,0,1,0,1,51,23,28
BREWSTER COUNTY,043,58 Years,119,56,63,57,26,31,3,1,2,0,0,0,2,1,1,57,28,29
BREWSTER COUNTY,043,59 Years,118,59,59,60,27,33,1,0,1,0,0,0,3,1,2,54,31,23
BREWSTER COUNTY,043,60 Years,119,56,63,70,33,37,0,0,0,0,0,0,3,1,2,46,22,24
BREWSTER COUNTY,043,61 Years,120,61,59,64,34,30,1,1,0,0,0,0,3,1,2,52,25,27
BREWSTER COUNTY,043,62 Years,122,64,58,63,31,32,1,1,0,1,0,1,3,1,2,54,31,23
BREWSTER COUNTY,043,63 Years,123,54,69,67,28,39,0,0,0,2,1,1,3,1,2,51,24,27
BREWSTER COUNTY,043,64 Years,124,55,69,71,28,43,0,0,0,1,1,0,4,2,2,48,24,24
BREWSTER COUNTY,043,65 Years,136,63,73,83,39,44,0,0,0,1,1,0,3,1,2,49,22,27
BREWSTER COUNTY,043,66 Years,139,63,76,91,42,49,0,0,0,0,0,0,4,2,2,44,19,25
BREWSTER COUNTY,043,67 Years,143,65,78,96,40,56,2,2,0,1,0,1,4,2,2,40,21,19
BREWSTER COUNTY,043,68 Years,138,67,71,94,42,52,1,1,0,1,0,1,2,1,1,40,23,17
BREWSTER COUNTY,043,69 Years,145,76,69,102,52,50,1,1,0,1,0,1,2,1,1,39,22,17
BREWSTER COUNTY,043,70 Years,138,79,59,99,58,41,0,0,0,0,0,0,3,1,2,36,20,16
BREWSTER COUNTY,043,71 Years,117,64,53,77,42,35,0,0,0,0,0,0,5,1,4,35,21,14
BREWSTER COUNTY,043,72 Years,128,61,67,91,41,50,0,0,0,0,0,0,5,1,4,32,19,13
BREWSTER COUNTY,043,73 Years,136,58,78,103,43,60,0,0,0,0,0,0,5,1,4,28,14,14
BREWSTER COUNTY,043,74 Years,123,62,61,93,47,46,0,0,0,0,0,0,5,2,3,25,13,12
BREWSTER COUNTY,043,75 Years,123,66,57,96,49,47,0,0,0,0,0,0,4,3,1,23,14,9
BREWSTER COUNTY,043,76 Years,104,55,49,79,42,37,0,0,0,1,0,1,2,1,1,22,12,10
BREWSTER COUNTY,043,77 Years,90,47,43,63,35,28,0,0,0,1,0,1,3,2,1,23,10,13
BREWSTER COUNTY,043,78 Years,85,42,43,56,32,24,0,0,0,1,0,1,3,1,2,25,9,16
BREWSTER COUNTY,043,79 Years,80,40,40,52,31,21,0,0,0,0,0,0,3,1,2,25,8,17
BREWSTER COUNTY,043,80 Years,71,33,38,52,26,26,0,0,0,0,0,0,1,0,1,18,7,11
BREWSTER COUNTY,043,81 Years,67,30,37,51,25,26,0,0,0,0,0,0,1,0,1,15,5,10
BREWSTER COUNTY,043,82 Years,63,32,31,45,24,21,0,0,0,0,0,0,1,1,0,17,7,10
BREWSTER COUNTY,043,83 Years,62,32,30,43,23,20,0,0,0,0,0,0,0,0,0,19,9,10
BREWSTER COUNTY,043,84 Years,54,30,24,38,22,16,0,0,0,0,0,0,1,1,0,15,7,8
BREWSTER COUNTY,043,85 Years,43,26,17,28,17,11,0,0,0,0,0,0,1,1,0,14,8,6
BREWSTER COUNTY,043,86 Years,31,19,12,19,12,7,1,1,0,0,0,0,0,0,0,11,6,5
BREWSTER COUNTY,043,87 Years,34,15,19,21,10,11,1,1,0,0,0,0,0,0,0,12,4,8
BREWSTER COUNTY,043,88 Years,26,10,16,15,7,8,0,0,0,0,0,0,0,0,0,11,3,8
BREWSTER COUNTY,043,89 Years,21,6,15,13,4,9,0,0,0,0,0,0,0,0,0,8,2,6
BREWSTER COUNTY,043,90 Years,18,5,13,11,3,8,0,0,0,0,0,0,0,0,0,7,2,5
BREWSTER COUNTY,043,91 Years,16,4,12,9,3,6,0,0,0,0,0,0,0,0,0,7,1,6
BREWSTER COUNTY,043,92 Years,16,4,12,9,2,7,0,0,0,0,0,0,1,1,0,6,1,5
BREWSTER COUNTY,043,93 Years,13,5,8,8,3,5,0,0,0,0,0,0,0,0,0,5,2,3
BREWSTER COUNTY,043,94 Years,12,4,8,8,3,5,0,0,0,0,0,0,1,0,1,3,1,2
BREWSTER COUNTY,043,95 Years +,32,8,24,17,4,13,0,0,0,0,0,0,1,0,1,14,4,10
BRISCOE COUNTY,045,All Ages,1425,709,716,952,469,483,18,12,6,0,0,0,8,4,4,447,224,223
BRISCOE COUNTY,045,< 1 Year,15,7,8,8,4,4,0,0,0,0,0,0,1,0,1,6,3,3
BRISCOE COUNTY,045,1 Years,15,8,7,7,4,3,0,0,0,0,0,0,1,1,0,7,3,4
BRISCOE COUNTY,045,2 Years,16,10,6,8,5,3,0,0,0,0,0,0,1,1,0,7,4,3
BRISCOE COUNTY,045,3 Years,20,10,10,13,7,6,0,0,0,0,0,0,0,0,0,7,3,4
BRISCOE COUNTY,045,4 Years,18,10,8,13,8,5,0,0,0,0,0,0,0,0,0,5,2,3
BRISCOE COUNTY,045,5 Years,18,10,8,14,7,7,0,0,0,0,0,0,0,0,0,4,3,1
BRISCOE COUNTY,045,6 Years,13,6,7,11,5,6,0,0,0,0,0,0,0,0,0,2,1,1
BRISCOE COUNTY,045,7 Years,12,6,6,7,3,4,0,0,0,0,0,0,0,0,0,5,3,2
BRISCOE COUNTY,045,8 Years,14,6,8,8,3,5,0,0,0,0,0,0,0,0,0,6,3,3
BRISCOE COUNTY,045,9 Years,15,5,10,9,2,7,0,0,0,0,0,0,0,0,0,6,3,3
BRISCOE COUNTY,045,10 Years,18,6,12,12,4,8,0,0,0,0,0,0,0,0,0,6,2,4
BRISCOE COUNTY,045,11 Years,16,8,8,10,6,4,0,0,0,0,0,0,0,0,0,6,2,4
BRISCOE COUNTY,045,12 Years,21,11,10,11,8,3,1,0,1,0,0,0,1,0,1,8,3,5
BRISCOE COUNTY,045,13 Years,16,9,7,8,4,4,0,0,0,0,0,0,0,0,0,8,5,3
BRISCOE COUNTY,045,14 Years,16,9,7,9,4,5,0,0,0,0,0,0,0,0,0,7,5,2
BRISCOE COUNTY,045,15 Years,20,10,10,10,3,7,0,0,0,0,0,0,0,0,0,10,7,3
BRISCOE COUNTY,045,16 Years,19,11,8,10,6,4,0,0,0,0,0,0,0,0,0,9,5,4
BRISCOE COUNTY,045,17 Years,18,10,8,11,6,5,0,0,0,0,0,0,0,0,0,7,4,3
BRISCOE COUNTY,045,18 Years,14,6,8,8,5,3,0,0,0,0,0,0,0,0,0,6,1,5
BRISCOE COUNTY,045,19 Years,15,8,7,7,5,2,1,0,1,0,0,0,0,0,0,7,3,4
BRISCOE COUNTY,045,20 Years,17,11,6,9,6,3,1,0,1,0,0,0,0,0,0,7,5,2
BRISCOE COUNTY,045,21 Years,13,8,5,7,4,3,0,0,0,0,0,0,0,0,0,6,4,2
BRISCOE COUNTY,045,22 Years,12,7,5,5,2,3,0,0,0,0,0,0,1,1,0,6,4,2
BRISCOE COUNTY,045,23 Years,13,7,6,7,3,4,1,1,0,0,0,0,1,1,0,4,2,2
BRISCOE COUNTY,045,24 Years,8,3,5,5,2,3,0,0,0,0,0,0,0,0,0,3,1,2
BRISCOE COUNTY,045,25 Years,7,4,3,4,2,2,0,0,0,0,0,0,0,0,0,3,2,1
BRISCOE COUNTY,045,26 Years,10,5,5,5,2,3,0,0,0,0,0,0,0,0,0,5,3,2
BRISCOE COUNTY,045,27 Years,11,5,6,6,2,4,0,0,0,0,0,0,0,0,0,5,3,2
BRISCOE COUNTY,045,28 Years,13,8,5,9,6,3,0,0,0,0,0,0,1,0,1,3,2,1
BRISCOE COUNTY,045,29 Years,13,8,5,9,6,3,0,0,0,0,0,0,1,0,1,3,2,1
BRISCOE COUNTY,045,30 Years,13,8,5,9,5,4,0,0,0,0,0,0,0,0,0,4,3,1
BRISCOE COUNTY,045,31 Years,12,7,5,8,4,4,0,0,0,0,0,0,0,0,0,4,3,1
BRISCOE COUNTY,045,32 Years,10,7,3,6,4,2,0,0,0,0,0,0,0,0,0,4,3,1
BRISCOE COUNTY,045,33 Years,18,10,8,7,4,3,1,1,0,0,0,0,0,0,0,10,5,5
BRISCOE COUNTY,045,34 Years,23,15,8,11,7,4,1,1,0,0,0,0,0,0,0,11,7,4
BRISCOE COUNTY,045,35 Years,17,7,10,8,4,4,1,1,0,0,0,0,0,0,0,8,2,6
BRISCOE COUNTY,045,36 Years,19,7,12,11,4,7,1,1,0,0,0,0,0,0,0,7,2,5
BRISCOE COUNTY,045,37 Years,17,6,11,11,4,7,1,1,0,0,0,0,0,0,0,5,1,4
BRISCOE COUNTY,045,38 Years,13,7,6,10,6,4,0,0,0,0,0,0,0,0,0,3,1,2
BRISCOE COUNTY,045,39 Years,14,8,6,9,4,5,0,0,0,0,0,0,0,0,0,5,4,1
BRISCOE COUNTY,045,40 Years,16,9,7,8,3,5,0,0,0,0,0,0,0,0,0,8,6,2
BRISCOE COUNTY,045,41 Years,19,12,7,11,6,5,0,0,0,0,0,0,0,0,0,8,6,2
BRISCOE COUNTY,045,42 Years,20,10,10,12,5,7,0,0,0,0,0,0,0,0,0,8,5,3
BRISCOE COUNTY,045,43 Years,15,5,10,7,2,5,0,0,0,0,0,0,0,0,0,8,3,5
BRISCOE COUNTY,045,44 Years,14,4,10,5,2,3,0,0,0,0,0,0,0,0,0,9,2,7
BRISCOE COUNTY,045,45 Years,17,11,6,7,5,2,1,1,0,0,0,0,0,0,0,9,5,4
BRISCOE COUNTY,045,46 Years,20,10,10,10,5,5,1,1,0,0,0,0,0,0,0,9,4,5
BRISCOE COUNTY,045,47 Years,19,9,10,13,6,7,0,0,0,0,0,0,0,0,0,6,3,3
BRISCOE COUNTY,045,48 Years,15,7,8,8,3,5,0,0,0,0,0,0,0,0,0,7,4,3
BRISCOE COUNTY,045,49 Years,17,7,10,9,3,6,1,0,1,0,0,0,0,0,0,7,4,3
BRISCOE COUNTY,045,50 Years,16,6,10,11,4,7,0,0,0,0,0,0,0,0,0,5,2,3
BRISCOE COUNTY,045,51 Years,14,6,8,12,5,7,0,0,0,0,0,0,0,0,0,2,1,1
BRISCOE COUNTY,045,52 Years,15,5,10,10,4,6,0,0,0,0,0,0,0,0,0,5,1,4
BRISCOE COUNTY,045,53 Years,23,9,14,13,6,7,2,2,0,0,0,0,0,0,0,8,1,7
BRISCOE COUNTY,045,54 Years,17,8,9,8,4,4,1,1,0,0,0,0,0,0,0,8,3,5
BRISCOE COUNTY,045,55 Years,14,6,8,10,4,6,0,0,0,0,0,0,0,0,0,4,2,2
BRISCOE COUNTY,045,56 Years,15,6,9,12,5,7,0,0,0,0,0,0,0,0,0,3,1,2
BRISCOE COUNTY,045,57 Years,21,7,14,18,6,12,0,0,0,0,0,0,0,0,0,3,1,2
BRISCOE COUNTY,045,58 Years,23,8,15,16,7,9,0,0,0,0,0,0,0,0,0,7,1,6
BRISCOE COUNTY,045,59 Years,21,10,11,15,7,8,0,0,0,0,0,0,0,0,0,6,3,3
BRISCOE COUNTY,045,60 Years,27,17,10,18,10,8,0,0,0,0,0,0,0,0,0,9,7,2
BRISCOE COUNTY,045,61 Years,25,17,8,18,11,7,0,0,0,0,0,0,0,0,0,7,6,1
BRISCOE COUNTY,045,62 Years,24,13,11,17,9,8,0,0,0,0,0,0,0,0,0,7,4,3
BRISCOE COUNTY,045,63 Years,23,12,11,15,9,6,0,0,0,0,0,0,0,0,0,8,3,5
BRISCOE COUNTY,045,64 Years,19,8,11,12,5,7,0,0,0,0,0,0,0,0,0,7,3,4
BRISCOE COUNTY,045,65 Years,21,9,12,15,6,9,0,0,0,0,0,0,0,0,0,6,3,3
BRISCOE COUNTY,045,66 Years,18,7,11,15,6,9,0,0,0,0,0,0,0,0,0,3,1,2
BRISCOE COUNTY,045,67 Years,16,6,10,14,5,9,0,0,0,0,0,0,0,0,0,2,1,1
BRISCOE COUNTY,045,68 Years,17,8,9,15,8,7,1,0,1,0,0,0,0,0,0,1,0,1
BRISCOE COUNTY,045,69 Years,17,10,7,17,10,7,0,0,0,0,0,0,0,0,0,0,0,0
BRISCOE COUNTY,045,70 Years,16,9,7,16,9,7,0,0,0,0,0,0,0,0,0,0,0,0
BRISCOE COUNTY,045,71 Years,15,8,7,14,8,6,1,0,1,0,0,0,0,0,0,0,0,0
BRISCOE COUNTY,045,72 Years,14,7,7,12,6,6,0,0,0,0,0,0,0,0,0,2,1,1
BRISCOE COUNTY,045,73 Years,15,6,9,13,6,7,0,0,0,0,0,0,0,0,0,2,0,2
BRISCOE COUNTY,045,74 Years,16,8,8,14,7,7,1,1,0,0,0,0,0,0,0,1,0,1
BRISCOE COUNTY,045,75 Years,18,9,9,17,9,8,0,0,0,0,0,0,0,0,0,1,0,1
BRISCOE COUNTY,045,76 Years,20,11,9,18,10,8,0,0,0,0,0,0,0,0,0,2,1,1
BRISCOE COUNTY,045,77 Years,15,9,6,13,8,5,0,0,0,0,0,0,0,0,0,2,1,1
BRISCOE COUNTY,045,78 Years,17,9,8,13,8,5,0,0,0,0,0,0,0,0,0,4,1,3
BRISCOE COUNTY,045,79 Years,16,8,8,12,6,6,0,0,0,0,0,0,0,0,0,4,2,2
BRISCOE COUNTY,045,80 Years,13,8,5,11,7,4,0,0,0,0,0,0,0,0,0,2,1,1
BRISCOE COUNTY,045,81 Years,12,8,4,11,7,4,0,0,0,0,0,0,0,0,0,1,1,0
BRISCOE COUNTY,045,82 Years,10,6,4,9,5,4,0,0,0,0,0,0,0,0,0,1,1,0
BRISCOE COUNTY,045,83 Years,9,3,6,8,3,5,0,0,0,0,0,0,0,0,0,1,0,1
BRISCOE COUNTY,045,84 Years,8,3,5,7,3,4,0,0,0,0,0,0,0,0,0,1,0,1
BRISCOE COUNTY,045,85 Years,8,3,5,7,3,4,0,0,0,0,0,0,0,0,0,1,0,1
BRISCOE COUNTY,045,86 Years,6,2,4,5,2,3,0,0,0,0,0,0,0,0,0,1,0,1
BRISCOE COUNTY,045,87 Years,6,2,4,5,2,3,0,0,0,0,0,0,0,0,0,1,0,1
BRISCOE COUNTY,045,88 Years,5,3,2,4,2,2,0,0,0,0,0,0,0,0,0,1,1,0
BRISCOE COUNTY,045,89 Years,4,1,3,4,1,3,0,0,0,0,0,0,0,0,0,0,0,0
BRISCOE COUNTY,045,90 Years,5,2,3,4,1,3,0,0,0,0,0,0,0,0,0,1,1,0
BRISCOE COUNTY,045,91 Years,4,2,2,3,1,2,0,0,0,0,0,0,0,0,0,1,1,0
BRISCOE COUNTY,045,92 Years,3,2,1,2,1,1,0,0,0,0,0,0,0,0,0,1,1,0
BRISCOE COUNTY,045,93 Years,3,2,1,2,1,1,0,0,0,0,0,0,0,0,0,1,1,0
BRISCOE COUNTY,045,94 Years,3,1,2,3,1,2,0,0,0,0,0,0,0,0,0,0,0,0
BRISCOE COUNTY,045,95 Years +,4,1,3,4,1,3,0,0,0,0,0,0,0,0,0,0,0,0
BROOKS COUNTY,047,All Ages,6820,3491,3329,552,292,260,15,11,4,8,6,2,19,2,17,6226,3180,3046
BROOKS COUNTY,047,< 1 Year,85,42,43,6,3,3,0,0,0,0,0,0,1,0,1,78,39,39
BROOKS COUNTY,047,1 Years,89,46,43,7,4,3,1,1,0,0,0,0,1,1,0,80,40,40
BROOKS COUNTY,047,2 Years,89,44,45,7,4,3,1,0,1,0,0,0,1,0,1,80,40,40
BROOKS COUNTY,047,3 Years,109,55,54,5,3,2,0,0,0,0,0,0,1,0,1,103,52,51
BROOKS COUNTY,047,4 Years,110,56,54,4,2,2,0,0,0,0,0,0,1,0,1,105,54,51
BROOKS COUNTY,047,5 Years,110,58,52,4,2,2,0,0,0,0,0,0,1,0,1,105,56,49
BROOKS COUNTY,047,6 Years,111,60,51,4,3,1,0,0,0,0,0,0,1,0,1,106,57,49
BROOKS COUNTY,047,7 Years,111,59,52,4,2,2,0,0,0,0,0,0,0,0,0,107,57,50
BROOKS COUNTY,047,8 Years,115,61,54,7,3,4,1,1,0,0,0,0,1,0,1,106,57,49
BROOKS COUNTY,047,9 Years,113,58,55,8,3,5,1,1,0,0,0,0,1,0,1,103,54,49
BROOKS COUNTY,047,10 Years,119,62,57,8,4,4,1,1,0,0,0,0,1,0,1,109,57,52
BROOKS COUNTY,047,11 Years,118,65,53,7,4,3,1,1,0,0,0,0,1,0,1,109,60,49
BROOKS COUNTY,047,12 Years,115,63,52,6,3,3,1,1,0,0,0,0,1,0,1,107,59,48
BROOKS COUNTY,047,13 Years,98,55,43,7,3,4,1,1,0,0,0,0,0,0,0,90,51,39
BROOKS COUNTY,047,14 Years,93,51,42,8,4,4,0,0,0,2,1,1,0,0,0,83,46,37
BROOKS COUNTY,047,15 Years,101,57,44,6,4,2,0,0,0,2,1,1,0,0,0,93,52,41
BROOKS COUNTY,047,16 Years,101,59,42,7,5,2,0,0,0,1,1,0,0,0,0,93,53,40
BROOKS COUNTY,047,17 Years,90,46,44,6,3,3,0,0,0,1,1,0,0,0,0,83,42,41
BROOKS COUNTY,047,18 Years,132,89,43,4,3,1,0,0,0,0,0,0,0,0,0,128,86,42
BROOKS COUNTY,047,19 Years,72,31,41,3,1,2,0,0,0,0,0,0,0,0,0,69,30,39
BROOKS COUNTY,047,20 Years,181,87,94,6,2,4,0,0,0,0,0,0,0,0,0,175,85,90
BROOKS COUNTY,047,21 Years,105,60,45,4,2,2,0,0,0,0,0,0,0,0,0,101,58,43
BROOKS COUNTY,047,22 Years,110,74,36,3,2,1,1,1,0,0,0,0,0,0,0,106,71,35
BROOKS COUNTY,047,23 Years,72,63,9,5,3,2,1,1,0,0,0,0,0,0,0,66,59,7
BROOKS COUNTY,047,24 Years,82,55,27,5,2,3,0,0,0,0,0,0,0,0,0,77,53,24
BROOKS COUNTY,047,25 Years,36,2,34,3,2,1,0,0,0,0,0,0,0,0,0,33,0,33
BROOKS COUNTY,047,26 Years,40,1,39,3,1,2,0,0,0,0,0,0,1,0,1,36,0,36
BROOKS COUNTY,047,27 Years,37,1,36,4,1,3,0,0,0,0,0,0,1,0,1,32,0,32
BROOKS COUNTY,047,28 Years,62,36,26,5,4,1,0,0,0,0,0,0,0,0,0,57,32,25
BROOKS COUNTY,047,29 Years,87,54,33,7,4,3,0,0,0,0,0,0,0,0,0,80,50,30
BROOKS COUNTY,047,30 Years,95,60,35,8,4,4,0,0,0,0,0,0,0,0,0,87,56,31
BROOKS COUNTY,047,31 Years,88,54,34,5,2,3,0,0,0,0,0,0,0,0,0,83,52,31
BROOKS COUNTY,047,32 Years,136,100,36,5,3,2,0,0,0,0,0,0,0,0,0,131,97,34
BROOKS COUNTY,047,33 Years,79,45,34,4,3,1,0,0,0,0,0,0,0,0,0,75,42,33
BROOKS COUNTY,047,34 Years,82,46,36,6,3,3,0,0,0,0,0,0,0,0,0,76,43,33
BROOKS COUNTY,047,35 Years,51,14,37,6,3,3,0,0,0,0,0,0,0,0,0,45,11,34
BROOKS COUNTY,047,36 Years,61,24,37,5,3,2,0,0,0,0,0,0,0,0,0,56,21,35
BROOKS COUNTY,047,37 Years,68,37,31,5,3,2,0,0,0,0,0,0,0,0,0,63,34,29
BROOKS COUNTY,047,38 Years,80,50,30,4,2,2,0,0,0,0,0,0,0,0,0,76,48,28
BROOKS COUNTY,047,39 Years,83,44,39,4,1,3,0,0,0,0,0,0,1,0,1,78,43,35
BROOKS COUNTY,047,40 Years,80,38,42,4,1,3,2,0,2,0,0,0,1,0,1,73,37,36
BROOKS COUNTY,047,41 Years,90,48,42,5,2,3,1,0,1,0,0,0,1,0,1,83,46,37
BROOKS COUNTY,047,42 Years,81,40,41,5,2,3,0,0,0,0,0,0,1,0,1,75,38,37
BROOKS COUNTY,047,43 Years,75,44,31,5,3,2,0,0,0,0,0,0,0,0,0,70,41,29
BROOKS COUNTY,047,44 Years,80,50,30,4,2,2,0,0,0,0,0,0,0,0,0,76,48,28
BROOKS COUNTY,047,45 Years,72,40,32,4,0,4,0,0,0,0,0,0,0,0,0,68,40,28
BROOKS COUNTY,047,46 Years,73,37,36,6,3,3,0,0,0,0,0,0,0,0,0,67,34,33
BROOKS COUNTY,047,47 Years,74,44,30,6,4,2,0,0,0,2,2,0,0,0,0,66,38,28
BROOKS COUNTY,047,48 Years,57,36,21,5,4,1,0,0,0,0,0,0,0,0,0,52,32,20
BROOKS COUNTY,047,49 Years,72,38,34,11,8,3,0,0,0,0,0,0,0,0,0,61,30,31
BROOKS COUNTY,047,50 Years,76,33,43,11,7,4,0,0,0,0,0,0,1,1,0,64,25,39
BROOKS COUNTY,047,51 Years,68,30,38,8,4,4,0,0,0,0,0,0,0,0,0,60,26,34
BROOKS COUNTY,047,52 Years,61,30,31,8,4,4,0,0,0,0,0,0,0,0,0,53,26,27
BROOKS COUNTY,047,53 Years,55,23,32,4,2,2,0,0,0,0,0,0,0,0,0,51,21,30
BROOKS COUNTY,047,54 Years,55,28,27,3,3,0,0,0,0,0,0,0,0,0,0,52,25,27
BROOKS COUNTY,047,55 Years,63,34,29,4,3,1,0,0,0,0,0,0,0,0,0,59,31,28
BROOKS COUNTY,047,56 Years,69,34,35,5,3,2,0,0,0,0,0,0,0,0,0,64,31,33
BROOKS COUNTY,047,57 Years,72,34,38,6,4,2,0,0,0,0,0,0,0,0,0,66,30,36
BROOKS COUNTY,047,58 Years,70,33,37,6,4,2,1,1,0,0,0,0,0,0,0,63,28,35
BROOKS COUNTY,047,59 Years,77,37,40,8,4,4,1,1,0,0,0,0,0,0,0,68,32,36
BROOKS COUNTY,047,60 Years,85,39,46,9,4,5,0,0,0,0,0,0,0,0,0,76,35,41
BROOKS COUNTY,047,61 Years,78,38,40,8,3,5,0,0,0,0,0,0,0,0,0,70,35,35
BROOKS COUNTY,047,62 Years,77,34,43,5,3,2,0,0,0,0,0,0,0,0,0,72,31,41
BROOKS COUNTY,047,63 Years,69,36,33,6,4,2,0,0,0,0,0,0,0,0,0,63,32,31
BROOKS COUNTY,047,64 Years,62,30,32,7,5,2,0,0,0,0,0,0,0,0,0,55,25,30
BROOKS COUNTY,047,65 Years,67,31,36,6,4,2,0,0,0,0,0,0,0,0,0,61,27,34
BROOKS COUNTY,047,66 Years,70,36,34,8,5,3,0,0,0,0,0,0,0,0,0,62,31,31
BROOKS COUNTY,047,67 Years,73,35,38,9,6,3,0,0,0,0,0,0,0,0,0,64,29,35
BROOKS COUNTY,047,68 Years,74,34,40,10,4,6,0,0,0,0,0,0,0,0,0,64,30,34
BROOKS COUNTY,047,69 Years,73,32,41,11,5,6,0,0,0,0,0,0,0,0,0,62,27,35
BROOKS COUNTY,047,70 Years,67,30,37,9,4,5,0,0,0,0,0,0,0,0,0,58,26,32
BROOKS COUNTY,047,71 Years,66,31,35,7,4,3,0,0,0,0,0,0,0,0,0,59,27,32
BROOKS COUNTY,047,72 Years,68,27,41,7,3,4,0,0,0,0,0,0,0,0,0,61,24,37
BROOKS COUNTY,047,73 Years,59,23,36,8,2,6,0,0,0,0,0,0,0,0,0,51,21,30
BROOKS COUNTY,047,74 Years,56,26,30,10,4,6,0,0,0,0,0,0,0,0,0,46,22,24
BROOKS COUNTY,047,75 Years,58,25,33,9,4,5,0,0,0,0,0,0,0,0,0,49,21,28
BROOKS COUNTY,047,76 Years,55,26,29,7,4,3,0,0,0,0,0,0,0,0,0,48,22,26
BROOKS COUNTY,047,77 Years,60,28,32,8,4,4,0,0,0,0,0,0,0,0,0,52,24,28
BROOKS COUNTY,047,78 Years,53,24,29,5,2,3,0,0,0,0,0,0,0,0,0,48,22,26
BROOKS COUNTY,047,79 Years,46,20,26,6,3,3,0,0,0,0,0,0,0,0,0,40,17,23
BROOKS COUNTY,047,80 Years,44,19,25,8,5,3,0,0,0,0,0,0,0,0,0,36,14,22
BROOKS COUNTY,047,81 Years,38,17,21,7,6,1,0,0,0,0,0,0,0,0,0,31,11,20
BROOKS COUNTY,047,82 Years,39,15,24,7,4,3,0,0,0,0,0,0,0,0,0,32,11,21
BROOKS COUNTY,047,83 Years,41,13,28,5,3,2,0,0,0,0,0,0,0,0,0,36,10,26
BROOKS COUNTY,047,84 Years,37,11,26,5,2,3,0,0,0,0,0,0,0,0,0,32,9,23
BROOKS COUNTY,047,85 Years,30,11,19,5,3,2,0,0,0,0,0,0,0,0,0,25,8,17
BROOKS COUNTY,047,86 Years,27,11,16,7,4,3,0,0,0,0,0,0,0,0,0,20,7,13
BROOKS COUNTY,047,87 Years,26,9,17,5,3,2,0,0,0,0,0,0,0,0,0,21,6,15
BROOKS COUNTY,047,88 Years,16,5,11,3,2,1,0,0,0,0,0,0,0,0,0,13,3,10
BROOKS COUNTY,047,89 Years,9,2,7,1,0,1,0,0,0,0,0,0,0,0,0,8,2,6
BROOKS COUNTY,047,90 Years,7,2,5,1,0,1,0,0,0,0,0,0,0,0,0,6,2,4
BROOKS COUNTY,047,91 Years,10,3,7,2,0,2,0,0,0,0,0,0,0,0,0,8,3,5
BROOKS COUNTY,047,92 Years,11,3,8,2,1,1,0,0,0,0,0,0,0,0,0,9,2,7
BROOKS COUNTY,047,93 Years,8,2,6,1,0,1,0,0,0,0,0,0,0,0,0,7,2,5
BROOKS COUNTY,047,94 Years,7,2,5,1,0,1,0,0,0,0,0,0,0,0,0,6,2,4
BROOKS COUNTY,047,95 Years +,18,6,12,4,2,2,0,0,0,0,0,0,0,0,0,14,4,10
BROWN COUNTY,049,All Ages,38621,19094,19527,26584,12966,13618,1494,812,682,203,110,93,860,440,420,9480,4766,4714
BROWN COUNTY,049,< 1 Year,474,238,236,257,128,129,20,10,10,2,1,1,22,11,11,173,88,85
BROWN COUNTY,049,1 Years,489,249,240,253,129,124,20,10,10,2,1,1,21,10,11,193,99,94
BROWN COUNTY,049,2 Years,492,251,241,258,131,127,19,10,9,2,1,1,20,10,10,193,99,94
BROWN COUNTY,049,3 Years,415,215,200,226,121,105,19,10,9,1,0,1,13,6,7,156,78,78
BROWN COUNTY,049,4 Years,391,205,186,216,117,99,22,11,11,1,0,1,10,5,5,142,72,70
BROWN COUNTY,049,5 Years,403,210,193,223,118,105,24,12,12,1,0,1,11,5,6,144,75,69
BROWN COUNTY,049,6 Years,412,217,195,231,116,115,25,14,11,2,1,1,13,8,5,141,78,63
BROWN COUNTY,049,7 Years,420,217,203,241,116,125,23,13,10,2,1,1,15,9,6,139,78,61
BROWN COUNTY,049,8 Years,421,219,202,254,125,129,19,9,10,2,2,0,14,9,5,132,74,58
BROWN COUNTY,049,9 Years,423,217,206,268,134,134,16,6,10,3,2,1,11,7,4,125,68,57
BROWN COUNTY,049,10 Years,421,210,211,267,130,137,17,8,9,3,2,1,10,6,4,124,64,60
BROWN COUNTY,049,11 Years,418,209,209,256,127,129,16,6,10,5,2,3,12,6,6,129,68,61
BROWN COUNTY,049,12 Years,420,222,198,250,144,106,20,10,10,3,1,2,11,5,6,136,62,74
BROWN COUNTY,049,13 Years,439,231,208,263,147,116,20,11,9,2,1,1,15,7,8,139,65,74
BROWN COUNTY,049,14 Years,437,227,210,254,137,117,17,7,10,3,2,1,16,10,6,147,71,76
BROWN COUNTY,049,15 Years,509,236,273,308,143,165,22,6,16,2,1,1,15,9,6,162,77,85
BROWN COUNTY,049,16 Years,516,239,277,290,141,149,22,6,16,2,0,2,16,8,8,186,84,102
BROWN COUNTY,049,17 Years,513,231,282,289,136,153,20,4,16,2,2,0,15,8,7,187,81,106
BROWN COUNTY,049,18 Years,513,267,246,275,151,124,31,10,21,2,2,0,19,10,9,186,94,92
BROWN COUNTY,049,19 Years,541,305,236,291,174,117,37,11,26,2,2,0,17,8,9,194,110,84
BROWN COUNTY,049,20 Years,541,300,241,298,172,126,32,13,19,3,3,0,13,6,7,195,106,89
BROWN COUNTY,049,21 Years,516,277,239,302,172,130,30,12,18,3,3,0,15,8,7,166,82,84
BROWN COUNTY,049,22 Years,496,261,235,280,154,126,36,14,22,2,2,0,18,11,7,160,80,80
BROWN COUNTY,049,23 Years,487,261,226,282,153,129,22,13,9,3,3,0,21,10,11,159,82,77
BROWN COUNTY,049,24 Years,487,260,227,290,156,134,19,11,8,5,3,2,18,8,10,155,82,73
BROWN COUNTY,049,25 Years,491,265,226,305,171,134,23,13,10,3,3,0,16,6,10,144,72,72
BROWN COUNTY,049,26 Years,484,258,226,308,166,142,23,13,10,3,3,0,14,4,10,136,72,64
BROWN COUNTY,049,27 Years,467,246,221,299,156,143,24,14,10,4,3,1,10,5,5,130,68,62
BROWN COUNTY,049,28 Years,387,199,188,240,121,119,22,14,8,2,1,1,7,5,2,116,58,58
BROWN COUNTY,049,29 Years,374,192,182,218,106,112,26,18,8,5,3,2,8,5,3,117,60,57
BROWN COUNTY,049,30 Years,414,222,192,244,124,120,25,19,6,5,5,0,9,3,6,131,71,60
BROWN COUNTY,049,31 Years,462,252,210,294,152,142,27,22,5,6,5,1,13,6,7,122,67,55
BROWN COUNTY,049,32 Years,475,251,224,305,151,154,28,22,6,8,5,3,8,4,4,126,69,57
BROWN COUNTY,049,33 Years,479,241,238,300,144,156,22,14,8,4,2,2,6,4,2,147,77,70
BROWN COUNTY,049,34 Years,464,221,243,291,133,158,19,12,7,3,1,2,7,5,2,144,70,74
BROWN COUNTY,049,35 Years,440,203,237,274,117,157,19,12,7,3,1,2,6,3,3,138,70,68
BROWN COUNTY,049,36 Years,422,211,211,253,111,142,18,14,4,3,2,1,7,3,4,141,81,60
BROWN COUNTY,049,37 Years,394,198,196,243,113,130,16,13,3,4,3,1,6,4,2,125,65,60
BROWN COUNTY,049,38 Years,440,207,233,270,120,150,17,13,4,2,0,2,12,9,3,139,65,74
BROWN COUNTY,049,39 Years,450,212,238,290,135,155,16,12,4,2,0,2,12,9,3,130,56,74
BROWN COUNTY,049,40 Years,439,205,234,286,135,151,16,11,5,1,1,0,8,5,3,128,53,75
BROWN COUNTY,049,41 Years,433,212,221,281,138,143,20,12,8,1,1,0,7,3,4,124,58,66
BROWN COUNTY,049,42 Years,427,208,219,286,140,146,17,10,7,1,0,1,7,1,6,116,57,59
BROWN COUNTY,049,43 Years,454,230,224,311,165,146,19,10,9,3,1,2,5,3,2,116,51,65
BROWN COUNTY,049,44 Years,439,225,214,305,164,141,17,11,6,3,0,3,4,3,1,110,47,63
BROWN COUNTY,049,45 Years,422,214,208,294,149,145,16,11,5,3,1,2,4,3,1,105,50,55
BROWN COUNTY,049,46 Years,427,205,222,278,130,148,20,14,6,4,2,2,6,4,2,119,55,64
BROWN COUNTY,049,47 Years,437,218,219,279,128,151,19,14,5,5,3,2,10,7,3,124,66,58
BROWN COUNTY,049,48 Years,440,221,219,293,138,155,15,11,4,4,2,2,8,4,4,120,66,54
BROWN COUNTY,049,49 Years,447,227,220,308,154,154,17,10,7,4,2,2,8,3,5,110,58,52
BROWN COUNTY,049,50 Years,474,224,250,338,162,176,14,6,8,2,1,1,6,1,5,114,54,60
BROWN COUNTY,049,51 Years,479,222,257,341,166,175,17,9,8,1,0,1,3,1,2,117,46,71
BROWN COUNTY,049,52 Years,479,242,237,354,179,175,15,10,5,2,1,1,4,3,1,104,49,55
BROWN COUNTY,049,53 Years,464,234,230,333,166,167,20,12,8,3,1,2,8,4,4,100,51,49
BROWN COUNTY,049,54 Years,452,230,222,320,162,158,20,11,9,3,2,1,8,4,4,101,51,50
BROWN COUNTY,049,55 Years,433,208,225,309,149,160,15,7,8,2,1,1,5,3,2,102,48,54
BROWN COUNTY,049,56 Years,445,211,234,323,154,169,13,6,7,3,1,2,4,2,2,102,48,54
BROWN COUNTY,049,57 Years,471,227,244,350,168,182,11,6,5,3,2,1,8,4,4,99,47,52
BROWN COUNTY,049,58 Years,500,252,248,377,190,187,14,6,8,3,1,2,9,4,5,97,51,46
BROWN COUNTY,049,59 Years,554,271,283,426,200,226,18,9,9,1,1,0,10,6,4,99,55,44
BROWN COUNTY,049,60 Years,551,263,288,428,203,225,17,7,10,0,0,0,12,6,6,94,47,47
BROWN COUNTY,049,61 Years,544,264,280,420,200,220,21,13,8,0,0,0,10,3,7,93,48,45
BROWN COUNTY,049,62 Years,558,268,290,438,203,235,20,15,5,2,1,1,9,3,6,89,46,43
BROWN COUNTY,049,63 Years,552,276,276,431,211,220,20,13,7,1,1,0,9,2,7,91,49,42
BROWN COUNTY,049,64 Years,523,255,268,414,198,216,20,10,10,1,0,1,8,4,4,80,43,37
BROWN COUNTY,049,65 Years,535,251,284,426,195,231,20,9,11,2,0,2,8,3,5,79,44,35
BROWN COUNTY,049,66 Years,522,244,278,432,199,233,14,7,7,2,1,1,7,3,4,67,34,33
BROWN COUNTY,049,67 Years,510,239,271,423,196,227,15,9,6,3,0,3,9,4,5,60,30,30
BROWN COUNTY,049,68 Years,475,228,247,388,187,201,15,9,6,3,1,2,11,4,7,58,27,31
BROWN COUNTY,049,69 Years,464,222,242,384,183,201,13,6,7,3,2,1,8,4,4,56,27,29
BROWN COUNTY,049,70 Years,459,219,240,383,178,205,12,7,5,2,1,1,6,2,4,56,31,25
BROWN COUNTY,049,71 Years,451,209,242,387,176,211,9,6,3,1,0,1,5,3,2,49,24,25
BROWN COUNTY,049,72 Years,454,209,245,385,176,209,8,4,4,1,0,1,8,4,4,52,25,27
BROWN COUNTY,049,73 Years,452,221,231,385,187,198,4,2,2,1,0,1,9,5,4,53,27,26
BROWN COUNTY,049,74 Years,422,204,218,362,173,189,6,3,3,1,0,1,10,7,3,43,21,22
BROWN COUNTY,049,75 Years,414,201,213,361,172,189,7,4,3,0,0,0,8,3,5,38,22,16
BROWN COUNTY,049,76 Years,361,181,180,313,155,158,6,4,2,1,1,0,7,4,3,34,17,17
BROWN COUNTY,049,77 Years,323,150,173,284,135,149,6,3,3,1,0,1,6,3,3,26,9,17
BROWN COUNTY,049,78 Years,301,140,161,265,125,140,5,2,3,2,0,2,7,4,3,22,9,13
BROWN COUNTY,049,79 Years,284,137,147,250,121,129,5,3,2,1,0,1,5,3,2,23,10,13
BROWN COUNTY,049,80 Years,259,116,143,229,104,125,4,1,3,0,0,0,5,3,2,21,8,13
BROWN COUNTY,049,81 Years,241,105,136,217,93,124,3,2,1,0,0,0,4,3,1,17,7,10
BROWN COUNTY,049,82 Years,212,94,118,189,83,106,3,1,2,1,0,1,6,3,3,13,7,6
BROWN COUNTY,049,83 Years,186,82,104,167,72,95,2,0,2,2,1,1,3,2,1,12,7,5
BROWN COUNTY,049,84 Years,163,73,90,145,64,81,2,1,1,0,0,0,3,2,1,13,6,7
BROWN COUNTY,049,85 Years,150,65,85,134,58,76,2,1,1,0,0,0,3,1,2,11,5,6
BROWN COUNTY,049,86 Years,149,62,87,132,55,77,3,1,2,0,0,0,3,1,2,11,5,6
BROWN COUNTY,049,87 Years,134,53,81,117,45,72,3,1,2,0,0,0,3,2,1,11,5,6
BROWN COUNTY,049,88 Years,104,43,61,94,38,56,0,0,0,0,0,0,2,1,1,8,4,4
BROWN COUNTY,049,89 Years,90,36,54,80,32,48,1,0,1,0,0,0,1,0,1,8,4,4
BROWN COUNTY,049,90 Years,86,34,52,75,28,47,0,0,0,0,0,0,3,2,1,8,4,4
BROWN COUNTY,049,91 Years,74,24,50,66,20,46,0,0,0,0,0,0,2,1,1,6,3,3
BROWN COUNTY,049,92 Years,65,22,43,58,19,39,1,0,1,0,0,0,1,0,1,5,3,2
BROWN COUNTY,049,93 Years,51,20,31,44,15,29,0,0,0,1,1,0,2,2,0,4,2,2
BROWN COUNTY,049,94 Years,38,12,26,33,11,22,0,0,0,1,0,1,1,0,1,3,1,2
BROWN COUNTY,049,95 Years +,111,34,77,97,27,70,1,0,1,1,1,0,2,0,2,10,6,4
BURLESON COUNTY,051,All Ages,19475,9602,9873,11953,5880,6073,2418,1165,1253,17,10,7,344,158,186,4743,2389,2354
BURLESON COUNTY,051,< 1 Year,217,116,101,104,56,48,30,16,14,1,0,1,10,6,4,72,38,34
BURLESON COUNTY,051,1 Years,206,105,101,90,45,45,29,15,14,1,1,0,8,4,4,78,40,38
BURLESON COUNTY,051,2 Years,208,104,104,93,47,46,29,14,15,1,0,1,8,4,4,77,39,38
BURLESON COUNTY,051,3 Years,212,109,103,93,48,45,28,15,13,1,1,0,9,5,4,81,40,41
BURLESON COUNTY,051,4 Years,221,110,111,102,54,48,27,14,13,0,0,0,9,3,6,83,39,44
BURLESON COUNTY,051,5 Years,232,120,112,109,59,50,28,14,14,0,0,0,7,3,4,88,44,44
BURLESON COUNTY,051,6 Years,248,125,123,121,63,58,30,15,15,0,0,0,8,3,5,89,44,45
BURLESON COUNTY,051,7 Years,254,124,130,123,62,61,32,15,17,0,0,0,7,3,4,92,44,48
BURLESON COUNTY,051,8 Years,252,117,135,116,56,60,33,17,16,1,1,0,11,4,7,91,39,52
BURLESON COUNTY,051,9 Years,244,114,130,108,53,55,32,17,15,1,1,0,11,4,7,92,39,53
BURLESON COUNTY,051,10 Years,238,116,122,111,58,53,31,15,16,1,1,0,10,4,6,85,38,47
BURLESON COUNTY,051,11 Years,242,119,123,115,59,56,30,15,15,1,1,0,12,5,7,84,39,45
BURLESON COUNTY,051,12 Years,245,125,120,122,66,56,27,11,16,1,1,0,10,4,6,85,43,42
BURLESON COUNTY,051,13 Years,211,115,96,106,59,47,22,11,11,0,0,0,9,4,5,74,41,33
BURLESON COUNTY,051,14 Years,233,126,107,117,61,56,22,12,10,0,0,0,11,6,5,83,47,36
BURLESON COUNTY,051,15 Years,242,124,118,116,57,59,28,17,11,0,0,0,6,3,3,92,47,45
BURLESON COUNTY,051,16 Years,236,114,122,109,51,58,31,16,15,0,0,0,7,5,2,89,42,47
BURLESON COUNTY,051,17 Years,236,114,122,112,54,58,36,16,20,0,0,0,8,5,3,80,39,41
BURLESON COUNTY,051,18 Years,248,136,112,110,64,46,44,19,25,0,0,0,6,4,2,88,49,39
BURLESON COUNTY,051,19 Years,213,117,96,96,55,41,36,15,21,0,0,0,3,2,1,78,45,33
BURLESON COUNTY,051,20 Years,204,110,94,103,56,47,25,11,14,0,0,0,2,1,1,74,42,32
BURLESON COUNTY,051,21 Years,214,113,101,105,54,51,26,11,15,0,0,0,2,1,1,81,47,34
BURLESON COUNTY,051,22 Years,208,107,101,101,50,51,29,13,16,0,0,0,4,2,2,74,42,32
BURLESON COUNTY,051,23 Years,192,98,94,88,44,44,32,15,17,0,0,0,2,1,1,70,38,32
BURLESON COUNTY,051,24 Years,194,92,102,90,39,51,30,16,14,0,0,0,2,1,1,72,36,36
BURLESON COUNTY,051,25 Years,198,93,105,101,46,55,28,16,12,0,0,0,3,2,1,66,29,37
BURLESON COUNTY,051,26 Years,207,112,95,104,57,47,28,17,11,0,0,0,2,1,1,73,37,36
BURLESON COUNTY,051,27 Years,219,117,102,112,58,54,33,17,16,0,0,0,3,1,2,71,41,30
BURLESON COUNTY,051,28 Years,216,104,112,119,55,64,35,16,19,0,0,0,3,2,1,59,31,28
BURLESON COUNTY,051,29 Years,220,97,123,113,53,60,39,13,26,0,0,0,2,1,1,66,30,36
BURLESON COUNTY,051,30 Years,220,91,129,117,53,64,37,10,27,0,0,0,3,1,2,63,27,36
BURLESON COUNTY,051,31 Years,217,90,127,119,48,71,34,12,22,0,0,0,3,2,1,61,28,33
BURLESON COUNTY,051,32 Years,208,98,110,107,43,64,32,17,15,0,0,0,3,2,1,66,36,30
BURLESON COUNTY,051,33 Years,214,114,100,117,61,56,28,14,14,0,0,0,3,2,1,66,37,29
BURLESON COUNTY,051,34 Years,220,105,115,138,68,70,28,11,17,0,0,0,3,1,2,51,25,26
BURLESON COUNTY,051,35 Years,217,105,112,140,70,70,32,14,18,0,0,0,1,1,0,44,20,24
BURLESON COUNTY,051,36 Years,228,115,113,141,74,67,26,12,14,0,0,0,2,1,1,59,28,31
BURLESON COUNTY,051,37 Years,229,118,111,135,69,66,27,14,13,0,0,0,2,0,2,65,35,30
BURLESON COUNTY,051,38 Years,206,110,96,126,59,67,22,13,9,0,0,0,1,0,1,57,38,19
BURLESON COUNTY,051,39 Years,198,97,101,116,56,60,26,15,11,0,0,0,1,0,1,55,26,29
BURLESON COUNTY,051,40 Years,217,103,114,137,69,68,27,12,15,0,0,0,2,1,1,51,21,30
BURLESON COUNTY,051,41 Years,238,121,117,151,81,70,30,12,18,0,0,0,2,2,0,55,26,29
BURLESON COUNTY,051,42 Years,227,108,119,133,64,69,27,14,13,0,0,0,4,2,2,63,28,35
BURLESON COUNTY,051,43 Years,200,90,110,114,52,62,24,13,11,0,0,0,2,2,0,60,23,37
BURLESON COUNTY,051,44 Years,189,89,100,104,55,49,25,13,12,0,0,0,3,0,3,57,21,36
BURLESON COUNTY,051,45 Years,188,97,91,106,61,45,23,10,13,2,1,1,4,1,3,53,24,29
BURLESON COUNTY,051,46 Years,186,93,93,106,56,50,24,11,13,0,0,0,3,1,2,53,25,28
BURLESON COUNTY,051,47 Years,195,99,96,111,57,54,28,14,14,0,0,0,2,1,1,54,27,27
BURLESON COUNTY,051,48 Years,189,91,98,107,52,55,31,14,17,0,0,0,3,2,1,48,23,25
BURLESON COUNTY,051,49 Years,206,94,112,120,52,68,31,14,17,0,0,0,4,3,1,51,25,26
BURLESON COUNTY,051,50 Years,217,106,111,134,61,73,32,19,13,0,0,0,3,2,1,48,24,24
BURLESON COUNTY,051,51 Years,219,120,99,140,75,65,29,16,13,0,0,0,1,1,0,49,28,21
BURLESON COUNTY,051,52 Years,227,115,112,150,77,73,24,11,13,0,0,0,1,0,1,52,27,25
BURLESON COUNTY,051,53 Years,228,110,118,151,74,77,27,11,16,0,0,0,1,1,0,49,24,25
BURLESON COUNTY,051,54 Years,256,136,120,163,82,81,39,22,17,0,0,0,1,1,0,53,31,22
BURLESON COUNTY,051,55 Years,256,126,130,162,78,84,36,18,18,0,0,0,5,1,4,53,29,24
BURLESON COUNTY,051,56 Years,270,128,142,176,86,90,32,16,16,0,0,0,6,1,5,56,25,31
BURLESON COUNTY,051,57 Years,262,132,130,178,86,92,24,13,11,0,0,0,3,1,2,57,32,25
BURLESON COUNTY,051,58 Years,283,141,142,198,97,101,30,13,17,0,0,0,2,1,1,53,30,23
BURLESON COUNTY,051,59 Years,321,157,164,216,103,113,38,17,21,1,1,0,5,2,3,61,34,27
BURLESON COUNTY,051,60 Years,308,151,157,206,92,114,35,21,14,0,0,0,7,3,4,60,35,25
BURLESON COUNTY,051,61 Years,299,152,147,206,95,111,29,18,11,0,0,0,9,7,2,55,32,23
BURLESON COUNTY,051,62 Years,305,151,154,222,109,113,25,12,13,0,0,0,5,2,3,53,28,25
BURLESON COUNTY,051,63 Years,304,147,157,224,107,117,26,16,10,0,0,0,6,2,4,48,22,26
BURLESON COUNTY,051,64 Years,313,153,160,236,109,127,33,21,12,0,0,0,3,1,2,41,22,19
BURLESON COUNTY,051,65 Years,312,152,160,234,112,122,37,19,18,1,1,0,2,2,0,38,18,20
BURLESON COUNTY,051,66 Years,310,145,165,241,119,122,29,10,19,0,0,0,2,1,1,38,15,23
BURLESON COUNTY,051,67 Years,301,141,160,243,115,128,25,10,15,0,0,0,2,0,2,31,16,15
BURLESON COUNTY,051,68 Years,286,132,154,229,104,125,26,12,14,0,0,0,2,1,1,29,15,14
BURLESON COUNTY,051,69 Years,271,140,131,214,110,104,29,16,13,0,0,0,1,0,1,27,14,13
BURLESON COUNTY,051,70 Years,242,120,122,194,98,96,27,13,14,0,0,0,1,0,1,20,9,11
BURLESON COUNTY,051,71 Years,242,121,121,186,96,90,28,12,16,0,0,0,4,1,3,24,12,12
BURLESON COUNTY,051,72 Years,248,123,125,190,97,93,31,13,18,1,0,1,4,1,3,22,12,10
BURLESON COUNTY,051,73 Years,226,111,115,171,85,86,29,13,16,1,0,1,4,0,4,21,13,8
BURLESON COUNTY,051,74 Years,208,101,107,159,78,81,28,12,16,1,0,1,1,0,1,19,11,8
BURLESON COUNTY,051,75 Years,211,102,109,164,80,84,24,11,13,0,0,0,3,1,2,20,10,10
BURLESON COUNTY,051,76 Years,191,94,97,146,74,72,17,8,9,1,0,1,1,0,1,26,12,14
BURLESON COUNTY,051,77 Years,166,86,80,127,68,59,17,10,7,0,0,0,2,0,2,20,8,12
BURLESON COUNTY,051,78 Years,149,80,69,122,67,55,12,7,5,0,0,0,3,1,2,12,5,7
BURLESON COUNTY,051,79 Years,131,69,62,108,57,51,10,6,4,0,0,0,2,1,1,11,5,6
BURLESON COUNTY,051,80 Years,108,59,49,88,50,38,8,3,5,0,0,0,1,1,0,11,5,6
BURLESON COUNTY,051,81 Years,100,45,55,83,39,44,8,2,6,0,0,0,1,1,0,8,3,5
BURLESON COUNTY,051,82 Years,99,47,52,81,38,43,10,5,5,0,0,0,0,0,0,8,4,4
BURLESON COUNTY,051,83 Years,93,41,52,72,31,41,11,5,6,0,0,0,1,0,1,9,5,4
BURLESON COUNTY,051,84 Years,78,32,46,62,26,36,8,3,5,0,0,0,1,0,1,7,3,4
BURLESON COUNTY,051,85 Years,68,29,39,57,26,31,6,2,4,0,0,0,0,0,0,5,1,4
BURLESON COUNTY,051,86 Years,66,30,36,54,25,29,8,3,5,0,0,0,1,1,0,3,1,2
BURLESON COUNTY,051,87 Years,57,24,33,44,17,27,9,4,5,0,0,0,1,1,0,3,2,1
BURLESON COUNTY,051,88 Years,59,23,36,49,18,31,7,3,4,0,0,0,0,0,0,3,2,1
BURLESON COUNTY,051,89 Years,53,21,32,43,16,27,7,3,4,0,0,0,0,0,0,3,2,1
BURLESON COUNTY,051,90 Years,45,16,29,37,13,24,6,2,4,0,0,0,0,0,0,2,1,1
BURLESON COUNTY,051,91 Years,39,16,23,31,13,18,5,1,4,0,0,0,0,0,0,3,2,1
BURLESON COUNTY,051,92 Years,36,12,24,28,9,19,5,2,3,0,0,0,0,0,0,3,1,2
BURLESON COUNTY,051,93 Years,29,12,17,23,9,14,4,2,2,0,0,0,0,0,0,2,1,1
BURLESON COUNTY,051,94 Years,19,8,11,15,6,9,3,1,2,0,0,0,0,0,0,1,1,0
BURLESON COUNTY,051,95 Years +,62,24,38,42,14,28,13,5,8,0,0,0,0,0,0,7,5,2
BURNET COUNTY,053,All Ages,54303,26521,27782,38524,18530,19994,871,483,388,276,117,159,979,493,486,13653,6898,6755
BURNET COUNTY,053,< 1 Year,589,302,287,311,158,153,11,6,5,5,3,2,29,17,12,233,118,115
BURNET COUNTY,053,1 Years,557,284,273,287,146,141,12,7,5,3,2,1,23,11,12,232,118,114
BURNET COUNTY,053,2 Years,555,285,270,289,148,141,12,7,5,3,2,1,22,11,11,229,117,112
BURNET COUNTY,053,3 Years,554,287,267,287,152,135,9,5,4,2,1,1,22,11,11,234,118,116
BURNET COUNTY,053,4 Years,550,287,263,288,152,136,8,4,4,2,1,1,18,10,8,234,120,114
BURNET COUNTY,053,5 Years,573,300,273,309,162,147,9,5,4,2,1,1,18,9,9,235,123,112
BURNET COUNTY,053,6 Years,611,318,293,322,168,154,8,4,4,3,2,1,18,9,9,260,135,125
BURNET COUNTY,053,7 Years,639,324,315,330,164,166,9,4,5,3,2,1,22,12,10,275,142,133
BURNET COUNTY,053,8 Years,642,326,316,335,173,162,7,4,3,6,2,4,22,11,11,272,136,136
BURNET COUNTY,053,9 Years,621,320,301,337,175,162,8,5,3,5,1,4,21,10,11,250,129,121
BURNET COUNTY,053,10 Years,624,316,308,344,178,166,8,4,4,5,1,4,20,10,10,247,123,124
BURNET COUNTY,053,11 Years,626,310,316,348,170,178,5,4,1,5,1,4,21,12,9,247,123,124
BURNET COUNTY,053,12 Years,635,335,300,351,188,163,7,4,3,4,2,2,19,11,8,254,130,124
BURNET COUNTY,053,13 Years,659,342,317,367,189,178,8,5,3,2,1,1,13,6,7,269,141,128
BURNET COUNTY,053,14 Years,657,342,315,387,197,190,9,6,3,1,1,0,13,6,7,247,132,115
BURNET COUNTY,053,15 Years,649,333,316,379,199,180,11,6,5,2,1,1,15,7,8,242,120,122
BURNET COUNTY,053,16 Years,655,325,330,384,194,190,12,6,6,1,1,0,13,6,7,245,118,127
BURNET COUNTY,053,17 Years,668,338,330,404,203,201,9,5,4,2,1,1,15,8,7,238,121,117
BURNET COUNTY,053,18 Years,657,327,330,389,194,195,11,6,5,3,1,2,11,4,7,243,122,121
BURNET COUNTY,053,19 Years,633,313,320,373,187,186,11,7,4,2,1,1,11,4,7,236,114,122
BURNET COUNTY,053,20 Years,671,339,332,400,205,195,15,8,7,2,0,2,12,5,7,242,121,121
BURNET COUNTY,053,21 Years,627,322,305,364,187,177,14,8,6,5,3,2,17,9,8,227,115,112
BURNET COUNTY,053,22 Years,581,305,276,328,174,154,23,13,10,4,2,2,15,8,7,211,108,103
BURNET COUNTY,053,23 Years,569,299,270,327,170,157,22,14,8,2,1,1,13,7,6,205,107,98
BURNET COUNTY,053,24 Years,575,290,285,318,158,160,23,16,7,1,1,0,13,7,6,220,108,112
BURNET COUNTY,053,25 Years,573,289,284,332,166,166,22,12,10,2,2,0,13,7,6,204,102,102
BURNET COUNTY,053,26 Years,593,307,286,373,190,183,17,10,7,3,2,1,13,8,5,187,97,90
BURNET COUNTY,053,27 Years,605,305,300,400,194,206,20,11,9,3,2,1,12,8,4,170,90,80
BURNET COUNTY,053,28 Years,563,262,301,364,168,196,12,6,6,7,2,5,11,5,6,169,81,88
BURNET COUNTY,053,29 Years,615,289,326,406,190,216,18,9,9,6,3,3,12,7,5,173,80,93
BURNET COUNTY,053,30 Years,596,283,313,389,186,203,17,9,8,5,3,2,15,7,8,170,78,92
BURNET COUNTY,053,31 Years,562,274,288,347,161,186,20,13,7,1,0,1,15,9,6,179,91,88
BURNET COUNTY,053,32 Years,562,302,260,340,175,165,17,12,5,6,2,4,10,6,4,189,107,82
BURNET COUNTY,053,33 Years,570,294,276,361,182,179,16,11,5,5,3,2,7,4,3,181,94,87
BURNET COUNTY,053,34 Years,555,280,275,365,176,189,17,13,4,3,1,2,4,2,2,166,88,78
BURNET COUNTY,053,35 Years,556,270,286,370,171,199,16,10,6,2,0,2,8,3,5,160,86,74
BURNET COUNTY,053,36 Years,583,285,298,384,177,207,11,7,4,1,0,1,9,4,5,178,97,81
BURNET COUNTY,053,37 Years,587,298,289,366,181,185,19,9,10,4,3,1,7,4,3,191,101,90
BURNET COUNTY,053,38 Years,606,300,306,374,180,194,15,6,9,5,2,3,8,4,4,204,108,96
BURNET COUNTY,053,39 Years,604,277,327,375,171,204,16,7,9,6,1,5,7,3,4,200,95,105
BURNET COUNTY,053,40 Years,589,278,311,382,180,202,11,5,6,4,1,3,7,3,4,185,89,96
BURNET COUNTY,053,41 Years,606,295,311,413,200,213,12,5,7,6,1,5,8,4,4,167,85,82
BURNET COUNTY,053,42 Years,620,298,322,420,197,223,13,7,6,5,1,4,3,2,1,179,91,88
BURNET COUNTY,053,43 Years,633,301,332,431,198,233,12,6,6,4,2,2,5,2,3,181,93,88
BURNET COUNTY,053,44 Years,610,272,338,401,185,216,11,5,6,5,2,3,7,2,5,186,78,108
BURNET COUNTY,053,45 Years,552,240,312,364,163,201,10,5,5,2,2,0,6,1,5,170,69,101
BURNET COUNTY,053,46 Years,579,282,297,390,188,202,10,7,3,5,2,3,8,4,4,166,81,85
BURNET COUNTY,053,47 Years,555,273,282,390,180,210,8,4,4,6,1,5,5,4,1,146,84,62
BURNET COUNTY,053,48 Years,547,276,271,381,187,194,11,6,5,3,1,2,7,5,2,145,77,68
BURNET COUNTY,053,49 Years,583,289,294,413,208,205,11,5,6,2,1,1,8,4,4,149,71,78
BURNET COUNTY,053,50 Years,627,321,306,443,230,213,11,5,6,4,3,1,12,7,5,157,76,81
BURNET COUNTY,053,51 Years,647,319,328,466,229,237,15,9,6,3,1,2,10,6,4,153,74,79
BURNET COUNTY,053,52 Years,626,306,320,469,228,241,13,7,6,2,0,2,13,4,9,129,67,62
BURNET COUNTY,053,53 Years,594,289,305,445,209,236,10,4,6,3,1,2,8,4,4,128,71,57
BURNET COUNTY,053,54 Years,602,292,310,429,199,230,9,5,4,3,1,2,6,3,3,155,84,71
BURNET COUNTY,053,55 Years,584,284,300,407,188,219,6,3,3,4,1,3,9,6,3,158,86,72
BURNET COUNTY,053,56 Years,580,280,300,421,194,227,7,4,3,3,1,2,9,6,3,140,75,65
BURNET COUNTY,053,57 Years,653,317,336,501,241,260,6,4,2,4,2,2,10,6,4,132,64,68
BURNET COUNTY,053,58 Years,733,350,383,580,277,303,10,7,3,4,2,2,9,5,4,130,59,71
BURNET COUNTY,053,59 Years,759,356,403,611,282,329,11,8,3,2,1,1,9,4,5,126,61,65
BURNET COUNTY,053,60 Years,783,364,419,632,286,346,7,5,2,6,3,3,11,5,6,127,65,62
BURNET COUNTY,053,61 Years,849,398,451,696,324,372,9,5,4,4,1,3,12,8,4,128,60,68
BURNET COUNTY,053,62 Years,888,440,448,730,362,368,10,5,5,5,3,2,14,10,4,129,60,69
BURNET COUNTY,053,63 Years,872,414,458,714,336,378,10,4,6,6,4,2,13,7,6,129,63,66
BURNET COUNTY,053,64 Years,926,434,492,773,362,411,6,3,3,6,3,3,12,4,8,129,62,67
BURNET COUNTY,053,65 Years,904,420,484,757,352,405,5,3,2,5,1,4,12,2,10,125,62,63
BURNET COUNTY,053,66 Years,880,412,468,743,344,399,7,4,3,3,1,2,12,5,7,115,58,57
BURNET COUNTY,053,67 Years,867,408,459,736,339,397,7,5,2,3,1,2,12,6,6,109,57,52
BURNET COUNTY,053,68 Years,822,408,414,706,342,364,6,4,2,3,2,1,13,7,6,94,53,41
BURNET COUNTY,053,69 Years,830,397,433,733,349,384,3,2,1,3,1,2,11,5,6,80,40,40
BURNET COUNTY,053,70 Years,791,376,415,706,334,372,5,3,2,3,2,1,8,2,6,69,35,34
BURNET COUNTY,053,71 Years,774,356,418,683,310,373,6,4,2,1,0,1,10,5,5,74,37,37
BURNET COUNTY,053,72 Years,713,338,375,637,301,336,6,4,2,2,1,1,9,4,5,59,28,31
BURNET COUNTY,053,73 Years,698,344,354,635,312,323,4,4,0,2,2,0,7,2,5,50,24,26
BURNET COUNTY,053,74 Years,699,324,375,632,291,341,4,3,1,2,0,2,9,4,5,52,26,26
BURNET COUNTY,053,75 Years,700,320,380,627,286,341,3,1,2,3,0,3,13,7,6,54,26,28
BURNET COUNTY,053,76 Years,586,281,305,518,248,270,5,0,5,3,0,3,9,5,4,51,28,23
BURNET COUNTY,053,77 Years,510,256,254,459,229,230,6,2,4,0,0,0,7,4,3,38,21,17
BURNET COUNTY,053,78 Years,457,233,224,419,215,204,5,1,4,0,0,0,5,2,3,28,15,13
BURNET COUNTY,053,79 Years,436,220,216,401,202,199,4,1,3,1,1,0,4,2,2,26,14,12
BURNET COUNTY,053,80 Years,384,199,185,357,185,172,2,1,1,2,2,0,2,1,1,21,10,11
BURNET COUNTY,053,81 Years,330,161,169,308,152,156,1,0,1,1,1,0,4,2,2,16,6,10
BURNET COUNTY,053,82 Years,294,133,161,273,125,148,2,0,2,0,0,0,4,2,2,15,6,9
BURNET COUNTY,053,83 Years,277,112,165,258,106,152,2,0,2,0,0,0,3,1,2,14,5,9
BURNET COUNTY,053,84 Years,256,105,151,242,98,144,0,0,0,1,0,1,1,1,0,12,6,6
BURNET COUNTY,053,85 Years,230,99,131,215,93,122,0,0,0,1,0,1,2,1,1,12,5,7
BURNET COUNTY,053,86 Years,191,87,104,176,81,95,1,0,1,0,0,0,3,0,3,11,6,5
BURNET COUNTY,053,87 Years,180,72,108,166,67,99,1,0,1,0,0,0,2,0,2,11,5,6
BURNET COUNTY,053,88 Years,150,59,91,140,56,84,1,0,1,1,0,1,1,0,1,7,3,4
BURNET COUNTY,053,89 Years,132,56,76,123,52,71,2,0,2,0,0,0,1,1,0,6,3,3
BURNET COUNTY,053,90 Years,113,49,64,105,44,61,0,0,0,0,0,0,1,1,0,7,4,3
BURNET COUNTY,053,91 Years,88,38,50,81,33,48,0,0,0,0,0,0,1,1,0,6,4,2
BURNET COUNTY,053,92 Years,75,31,44,70,28,42,0,0,0,0,0,0,2,1,1,3,2,1
BURNET COUNTY,053,93 Years,62,23,39,57,20,37,0,0,0,0,0,0,2,1,1,3,2,1
BURNET COUNTY,053,94 Years,48,15,33,45,13,32,0,0,0,0,0,0,0,0,0,3,2,1
BURNET COUNTY,053,95 Years +,122,37,85,110,31,79,0,0,0,1,0,1,1,0,1,10,6,4
CALDWELL COUNTY,055,All Ages,49733,25198,24535,18666,9349,9317,2803,1486,1317,490,254,236,736,363,373,27038,13746,13292
CALDWELL COUNTY,055,< 1 Year,615,311,304,147,73,74,28,14,14,5,3,2,18,9,9,417,212,205
CALDWELL COUNTY,055,1 Years,564,288,276,139,71,68,31,16,15,4,2,2,15,8,7,375,191,184
CALDWELL COUNTY,055,2 Years,557,283,274,140,71,69,29,15,14,3,1,2,15,7,8,370,189,181
CALDWELL COUNTY,055,3 Years,596,299,297,132,67,65,26,11,15,2,1,1,18,8,10,418,212,206
CALDWELL COUNTY,055,4 Years,608,307,301,133,70,63,23,10,13,2,1,1,16,7,9,434,219,215
CALDWELL COUNTY,055,5 Years,604,304,300,138,72,66,21,12,9,2,1,1,14,7,7,429,212,217
CALDWELL COUNTY,055,6 Years,604,305,299,146,77,69,21,13,8,3,2,1,14,8,6,420,205,215
CALDWELL COUNTY,055,7 Years,605,304,301,150,79,71,20,12,8,2,2,0,17,9,8,416,202,214
CALDWELL COUNTY,055,8 Years,615,311,304,145,74,71,19,9,10,4,1,3,21,13,8,426,214,212
CALDWELL COUNTY,055,9 Years,601,308,293,137,69,68,19,10,9,4,1,3,22,12,10,419,216,203
CALDWELL COUNTY,055,10 Years,585,301,284,135,67,68,20,12,8,4,1,3,17,8,9,409,213,196
CALDWELL COUNTY,055,11 Years,594,304,290,140,68,72,25,15,10,2,1,1,13,4,9,414,216,198
CALDWELL COUNTY,055,12 Years,590,284,306,136,64,72,27,17,10,1,1,0,14,5,9,412,197,215
CALDWELL COUNTY,055,13 Years,552,263,289,132,65,67,21,11,10,3,3,0,14,6,8,382,178,204
CALDWELL COUNTY,055,14 Years,606,305,301,142,72,70,26,14,12,4,3,1,11,5,6,423,211,212
CALDWELL COUNTY,055,15 Years,633,332,301,151,86,65,29,16,13,5,2,3,12,6,6,436,222,214
CALDWELL COUNTY,055,16 Years,649,352,297,160,94,66,34,23,11,3,2,1,10,4,6,442,229,213
CALDWELL COUNTY,055,17 Years,718,402,316,174,101,73,37,24,13,4,2,2,11,6,5,492,269,223
CALDWELL COUNTY,055,18 Years,770,418,352,193,104,89,35,13,22,4,1,3,6,3,3,532,297,235
CALDWELL COUNTY,055,19 Years,757,429,328,195,112,83,27,13,14,8,5,3,8,2,6,519,297,222
CALDWELL COUNTY,055,20 Years,812,446,366,204,108,96,44,21,23,24,14,10,11,7,4,529,296,233
CALDWELL COUNTY,055,21 Years,821,455,366,216,116,100,62,35,27,30,20,10,11,6,5,502,278,224
CALDWELL COUNTY,055,22 Years,784,428,356,206,107,99,55,36,19,30,16,14,9,3,6,484,266,218
CALDWELL COUNTY,055,23 Years,884,518,366,243,147,96,69,49,20,53,33,20,10,3,7,509,286,223
CALDWELL COUNTY,055,24 Years,863,529,334,272,171,101,70,51,19,45,29,16,7,3,4,469,275,194
CALDWELL COUNTY,055,25 Years,863,521,342,288,172,116,84,59,25,30,18,12,9,6,3,452,266,186
CALDWELL COUNTY,055,26 Years,799,456,343,260,145,115,80,52,28,20,13,7,10,6,4,429,240,189
CALDWELL COUNTY,055,27 Years,732,387,345,238,126,112,53,31,22,21,11,10,8,4,4,412,215,197
CALDWELL COUNTY,055,28 Years,564,282,282,176,92,84,30,15,15,15,4,11,8,3,5,335,168,167
CALDWELL COUNTY,055,29 Years,575,288,287,184,88,96,29,14,15,7,2,5,8,6,2,347,178,169
CALDWELL COUNTY,055,30 Years,649,340,309,203,104,99,38,20,18,4,1,3,12,7,5,392,208,184
CALDWELL COUNTY,055,31 Years,705,377,328,230,126,104,44,20,24,4,1,3,12,7,5,415,223,192
CALDWELL COUNTY,055,32 Years,703,364,339,244,129,115,47,22,25,5,1,4,9,6,3,398,206,192
CALDWELL COUNTY,055,33 Years,637,310,327,231,113,118,48,21,27,5,2,3,7,3,4,346,171,175
CALDWELL COUNTY,055,34 Years,623,305,318,219,97,122,41,21,20,5,3,2,6,3,3,352,181,171
CALDWELL COUNTY,055,35 Years,614,306,308,205,96,109,41,20,21,3,2,1,12,4,8,353,184,169
CALDWELL COUNTY,055,36 Years,575,290,285,183,94,89,41,22,19,1,0,1,9,4,5,341,170,171
CALDWELL COUNTY,055,37 Years,575,279,296,202,106,96,37,21,16,1,0,1,6,3,3,329,149,180
CALDWELL COUNTY,055,38 Years,652,330,322,234,128,106,42,25,17,3,2,1,12,4,8,361,171,190
CALDWELL COUNTY,055,39 Years,674,342,332,235,119,116,42,27,15,4,2,2,11,4,7,382,190,192
CALDWELL COUNTY,055,40 Years,653,339,314,223,113,110,37,23,14,3,2,1,8,3,5,382,198,184
CALDWELL COUNTY,055,41 Years,649,344,305,234,120,114,33,19,14,2,2,0,6,3,3,374,200,174
CALDWELL COUNTY,055,42 Years,653,331,322,248,118,130,40,19,21,4,3,1,7,3,4,354,188,166
CALDWELL COUNTY,055,43 Years,625,309,316,228,111,117,39,19,20,3,0,3,8,5,3,347,174,173
CALDWELL COUNTY,055,44 Years,605,293,312,225,103,122,38,18,20,4,1,3,7,3,4,331,168,163
CALDWELL COUNTY,055,45 Years,542,270,272,208,105,103,30,17,13,3,2,1,5,1,4,296,145,151
CALDWELL COUNTY,055,46 Years,539,262,277,195,99,96,29,17,12,4,3,1,4,2,2,307,141,166
CALDWELL COUNTY,055,47 Years,550,277,273,207,106,101,26,15,11,3,3,0,8,7,1,306,146,160
CALDWELL COUNTY,055,48 Years,572,280,292,210,110,100,31,13,18,3,1,2,9,6,3,319,150,169
CALDWELL COUNTY,055,49 Years,576,277,299,225,112,113,31,9,22,0,0,0,4,2,2,316,154,162
CALDWELL COUNTY,055,50 Years,594,286,308,242,120,122,30,11,19,2,0,2,4,2,2,316,153,163
CALDWELL COUNTY,055,51 Years,626,293,333,268,129,139,32,14,18,2,0,2,6,3,3,318,147,171
CALDWELL COUNTY,055,52 Years,618,293,325,271,128,143,27,14,13,1,0,1,8,4,4,311,147,164
CALDWELL COUNTY,055,53 Years,579,287,292,246,123,123,30,16,14,2,1,1,7,4,3,294,143,151
CALDWELL COUNTY,055,54 Years,579,293,286,242,125,117,32,17,15,4,2,2,6,4,2,295,145,150
CALDWELL COUNTY,055,55 Years,558,282,276,241,128,113,29,18,11,5,2,3,6,4,2,277,130,147
CALDWELL COUNTY,055,56 Years,580,303,277,252,139,113,28,13,15,6,3,3,5,3,2,289,145,144
CALDWELL COUNTY,055,57 Years,628,322,306,271,138,133,34,15,19,4,2,2,3,3,0,316,164,152
CALDWELL COUNTY,055,58 Years,619,316,303,274,137,137,39,20,19,2,0,2,4,3,1,300,156,144
CALDWELL COUNTY,055,59 Years,626,317,309,295,143,152,44,20,24,2,1,1,5,4,1,280,149,131
CALDWELL COUNTY,055,60 Years,600,292,308,293,141,152,47,20,27,2,0,2,11,6,5,247,125,122
CALDWELL COUNTY,055,61 Years,588,272,316,302,139,163,37,15,22,5,0,5,10,3,7,234,115,119
CALDWELL COUNTY,055,62 Years,640,318,322,340,167,173,36,18,18,3,0,3,8,2,6,253,131,122
CALDWELL COUNTY,055,63 Years,611,311,300,325,170,155,39,21,18,3,1,2,7,3,4,237,116,121
CALDWELL COUNTY,055,64 Years,577,296,281,301,161,140,40,19,21,4,1,3,11,8,3,221,107,114
CALDWELL COUNTY,055,65 Years,562,284,278,309,161,148,33,16,17,4,1,3,9,6,3,207,100,107
CALDWELL COUNTY,055,66 Years,581,278,303,325,157,168,32,16,16,4,2,2,11,3,8,209,100,109
CALDWELL COUNTY,055,67 Years,574,268,306,311,149,162,30,16,14,2,2,0,10,5,5,221,96,125
CALDWELL COUNTY,055,68 Years,536,240,296,290,132,158,26,12,14,3,2,1,9,4,5,208,90,118
CALDWELL COUNTY,055,69 Years,475,213,262,259,112,147,22,10,12,2,1,1,6,2,4,186,88,98
CALDWELL COUNTY,055,70 Years,463,224,239,276,134,142,23,9,14,3,1,2,2,1,1,159,79,80
CALDWELL COUNTY,055,71 Years,472,236,236,286,144,142,28,12,16,0,0,0,5,4,1,153,76,77
CALDWELL COUNTY,055,72 Years,444,214,230,273,129,144,24,13,11,2,0,2,5,2,3,140,70,70
CALDWELL COUNTY,055,73 Years,416,204,212,248,118,130,21,13,8,1,0,1,5,3,2,141,70,71
CALDWELL COUNTY,055,74 Years,401,204,197,237,114,123,18,12,6,1,0,1,4,3,1,141,75,66
CALDWELL COUNTY,055,75 Years,387,192,195,239,119,120,17,10,7,1,0,1,4,2,2,126,61,65
CALDWELL COUNTY,055,76 Years,335,160,175,203,100,103,16,9,7,0,0,0,2,1,1,114,50,64
CALDWELL COUNTY,055,77 Years,286,130,156,172,80,92,16,9,7,1,0,1,1,0,1,96,41,55
CALDWELL COUNTY,055,78 Years,268,121,147,164,73,91,12,5,7,0,0,0,3,1,2,89,42,47
CALDWELL COUNTY,055,79 Years,263,110,153,159,68,91,12,3,9,1,0,1,3,1,2,88,38,50
CALDWELL COUNTY,055,80 Years,212,85,127,124,51,73,11,3,8,2,0,2,3,1,2,72,30,42
CALDWELL COUNTY,055,81 Years,185,80,105,110,48,62,10,5,5,1,1,0,2,1,1,62,25,37
CALDWELL COUNTY,055,82 Years,173,78,95,107,47,60,11,6,5,1,1,0,2,1,1,52,23,29
CALDWELL COUNTY,055,83 Years,167,71,96,105,46,59,9,4,5,2,1,1,1,0,1,50,20,30
CALDWELL COUNTY,055,84 Years,151,59,92,98,40,58,8,4,4,1,1,0,1,0,1,43,14,29
CALDWELL COUNTY,055,85 Years,121,47,74,75,30,45,7,3,4,1,1,0,1,0,1,37,13,24
CALDWELL COUNTY,055,86 Years,112,44,68,69,27,42,5,2,3,1,0,1,1,0,1,36,15,21
CALDWELL COUNTY,055,87 Years,116,50,66,70,28,42,6,2,4,1,0,1,1,0,1,38,20,18
CALDWELL COUNTY,055,88 Years,92,37,55,61,23,38,5,2,3,0,0,0,1,0,1,25,12,13
CALDWELL COUNTY,055,89 Years,76,27,49,52,18,34,4,1,3,0,0,0,2,1,1,18,7,11
CALDWELL COUNTY,055,90 Years,72,25,47,50,18,32,4,1,3,0,0,0,1,1,0,17,5,12
CALDWELL COUNTY,055,91 Years,62,21,41,43,14,29,4,1,3,0,0,0,0,0,0,15,6,9
CALDWELL COUNTY,055,92 Years,49,17,32,36,12,24,2,0,2,0,0,0,0,0,0,11,5,6
CALDWELL COUNTY,055,93 Years,40,13,27,28,9,19,2,0,2,0,0,0,0,0,0,10,4,6
CALDWELL COUNTY,055,94 Years,30,11,19,20,6,14,3,2,1,0,0,0,0,0,0,7,3,4
CALDWELL COUNTY,055,95 Years +,98,29,69,63,17,46,9,3,6,0,0,0,1,0,1,25,9,16
CALHOUN COUNTY,057,All Ages,19809,10209,9600,7953,4023,3930,478,269,209,1025,584,441,235,121,114,10118,5212,4906
CALHOUN COUNTY,057,< 1 Year,232,117,115,60,29,31,5,3,2,6,3,3,9,4,5,152,78,74
CALHOUN COUNTY,057,1 Years,238,122,116,63,32,31,5,3,2,7,4,3,7,3,4,156,80,76
CALHOUN COUNTY,057,2 Years,241,124,117,65,33,32,6,3,3,7,4,3,6,3,3,157,81,76
CALHOUN COUNTY,057,3 Years,255,129,126,72,39,33,7,3,4,12,5,7,6,3,3,158,79,79
CALHOUN COUNTY,057,4 Years,254,129,125,70,36,34,8,3,5,11,5,6,6,3,3,159,82,77
CALHOUN COUNTY,057,5 Years,256,131,125,72,36,36,6,3,3,11,5,6,5,3,2,162,84,78
CALHOUN COUNTY,057,6 Years,263,138,125,76,39,37,5,4,1,10,5,5,6,4,2,166,86,80
CALHOUN COUNTY,057,7 Years,274,146,128,79,42,37,7,3,4,14,8,6,5,3,2,169,90,79
CALHOUN COUNTY,057,8 Years,276,145,131,80,43,37,8,6,2,13,7,6,7,2,5,168,87,81
CALHOUN COUNTY,057,9 Years,261,131,130,74,38,36,7,3,4,14,8,6,6,2,4,160,80,80
CALHOUN COUNTY,057,10 Years,250,121,129,71,35,36,5,2,3,14,8,6,4,1,3,156,75,81
CALHOUN COUNTY,057,11 Years,242,116,126,72,36,36,5,2,3,9,5,4,4,1,3,152,72,80
CALHOUN COUNTY,057,12 Years,257,126,131,78,41,37,4,0,4,8,3,5,3,1,2,164,81,83
CALHOUN COUNTY,057,13 Years,254,127,127,73,36,37,6,4,2,9,4,5,3,1,2,163,82,81
CALHOUN COUNTY,057,14 Years,259,134,125,72,37,35,6,4,2,10,5,5,3,2,1,168,86,82
CALHOUN COUNTY,057,15 Years,261,132,129,77,40,37,6,3,3,8,5,3,2,1,1,168,83,85
CALHOUN COUNTY,057,16 Years,272,139,133,85,49,36,4,0,4,9,4,5,3,2,1,171,84,87
CALHOUN COUNTY,057,17 Years,264,136,128,80,43,37,3,1,2,15,8,7,2,2,0,164,82,82
CALHOUN COUNTY,057,18 Years,278,150,128,78,38,40,6,3,3,17,8,9,3,2,1,174,99,75
CALHOUN COUNTY,057,19 Years,278,152,126,77,41,36,8,4,4,19,8,11,4,2,2,170,97,73
CALHOUN COUNTY,057,20 Years,269,151,118,80,46,34,7,5,2,15,6,9,6,4,2,161,90,71
CALHOUN COUNTY,057,21 Years,242,133,109,73,39,34,5,3,2,11,5,6,3,1,2,150,85,65
CALHOUN COUNTY,057,22 Years,236,127,109,61,33,28,7,4,3,11,6,5,3,1,2,154,83,71
CALHOUN COUNTY,057,23 Years,238,137,101,62,36,26,7,5,2,12,8,4,2,1,1,155,87,68
CALHOUN COUNTY,057,24 Years,225,124,101,57,30,27,6,5,1,9,6,3,1,0,1,152,83,69
CALHOUN COUNTY,057,25 Years,240,130,110,67,35,32,6,4,2,13,8,5,1,1,0,153,82,71
CALHOUN COUNTY,057,26 Years,240,122,118,74,35,39,6,4,2,15,8,7,2,0,2,143,75,68
CALHOUN COUNTY,057,27 Years,242,135,107,69,35,34,5,4,1,18,12,6,6,5,1,144,79,65
CALHOUN COUNTY,057,28 Years,246,140,106,80,40,40,5,4,1,22,17,5,3,2,1,136,77,59
CALHOUN COUNTY,057,29 Years,263,154,109,89,48,41,5,3,2,26,19,7,3,2,1,140,82,58
CALHOUN COUNTY,057,30 Years,263,152,111,89,45,44,7,6,1,25,18,7,1,0,1,141,83,58
CALHOUN COUNTY,057,31 Years,257,140,117,87,45,42,6,4,2,20,12,8,2,1,1,142,78,64
CALHOUN COUNTY,057,32 Years,227,122,105,71,39,32,6,3,3,12,5,7,6,5,1,132,70,62
CALHOUN COUNTY,057,33 Years,237,131,106,83,46,37,3,1,2,10,7,3,2,2,0,139,75,64
CALHOUN COUNTY,057,34 Years,246,137,109,75,41,34,5,2,3,13,9,4,1,1,0,152,84,68
CALHOUN COUNTY,057,35 Years,236,131,105,70,38,32,7,3,4,15,9,6,2,1,1,142,80,62
CALHOUN COUNTY,057,36 Years,226,124,102,68,38,30,9,6,3,15,11,4,2,0,2,132,69,63
CALHOUN COUNTY,057,37 Years,232,122,110,67,38,29,8,5,3,19,10,9,3,1,2,135,68,67
CALHOUN COUNTY,057,38 Years,232,129,103,77,48,29,6,3,3,15,8,7,2,0,2,132,70,62
CALHOUN COUNTY,057,39 Years,214,109,105,77,35,42,3,2,1,14,5,9,4,2,2,116,65,51
CALHOUN COUNTY,057,40 Years,237,115,122,81,33,48,2,2,0,14,7,7,2,1,1,138,72,66
CALHOUN COUNTY,057,41 Years,244,127,117,88,45,43,5,4,1,10,5,5,1,1,0,140,72,68
CALHOUN COUNTY,057,42 Years,243,127,116,91,43,48,4,2,2,10,6,4,4,1,3,134,75,59
CALHOUN COUNTY,057,43 Years,234,113,121,86,40,46,4,1,3,12,8,4,4,1,3,128,63,65
CALHOUN COUNTY,057,44 Years,226,114,112,83,45,38,3,2,1,12,8,4,1,1,0,127,58,69
CALHOUN COUNTY,057,45 Years,219,107,112,88,47,41,3,2,1,12,6,6,1,1,0,115,51,64
CALHOUN COUNTY,057,46 Years,217,109,108,83,43,40,5,3,2,12,5,7,3,1,2,114,57,57
CALHOUN COUNTY,057,47 Years,215,108,107,75,35,40,6,3,3,12,5,7,1,0,1,121,65,56
CALHOUN COUNTY,057,48 Years,198,102,96,72,30,42,9,6,3,9,3,6,1,1,0,107,62,45
CALHOUN COUNTY,057,49 Years,201,103,98,73,34,39,8,5,3,8,4,4,0,0,0,112,60,52
CALHOUN COUNTY,057,50 Years,209,104,105,74,36,38,6,4,2,8,4,4,2,1,1,119,59,60
CALHOUN COUNTY,057,51 Years,216,109,107,81,39,42,8,6,2,11,7,4,2,1,1,114,56,58
CALHOUN COUNTY,057,52 Years,231,121,110,94,48,46,8,6,2,15,7,8,2,1,1,112,59,53
CALHOUN COUNTY,057,53 Years,219,112,107,99,48,51,5,3,2,12,6,6,2,1,1,101,54,47
CALHOUN COUNTY,057,54 Years,201,102,99,90,44,46,4,2,2,10,5,5,1,0,1,96,51,45
CALHOUN COUNTY,057,55 Years,210,102,108,88,41,47,5,3,2,13,5,8,1,0,1,103,53,50
CALHOUN COUNTY,057,56 Years,225,111,114,95,44,51,4,2,2,18,8,10,1,1,0,107,56,51
CALHOUN COUNTY,057,57 Years,251,131,120,113,59,54,6,2,4,15,8,7,1,1,0,116,61,55
CALHOUN COUNTY,057,58 Years,266,143,123,132,71,61,6,4,2,11,8,3,2,1,1,115,59,56
CALHOUN COUNTY,057,59 Years,281,151,130,137,71,66,7,4,3,16,11,5,1,1,0,120,64,56
CALHOUN COUNTY,057,60 Years,275,146,129,136,69,67,7,4,3,13,9,4,4,4,0,115,60,55
CALHOUN COUNTY,057,61 Years,260,132,128,136,68,68,5,2,3,15,8,7,4,3,1,100,51,49
CALHOUN COUNTY,057,62 Years,265,136,129,141,73,68,5,2,3,17,7,10,4,3,1,98,51,47
CALHOUN COUNTY,057,63 Years,267,135,132,137,67,70,7,3,4,14,7,7,4,3,1,105,55,50
CALHOUN COUNTY,057,64 Years,258,126,132,136,66,70,6,3,3,17,8,9,2,1,1,97,48,49
CALHOUN COUNTY,057,65 Years,251,125,126,144,73,71,8,5,3,17,9,8,2,1,1,80,37,43
CALHOUN COUNTY,057,66 Years,248,111,137,145,67,78,7,3,4,14,8,6,3,2,1,79,31,48
CALHOUN COUNTY,057,67 Years,254,121,133,149,71,78,8,4,4,9,6,3,1,0,1,87,40,47
CALHOUN COUNTY,057,68 Years,249,122,127,149,78,71,6,2,4,11,7,4,1,0,1,82,35,47
CALHOUN COUNTY,057,69 Years,243,126,117,145,78,67,7,4,3,14,9,5,2,1,1,75,34,41
CALHOUN COUNTY,057,70 Years,250,129,121,145,73,72,8,6,2,12,8,4,2,1,1,83,41,42
CALHOUN COUNTY,057,71 Years,215,107,108,128,64,64,4,3,1,12,8,4,1,0,1,70,32,38
CALHOUN COUNTY,057,72 Years,190,96,94,113,59,54,5,2,3,12,9,3,2,1,1,58,25,33
CALHOUN COUNTY,057,73 Years,188,95,93,108,53,55,7,3,4,14,11,3,3,1,2,56,27,29
CALHOUN COUNTY,057,74 Years,190,94,96,116,56,60,4,2,2,11,9,2,2,1,1,57,26,31
CALHOUN COUNTY,057,75 Years,175,88,87,111,56,55,2,2,0,8,6,2,3,2,1,51,22,29
CALHOUN COUNTY,057,76 Years,154,82,72,100,53,47,4,4,0,8,7,1,1,1,0,41,17,24
CALHOUN COUNTY,057,77 Years,145,79,66,94,50,44,4,3,1,6,6,0,2,2,0,39,18,21
CALHOUN COUNTY,057,78 Years,140,71,69,94,50,44,3,2,1,2,2,0,2,1,1,39,16,23
CALHOUN COUNTY,057,79 Years,143,76,67,97,51,46,3,2,1,2,2,0,1,1,0,40,20,20
CALHOUN COUNTY,057,80 Years,129,64,65,88,44,44,2,1,1,3,1,2,1,0,1,35,18,17
CALHOUN COUNTY,057,81 Years,109,52,57,75,33,42,4,1,3,3,2,1,0,0,0,27,16,11
CALHOUN COUNTY,057,82 Years,91,45,46,65,31,34,5,2,3,2,1,1,2,1,1,17,10,7
CALHOUN COUNTY,057,83 Years,80,38,42,56,28,28,3,2,1,2,1,1,1,0,1,18,7,11
CALHOUN COUNTY,057,84 Years,74,33,41,51,25,26,2,1,1,2,1,1,0,0,0,19,6,13
CALHOUN COUNTY,057,85 Years,71,32,39,49,24,25,2,1,1,3,2,1,0,0,0,17,5,12
CALHOUN COUNTY,057,86 Years,63,28,35,46,22,24,2,1,1,2,1,1,1,0,1,12,4,8
CALHOUN COUNTY,057,87 Years,54,21,33,37,17,20,1,0,1,2,1,1,1,0,1,13,3,10
CALHOUN COUNTY,057,88 Years,51,19,32,39,15,24,1,0,1,1,1,0,0,0,0,10,3,7
CALHOUN COUNTY,057,89 Years,42,14,28,33,11,22,0,0,0,0,0,0,0,0,0,9,3,6
CALHOUN COUNTY,057,90 Years,35,11,24,26,10,16,0,0,0,1,0,1,0,0,0,8,1,7
CALHOUN COUNTY,057,91 Years,30,11,19,22,9,13,0,0,0,1,0,1,0,0,0,7,2,5
CALHOUN COUNTY,057,92 Years,26,10,16,20,8,12,0,0,0,0,0,0,0,0,0,6,2,4
CALHOUN COUNTY,057,93 Years,21,8,13,16,7,9,0,0,0,1,0,1,0,0,0,4,1,3
CALHOUN COUNTY,057,94 Years,14,5,9,9,4,5,0,0,0,0,0,0,0,0,0,5,1,4
CALHOUN COUNTY,057,95 Years +,40,15,25,24,11,13,2,0,2,1,0,1,1,0,1,12,4,8
CALLAHAN COUNTY,059,All Ages,13968,6884,7084,11818,5788,6030,146,76,70,90,42,48,353,169,184,1561,809,752
CALLAHAN COUNTY,059,< 1 Year,131,67,64,92,48,44,2,1,1,1,0,1,7,3,4,29,15,14
CALLAHAN COUNTY,059,1 Years,132,69,63,91,47,44,3,2,1,1,1,0,6,3,3,31,16,15
CALLAHAN COUNTY,059,2 Years,137,70,67,93,48,45,3,1,2,1,0,1,7,4,3,33,17,16
CALLAHAN COUNTY,059,3 Years,135,65,70,105,49,56,3,1,2,0,0,0,8,4,4,19,11,8
CALLAHAN COUNTY,059,4 Years,144,68,76,114,53,61,1,0,1,0,0,0,10,4,6,19,11,8
CALLAHAN COUNTY,059,5 Years,155,74,81,121,57,64,3,2,1,0,0,0,10,4,6,21,11,10
CALLAHAN COUNTY,059,6 Years,164,82,82,128,65,63,3,2,1,0,0,0,9,4,5,24,11,13
CALLAHAN COUNTY,059,7 Years,166,85,81,127,66,61,2,1,1,0,0,0,12,6,6,25,12,13
CALLAHAN COUNTY,059,8 Years,179,93,86,139,73,66,2,1,1,0,0,0,8,4,4,30,15,15
CALLAHAN COUNTY,059,9 Years,181,93,88,136,70,66,2,1,1,0,0,0,9,4,5,34,18,16
CALLAHAN COUNTY,059,10 Years,164,84,80,122,64,58,2,1,1,2,2,0,8,4,4,30,13,17
CALLAHAN COUNTY,059,11 Years,160,80,80,121,64,57,2,1,1,1,1,0,7,3,4,29,11,18
CALLAHAN COUNTY,059,12 Years,186,101,85,148,86,62,3,0,3,0,0,0,6,4,2,29,11,18
CALLAHAN COUNTY,059,13 Years,172,89,83,141,71,70,2,0,2,1,0,1,5,3,2,23,15,8
CALLAHAN COUNTY,059,14 Years,159,78,81,130,61,69,1,0,1,2,1,1,4,2,2,22,14,8
CALLAHAN COUNTY,059,15 Years,176,92,84,143,75,68,2,1,1,2,1,1,4,2,2,25,13,12
CALLAHAN COUNTY,059,16 Years,182,101,81,150,85,65,2,1,1,2,1,1,3,2,1,25,12,13
CALLAHAN COUNTY,059,17 Years,172,101,71,140,84,56,2,1,1,1,1,0,7,4,3,22,11,11
CALLAHAN COUNTY,059,18 Years,172,101,71,144,87,57,3,1,2,1,1,0,6,3,3,18,9,9
CALLAHAN COUNTY,059,19 Years,162,90,72,133,72,61,1,1,0,1,1,0,5,3,2,22,13,9
CALLAHAN COUNTY,059,20 Years,168,89,79,138,71,67,2,1,1,2,2,0,3,2,1,23,13,10
CALLAHAN COUNTY,059,21 Years,154,82,72,129,69,60,2,0,2,1,1,0,4,3,1,18,9,9
CALLAHAN COUNTY,059,22 Years,126,69,57,99,54,45,1,0,1,2,2,0,3,2,1,21,11,10
CALLAHAN COUNTY,059,23 Years,118,58,60,88,43,45,2,1,1,1,1,0,6,3,3,21,10,11
CALLAHAN COUNTY,059,24 Years,117,58,59,84,41,43,2,0,2,4,4,0,6,2,4,21,11,10
CALLAHAN COUNTY,059,25 Years,120,62,58,88,42,46,2,1,1,4,2,2,7,4,3,19,13,6
CALLAHAN COUNTY,059,26 Years,127,62,65,102,47,55,2,1,1,1,0,1,3,2,1,19,12,7
CALLAHAN COUNTY,059,27 Years,138,62,76,113,50,63,3,2,1,0,0,0,2,0,2,20,10,10
CALLAHAN COUNTY,059,28 Years,132,61,71,107,49,58,3,2,1,0,0,0,3,1,2,19,9,10
CALLAHAN COUNTY,059,29 Years,143,69,74,118,58,60,2,1,1,2,1,1,3,1,2,18,8,10
CALLAHAN COUNTY,059,30 Years,134,65,69,110,54,56,1,0,1,3,1,2,1,1,0,19,9,10
CALLAHAN COUNTY,059,31 Years,131,65,66,112,57,55,1,0,1,2,2,0,0,0,0,16,6,10
CALLAHAN COUNTY,059,32 Years,144,73,71,117,60,57,2,0,2,2,1,1,2,1,1,21,11,10
CALLAHAN COUNTY,059,33 Years,185,100,85,147,73,74,3,2,1,1,0,1,1,1,0,33,24,9
CALLAHAN COUNTY,059,34 Years,181,92,89,156,74,82,1,1,0,2,0,2,1,1,0,21,16,5
CALLAHAN COUNTY,059,35 Years,166,82,84,143,73,70,1,1,0,1,0,1,1,0,1,20,8,12
CALLAHAN COUNTY,059,36 Years,160,78,82,131,67,64,0,0,0,1,0,1,1,1,0,27,10,17
CALLAHAN COUNTY,059,37 Years,154,74,80,130,61,69,0,0,0,0,0,0,2,1,1,22,12,10
CALLAHAN COUNTY,059,38 Years,169,74,95,143,62,81,2,1,1,0,0,0,3,1,2,21,10,11
CALLAHAN COUNTY,059,39 Years,179,88,91,148,72,76,1,0,1,0,0,0,4,1,3,26,15,11
CALLAHAN COUNTY,059,40 Years,172,93,79,145,74,71,1,1,0,1,0,1,2,1,1,23,17,6
CALLAHAN COUNTY,059,41 Years,167,88,79,138,73,65,1,1,0,1,0,1,4,3,1,23,11,12
CALLAHAN COUNTY,059,42 Years,174,83,91,142,71,71,3,1,2,1,0,1,3,1,2,25,10,15
CALLAHAN COUNTY,059,43 Years,179,86,93,133,64,69,2,0,2,1,0,1,4,1,3,39,21,18
CALLAHAN COUNTY,059,44 Years,178,83,95,145,68,77,0,0,0,1,0,1,5,2,3,27,13,14
CALLAHAN COUNTY,059,45 Years,174,87,87,150,74,76,1,1,0,1,0,1,5,2,3,17,10,7
CALLAHAN COUNTY,059,46 Years,177,86,91,147,69,78,3,3,0,1,0,1,5,2,3,21,12,9
CALLAHAN COUNTY,059,47 Years,168,76,92,138,64,74,5,3,2,1,0,1,7,2,5,17,7,10
CALLAHAN COUNTY,059,48 Years,167,81,86,138,71,67,3,2,1,1,0,1,4,2,2,21,6,15
CALLAHAN COUNTY,059,49 Years,156,71,85,134,63,71,3,3,0,0,0,0,4,2,2,15,3,12
CALLAHAN COUNTY,059,50 Years,158,79,79,139,69,70,1,1,0,0,0,0,1,0,1,17,9,8
CALLAHAN COUNTY,059,51 Years,178,84,94,160,74,86,0,0,0,1,0,1,2,1,1,15,9,6
CALLAHAN COUNTY,059,52 Years,177,85,92,156,74,82,1,0,1,1,1,0,2,1,1,17,9,8
CALLAHAN COUNTY,059,53 Years,185,85,100,160,72,88,3,1,2,2,2,0,5,1,4,15,9,6
CALLAHAN COUNTY,059,54 Years,180,84,96,162,75,87,1,1,0,2,1,1,3,1,2,12,6,6
CALLAHAN COUNTY,059,55 Years,174,85,89,154,76,78,2,1,1,2,0,2,2,1,1,14,7,7
CALLAHAN COUNTY,059,56 Years,166,83,83,143,73,70,2,1,1,3,2,1,2,1,1,16,6,10
CALLAHAN COUNTY,059,57 Years,164,80,84,146,73,73,1,1,0,1,0,1,2,1,1,14,5,9
CALLAHAN COUNTY,059,58 Years,178,92,86,160,83,77,1,1,0,0,0,0,3,1,2,14,7,7
CALLAHAN COUNTY,059,59 Years,209,108,101,183,96,87,2,1,1,0,0,0,2,1,1,22,10,12
CALLAHAN COUNTY,059,60 Years,219,110,109,193,96,97,2,1,1,0,0,0,2,1,1,22,12,10
CALLAHAN COUNTY,059,61 Years,207,110,97,177,89,88,2,2,0,2,2,0,9,5,4,17,12,5
CALLAHAN COUNTY,059,62 Years,222,114,108,186,93,93,3,2,1,2,0,2,9,5,4,22,14,8
CALLAHAN COUNTY,059,63 Years,225,108,117,198,96,102,3,2,1,2,0,2,3,1,2,19,9,10
CALLAHAN COUNTY,059,64 Years,206,96,110,188,87,101,2,1,1,0,0,0,2,2,0,14,6,8
CALLAHAN COUNTY,059,65 Years,195,94,101,176,82,94,1,0,1,1,1,0,3,2,1,14,9,5
CALLAHAN COUNTY,059,66 Years,195,88,107,179,79,100,0,0,0,0,0,0,4,1,3,12,8,4
CALLAHAN COUNTY,059,67 Years,209,94,115,190,85,105,1,0,1,2,1,1,5,2,3,11,6,5
CALLAHAN COUNTY,059,68 Years,222,103,119,201,91,110,2,1,1,2,1,1,6,2,4,11,8,3
CALLAHAN COUNTY,059,69 Years,196,95,101,180,86,94,1,0,1,1,1,0,4,1,3,10,7,3
CALLAHAN COUNTY,059,70 Years,182,88,94,166,77,89,3,3,0,1,1,0,4,2,2,8,5,3
CALLAHAN COUNTY,059,71 Years,173,82,91,157,73,84,2,2,0,1,0,1,5,3,2,8,4,4
CALLAHAN COUNTY,059,72 Years,173,77,96,159,71,88,1,0,1,1,0,1,4,2,2,8,4,4
CALLAHAN COUNTY,059,73 Years,167,74,93,158,71,87,1,0,1,1,0,1,2,1,1,5,2,3
CALLAHAN COUNTY,059,74 Years,161,71,90,155,69,86,0,0,0,0,0,0,3,1,2,3,1,2
CALLAHAN COUNTY,059,75 Years,156,75,81,148,72,76,1,1,0,1,0,1,3,1,2,3,1,2
CALLAHAN COUNTY,059,76 Years,124,65,59,115,60,55,0,0,0,1,1,0,3,1,2,5,3,2
CALLAHAN COUNTY,059,77 Years,119,56,63,109,50,59,1,1,0,1,1,0,3,1,2,5,3,2
CALLAHAN COUNTY,059,78 Years,110,53,57,101,48,53,2,1,1,0,0,0,2,1,1,5,3,2
CALLAHAN COUNTY,059,79 Years,99,47,52,93,43,50,1,1,0,0,0,0,1,1,0,4,2,2
CALLAHAN COUNTY,059,80 Years,89,43,46,83,40,43,1,1,0,1,0,1,0,0,0,4,2,2
CALLAHAN COUNTY,059,81 Years,77,36,41,72,34,38,1,1,0,1,0,1,0,0,0,3,1,2
CALLAHAN COUNTY,059,82 Years,74,36,38,71,34,37,0,0,0,0,0,0,2,1,1,1,1,0
CALLAHAN COUNTY,059,83 Years,70,32,38,67,30,37,0,0,0,0,0,0,1,1,0,2,1,1
CALLAHAN COUNTY,059,84 Years,65,28,37,63,28,35,0,0,0,0,0,0,0,0,0,2,0,2
CALLAHAN COUNTY,059,85 Years,62,32,30,56,29,27,0,0,0,1,0,1,1,1,0,4,2,2
CALLAHAN COUNTY,059,86 Years,53,27,26,46,24,22,0,0,0,1,0,1,2,1,1,4,2,2
CALLAHAN COUNTY,059,87 Years,46,23,23,42,21,21,0,0,0,0,0,0,1,0,1,3,2,1
CALLAHAN COUNTY,059,88 Years,35,16,19,33,15,18,0,0,0,0,0,0,1,0,1,1,1,0
CALLAHAN COUNTY,059,89 Years,31,10,21,28,10,18,1,0,1,1,0,1,0,0,0,1,0,1
CALLAHAN COUNTY,059,90 Years,31,11,20,29,10,19,0,0,0,0,0,0,1,1,0,1,0,1
CALLAHAN COUNTY,059,91 Years,29,11,18,26,9,17,0,0,0,0,0,0,1,1,0,2,1,1
CALLAHAN COUNTY,059,92 Years,24,10,14,20,7,13,0,0,0,0,0,0,1,1,0,3,2,1
CALLAHAN COUNTY,059,93 Years,20,9,11,19,8,11,0,0,0,0,0,0,0,0,0,1,1,0
CALLAHAN COUNTY,059,94 Years,12,5,7,12,5,7,0,0,0,0,0,0,0,0,0,0,0,0
CALLAHAN COUNTY,059,95 Years +,34,10,24,28,8,20,1,0,1,0,0,0,1,1,0,4,1,3
CAMERON COUNTY,061,All Ages,426062,208116,217946,34926,17553,17373,1421,858,563,2785,1441,1344,1767,864,903,385163,187400,197763
CAMERON COUNTY,061,< 1 Year,5915,3002,2913,247,123,124,14,7,7,24,12,12,171,88,83,5459,2772,2687
CAMERON COUNTY,061,1 Years,5880,2999,2881,280,143,137,16,8,8,26,13,13,34,18,16,5524,2817,2707
CAMERON COUNTY,061,2 Years,5891,3005,2886,286,146,140,16,8,8,25,13,12,36,19,17,5528,2819,2709
CAMERON COUNTY,061,3 Years,6433,3269,3164,215,113,102,14,7,7,17,9,8,38,20,18,6149,3120,3029
CAMERON COUNTY,061,4 Years,6565,3339,3226,200,106,94,17,8,9,13,8,5,39,20,19,6296,3197,3099
CAMERON COUNTY,061,5 Years,6748,3439,3309,219,116,103,19,8,11,14,9,5,16,9,7,6480,3297,3183
CAMERON COUNTY,061,6 Years,7003,3573,3430,246,127,119,25,11,14,16,11,5,9,5,4,6707,3419,3288
CAMERON COUNTY,061,7 Years,7264,3709,3555,272,137,135,26,12,14,19,12,7,11,6,5,6936,3542,3394
CAMERON COUNTY,061,8 Years,7345,3760,3585,281,137,144,31,15,16,25,15,10,32,16,16,6976,3577,3399
CAMERON COUNTY,061,9 Years,7351,3766,3585,284,137,147,30,16,14,26,16,10,36,18,18,6975,3579,3396
CAMERON COUNTY,061,10 Years,7399,3781,3618,288,141,147,25,13,12,26,15,11,33,16,17,7027,3596,3431
CAMERON COUNTY,061,11 Years,7487,3822,3665,300,154,146,23,12,11,28,15,13,30,16,14,7106,3625,3481
CAMERON COUNTY,061,12 Years,7132,3613,3519,292,145,147,17,6,11,31,15,16,27,13,14,6765,3434,3331
CAMERON COUNTY,061,13 Years,6740,3419,3321,324,166,158,21,11,10,31,18,13,27,13,14,6337,3211,3126
CAMERON COUNTY,061,14 Years,6781,3432,3349,330,174,156,16,8,8,27,13,14,28,13,15,6380,3224,3156
CAMERON COUNTY,061,15 Years,6917,3547,3370,336,176,160,20,8,12,36,23,13,29,13,16,6496,3327,3169
CAMERON COUNTY,061,16 Years,6952,3556,3396,307,160,147,22,10,12,38,24,14,39,15,24,6546,3347,3199
CAMERON COUNTY,061,17 Years,7070,3547,3523,306,150,156,24,12,12,39,20,19,37,13,24,6664,3352,3312
CAMERON COUNTY,061,18 Years,7131,3633,3498,336,167,169,16,11,5,40,18,22,27,13,14,6712,3424,3288
CAMERON COUNTY,061,19 Years,7111,3638,3473,324,158,166,16,9,7,29,14,15,21,11,10,6721,3446,3275
CAMERON COUNTY,061,20 Years,7182,3646,3536,314,157,157,15,10,5,35,24,11,20,10,10,6798,3445,3353
CAMERON COUNTY,061,21 Years,7058,3614,3444,302,162,140,19,11,8,37,26,11,24,9,15,6676,3406,3270
CAMERON COUNTY,061,22 Years,6692,3467,3225,278,151,127,15,6,9,38,21,17,22,9,13,6339,3280,3059
CAMERON COUNTY,061,23 Years,6337,3300,3037,261,137,124,14,9,5,45,27,18,19,10,9,5998,3117,2881
CAMERON COUNTY,061,24 Years,6185,3170,3015,266,141,125,16,11,5,43,27,16,19,6,13,5841,2985,2856
CAMERON COUNTY,061,25 Years,6074,3122,2952,267,137,130,20,15,5,43,28,15,17,7,10,5727,2935,2792
CAMERON COUNTY,061,26 Years,5988,3112,2876,285,143,142,17,12,5,39,25,14,18,9,9,5629,2923,2706
CAMERON COUNTY,061,27 Years,5904,3054,2850,302,144,158,18,11,7,38,27,11,19,9,10,5527,2863,2664
CAMERON COUNTY,061,28 Years,5501,2833,2668,278,139,139,17,11,6,43,25,18,26,14,12,5137,2644,2493
CAMERON COUNTY,061,29 Years,5495,2843,2652,281,142,139,18,10,8,46,28,18,20,14,6,5130,2649,2481
CAMERON COUNTY,061,30 Years,5468,2830,2638,292,158,134,17,8,9,48,31,17,18,12,6,5093,2621,2472
CAMERON COUNTY,061,31 Years,5341,2731,2610,275,151,124,22,13,9,36,21,15,15,8,7,4993,2538,2455
CAMERON COUNTY,061,32 Years,5149,2617,2532,265,146,119,31,22,9,34,20,14,14,6,8,4805,2423,2382
CAMERON COUNTY,061,33 Years,4902,2479,2423,261,138,123,33,25,8,36,20,16,34,11,23,4538,2285,2253
CAMERON COUNTY,061,34 Years,4672,2358,2314,268,147,121,25,19,6,43,23,20,33,12,21,4303,2157,2146
CAMERON COUNTY,061,35 Years,4481,2220,2261,261,136,125,22,16,6,45,23,22,29,10,19,4124,2035,2089
CAMERON COUNTY,061,36 Years,4444,2203,2241,282,140,142,22,14,8,59,29,30,19,8,11,4062,2012,2050
CAMERON COUNTY,061,37 Years,4549,2250,2299,285,145,140,25,17,8,61,26,35,24,9,15,4154,2053,2101
CAMERON COUNTY,061,38 Years,4570,2280,2290,297,165,132,26,17,9,39,19,20,23,12,11,4185,2067,2118
CAMERON COUNTY,061,39 Years,4582,2304,2278,300,159,141,20,14,6,32,18,14,19,13,6,4211,2100,2111
CAMERON COUNTY,061,40 Years,4696,2312,2384,297,151,146,21,15,6,32,14,18,19,13,6,4327,2119,2208
CAMERON COUNTY,061,41 Years,4906,2374,2532,297,153,144,22,16,6,34,12,22,19,13,6,4534,2180,2354
CAMERON COUNTY,061,42 Years,4903,2386,2517,304,150,154,23,16,7,29,15,14,20,9,11,4527,2196,2331
CAMERON COUNTY,061,43 Years,4764,2310,2454,304,160,144,19,13,6,28,12,16,19,8,11,4394,2117,2277
CAMERON COUNTY,061,44 Years,4740,2319,2421,307,163,144,15,9,6,37,19,18,17,8,9,4364,2120,2244
CAMERON COUNTY,061,45 Years,4903,2390,2513,308,167,141,16,11,5,38,19,19,17,11,6,4524,2182,2342
CAMERON COUNTY,061,46 Years,5030,2436,2594,297,162,135,15,10,5,44,25,19,17,10,7,4657,2229,2428
CAMERON COUNTY,061,47 Years,5113,2503,2610,299,152,147,17,10,7,38,20,18,12,6,6,4747,2315,2432
CAMERON COUNTY,061,48 Years,5099,2488,2611,301,161,140,21,12,9,32,19,13,11,5,6,4734,2291,2443
CAMERON COUNTY,061,49 Years,4997,2376,2621,303,157,146,24,16,8,31,18,13,14,6,8,4625,2179,2446
CAMERON COUNTY,061,50 Years,4917,2310,2607,326,166,160,20,15,5,38,19,19,14,7,7,4519,2103,2416
CAMERON COUNTY,061,51 Years,4984,2294,2690,351,173,178,20,16,4,37,16,21,14,7,7,4562,2082,2480
CAMERON COUNTY,061,52 Years,4997,2312,2685,384,190,194,17,13,4,38,15,23,14,7,7,4544,2087,2457
CAMERON COUNTY,061,53 Years,4745,2207,2538,391,207,184,15,9,6,36,15,21,12,5,7,4291,1971,2320
CAMERON COUNTY,061,54 Years,4496,2061,2435,356,181,175,15,8,7,35,14,21,10,3,7,4080,1855,2225
CAMERON COUNTY,061,55 Years,4444,2031,2413,348,171,177,15,9,6,40,16,24,9,4,5,4032,1831,2201
CAMERON COUNTY,061,56 Years,4282,1969,2313,363,180,183,12,7,5,36,16,20,11,4,7,3860,1762,2098
CAMERON COUNTY,061,57 Years,4305,1990,2315,398,196,202,20,14,6,36,16,20,14,6,8,3837,1758,2079
CAMERON COUNTY,061,58 Years,4236,1918,2318,442,217,225,20,12,8,41,19,22,16,10,6,3717,1660,2057
CAMERON COUNTY,061,59 Years,4194,1900,2294,459,223,236,13,7,6,34,16,18,14,10,4,3674,1644,2030
CAMERON COUNTY,061,60 Years,4112,1884,2228,456,220,236,14,9,5,29,15,14,13,7,6,3600,1633,1967
CAMERON COUNTY,061,61 Years,4140,1871,2269,500,236,264,18,14,4,31,12,19,14,7,7,3577,1602,1975
CAMERON COUNTY,061,62 Years,4130,1898,2232,519,253,266,18,13,5,38,18,20,15,8,7,3540,1606,1934
CAMERON COUNTY,061,63 Years,3982,1849,2133,544,273,271,14,9,5,51,22,29,17,7,10,3356,1538,1818
CAMERON COUNTY,061,64 Years,3884,1797,2087,525,272,253,11,7,4,45,22,23,19,10,9,3284,1486,1798
CAMERON COUNTY,061,65 Years,3855,1744,2111,543,280,263,13,8,5,39,21,18,12,5,7,3248,1430,1818
CAMERON COUNTY,061,66 Years,3837,1710,2127,578,283,295,13,8,5,44,27,17,13,6,7,3189,1386,1803
CAMERON COUNTY,061,67 Years,3767,1647,2120,597,283,314,15,11,4,47,23,24,16,9,7,3092,1321,1771
CAMERON COUNTY,061,68 Years,3688,1631,2057,631,302,329,12,9,3,39,18,21,18,9,9,2988,1293,1695
CAMERON COUNTY,061,69 Years,3641,1657,1984,667,315,352,10,5,5,42,20,22,14,8,6,2908,1309,1599
CAMERON COUNTY,061,70 Years,3436,1552,1884,673,318,355,12,6,6,41,18,23,10,6,4,2700,1204,1496
CAMERON COUNTY,061,71 Years,3331,1484,1847,671,337,334,11,7,4,33,14,19,15,9,6,2601,1117,1484
CAMERON COUNTY,061,72 Years,3276,1480,1796,680,358,322,6,3,3,30,9,21,17,8,9,2543,1102,1441
CAMERON COUNTY,061,73 Years,3120,1410,1710,668,354,314,6,3,3,21,6,15,14,6,8,2411,1041,1370
CAMERON COUNTY,061,74 Years,3043,1350,1693,677,335,342,8,5,3,20,11,9,11,5,6,2327,994,1333
CAMERON COUNTY,061,75 Years,2912,1304,1608,698,335,363,7,5,2,17,8,9,10,5,5,2180,951,1229
CAMERON COUNTY,061,76 Years,2609,1171,1438,622,307,315,6,4,2,14,7,7,6,3,3,1961,850,1111
CAMERON COUNTY,061,77 Years,2426,1074,1352,597,291,306,5,4,1,16,7,9,6,2,4,1802,770,1032
CAMERON COUNTY,061,78 Years,2299,1001,1298,638,320,318,7,4,3,10,5,5,8,1,7,1636,671,965
CAMERON COUNTY,061,79 Years,2054,901,1153,602,312,290,5,2,3,12,6,6,7,2,5,1428,579,849
CAMERON COUNTY,061,80 Years,1871,809,1062,539,271,268,4,2,2,10,6,4,8,3,5,1310,527,783
CAMERON COUNTY,061,81 Years,1739,734,1005,502,244,258,4,2,2,9,5,4,10,5,5,1214,478,736
CAMERON COUNTY,061,82 Years,1618,691,927,460,226,234,4,2,2,8,4,4,8,3,5,1138,456,682
CAMERON COUNTY,061,83 Years,1480,631,849,442,218,224,3,2,1,8,4,4,5,2,3,1022,405,617
CAMERON COUNTY,061,84 Years,1368,581,787,412,207,205,4,1,3,6,3,3,6,3,3,940,367,573
CAMERON COUNTY,061,85 Years,1221,518,703,361,183,178,2,1,1,5,3,2,6,4,2,847,327,520
CAMERON COUNTY,061,86 Years,1094,447,647,327,166,161,1,0,1,5,1,4,5,4,1,756,276,480
CAMERON COUNTY,061,87 Years,963,378,585,281,134,147,4,2,2,6,2,4,4,3,1,668,237,431
CAMERON COUNTY,061,88 Years,843,336,507,258,126,132,2,1,1,4,2,2,3,2,1,576,205,371
CAMERON COUNTY,061,89 Years,738,286,452,223,104,119,1,0,1,2,1,1,3,2,1,509,179,330
CAMERON COUNTY,061,90 Years,644,241,403,195,88,107,0,0,0,3,1,2,1,0,1,445,152,293
CAMERON COUNTY,061,91 Years,575,215,360,179,81,98,0,0,0,4,1,3,1,1,0,391,132,259
CAMERON COUNTY,061,92 Years,479,176,303,145,66,79,0,0,0,2,1,1,2,1,1,330,108,222
CAMERON COUNTY,061,93 Years,380,135,245,117,53,64,0,0,0,2,0,2,2,2,0,259,80,179
CAMERON COUNTY,061,94 Years,290,97,193,84,35,49,0,0,0,2,0,2,1,1,0,203,61,142
CAMERON COUNTY,061,95 Years +,777,258,519,187,73,114,1,0,1,6,2,4,2,0,2,581,183,398
CAMP COUNTY,063,All Ages,12922,6260,6662,6984,3389,3595,2099,958,1141,76,57,19,421,220,201,3342,1636,1706
CAMP COUNTY,063,< 1 Year,184,97,87,72,38,34,24,13,11,1,0,1,9,5,4,78,41,37
CAMP COUNTY,063,1 Years,170,87,83,67,35,32,23,11,12,1,0,1,8,4,4,71,37,34
CAMP COUNTY,063,2 Years,171,87,84,68,35,33,23,11,12,2,1,1,7,4,3,71,36,35
CAMP COUNTY,063,3 Years,188,92,96,70,35,35,32,14,18,1,0,1,13,6,7,72,37,35
CAMP COUNTY,063,4 Years,187,94,93,71,37,34,30,14,16,0,0,0,15,7,8,71,36,35
CAMP COUNTY,063,5 Years,191,93,98,75,38,37,29,14,15,0,0,0,18,9,9,69,32,37
CAMP COUNTY,063,6 Years,185,91,94,77,39,38,24,12,12,0,0,0,15,8,7,69,32,37
CAMP COUNTY,063,7 Years,195,96,99,77,39,38,25,12,13,3,2,1,14,8,6,76,35,41
CAMP COUNTY,063,8 Years,195,100,95,75,43,32,23,11,12,1,1,0,15,8,7,81,37,44
CAMP COUNTY,063,9 Years,204,106,98,76,43,33,30,15,15,0,0,0,15,9,6,83,39,44
CAMP COUNTY,063,10 Years,186,95,91,69,38,31,31,14,17,0,0,0,13,8,5,73,35,38
CAMP COUNTY,063,11 Years,185,92,93,68,35,33,34,14,20,0,0,0,12,11,1,71,32,39
CAMP COUNTY,063,12 Years,173,92,81,65,39,26,26,12,14,0,0,0,11,7,4,71,34,37
CAMP COUNTY,063,13 Years,173,95,78,68,39,29,23,13,10,2,0,2,12,7,5,68,36,32
CAMP COUNTY,063,14 Years,183,90,93,77,38,39,27,11,16,1,0,1,12,6,6,66,35,31
CAMP COUNTY,063,15 Years,189,86,103,81,39,42,28,15,13,0,0,0,11,4,7,69,28,41
CAMP COUNTY,063,16 Years,182,85,97,82,41,41,23,15,8,1,1,0,10,4,6,66,24,42
CAMP COUNTY,063,17 Years,187,89,98,79,45,34,28,14,14,1,1,0,7,2,5,72,27,45
CAMP COUNTY,063,18 Years,190,92,98,78,44,34,33,17,16,0,0,0,5,1,4,74,30,44
CAMP COUNTY,063,19 Years,172,88,84,74,41,33,31,17,14,0,0,0,4,1,3,63,29,34
CAMP COUNTY,063,20 Years,165,83,82,70,39,31,28,13,15,0,0,0,4,1,3,63,30,33
CAMP COUNTY,063,21 Years,157,78,79,63,35,28,24,11,13,1,0,1,4,1,3,65,31,34
CAMP COUNTY,063,22 Years,151,74,77,63,34,29,25,12,13,1,0,1,5,1,4,57,27,30
CAMP COUNTY,063,23 Years,151,73,78,64,27,37,25,12,13,9,8,1,3,1,2,50,25,25
CAMP COUNTY,063,24 Years,151,77,74,65,28,37,27,14,13,6,6,0,4,2,2,49,27,22
CAMP COUNTY,063,25 Years,152,75,77,62,32,30,26,13,13,1,1,0,5,3,2,58,26,32
CAMP COUNTY,063,26 Years,152,71,81,68,30,38,26,12,14,0,0,0,6,4,2,52,25,27
CAMP COUNTY,063,27 Years,162,80,82,75,34,41,25,13,12,3,3,0,4,2,2,55,28,27
CAMP COUNTY,063,28 Years,153,84,69,65,35,30,25,15,10,9,7,2,3,2,1,51,25,26
CAMP COUNTY,063,29 Years,157,82,75,60,31,29,29,14,15,6,5,1,9,6,3,53,26,27
CAMP COUNTY,063,30 Years,156,70,86,64,29,35,30,11,19,4,4,0,9,3,6,49,23,26
CAMP COUNTY,063,31 Years,152,67,85,75,35,40,23,10,13,1,1,0,5,1,4,48,20,28
CAMP COUNTY,063,32 Years,154,73,81,80,36,44,25,15,10,0,0,0,5,1,4,44,21,23
CAMP COUNTY,063,33 Years,153,76,77,76,35,41,28,15,13,1,1,0,4,2,2,44,23,21
CAMP COUNTY,063,34 Years,142,72,70,71,39,32,21,11,10,1,1,0,4,2,2,45,19,26
CAMP COUNTY,063,35 Years,144,75,69,73,39,34,21,12,9,1,1,0,4,2,2,45,21,24
CAMP COUNTY,063,36 Years,131,65,66,65,32,33,19,9,10,1,1,0,4,3,1,42,20,22
CAMP COUNTY,063,37 Years,130,60,70,62,31,31,22,9,13,2,1,1,3,2,1,41,17,24
CAMP COUNTY,063,38 Years,124,57,67,71,31,40,22,11,11,0,0,0,3,2,1,28,13,15
CAMP COUNTY,063,39 Years,125,59,66,73,35,38,20,11,9,1,1,0,4,1,3,27,11,16
CAMP COUNTY,063,40 Years,125,57,68,69,33,36,23,11,12,2,1,1,3,1,2,28,11,17
CAMP COUNTY,063,41 Years,134,59,75,71,33,38,21,7,14,2,1,1,3,1,2,37,17,20
CAMP COUNTY,063,42 Years,134,56,78,71,31,40,24,7,17,1,1,0,5,3,2,33,14,19
CAMP COUNTY,063,43 Years,132,63,69,70,31,39,31,15,16,0,0,0,3,2,1,28,15,13
CAMP COUNTY,063,44 Years,135,56,79,77,31,46,28,10,18,0,0,0,2,1,1,28,14,14
CAMP COUNTY,063,45 Years,137,61,76,75,31,44,29,13,16,0,0,0,2,1,1,31,16,15
CAMP COUNTY,063,46 Years,124,66,58,71,34,37,22,13,9,0,0,0,2,2,0,29,17,12
CAMP COUNTY,063,47 Years,115,56,59,64,29,35,18,9,9,0,0,0,2,2,0,31,16,15
CAMP COUNTY,063,48 Years,109,51,58,63,26,37,17,8,9,0,0,0,0,0,0,29,17,12
CAMP COUNTY,063,49 Years,115,54,61,71,31,40,18,9,9,0,0,0,1,0,1,25,14,11
CAMP COUNTY,063,50 Years,130,56,74,81,36,45,20,9,11,0,0,0,1,0,1,28,11,17
CAMP COUNTY,063,51 Years,144,66,78,89,42,47,23,10,13,0,0,0,2,2,0,30,12,18
CAMP COUNTY,063,52 Years,146,69,77,84,42,42,27,12,15,0,0,0,3,2,1,32,13,19
CAMP COUNTY,063,53 Years,148,70,78,83,39,44,27,10,17,0,0,0,3,2,1,35,19,16
CAMP COUNTY,063,54 Years,143,63,80,86,39,47,19,6,13,0,0,0,3,1,2,35,17,18
CAMP COUNTY,063,55 Years,136,62,74,84,40,44,20,6,14,0,0,0,2,0,2,30,16,14
CAMP COUNTY,063,56 Years,136,61,75,72,33,39,31,12,19,0,0,0,1,0,1,32,16,16
CAMP COUNTY,063,57 Years,166,71,95,88,32,56,36,17,19,0,0,0,3,2,1,39,20,19
CAMP COUNTY,063,58 Years,164,78,86,96,41,55,31,13,18,2,2,0,3,0,3,32,22,10
CAMP COUNTY,063,59 Years,153,80,73,86,45,41,29,12,17,2,2,0,2,1,1,34,20,14
CAMP COUNTY,063,60 Years,174,92,82,109,58,51,24,10,14,2,2,0,4,2,2,35,20,15
CAMP COUNTY,063,61 Years,185,87,98,128,61,67,21,7,14,1,1,0,6,2,4,29,16,13
CAMP COUNTY,063,62 Years,175,77,98,116,50,66,27,8,19,0,0,0,6,4,2,26,15,11
CAMP COUNTY,063,63 Years,153,75,78,102,49,53,27,9,18,0,0,0,2,2,0,22,15,7
CAMP COUNTY,063,64 Years,151,73,78,103,51,52,28,10,18,0,0,0,1,0,1,19,12,7
CAMP COUNTY,063,65 Years,169,76,93,123,54,69,30,12,18,0,0,0,1,1,0,15,9,6
CAMP COUNTY,063,66 Years,157,67,90,117,49,68,27,10,17,0,0,0,2,2,0,11,6,5
CAMP COUNTY,063,67 Years,169,78,91,119,53,66,33,13,20,0,0,0,3,3,0,14,9,5
CAMP COUNTY,063,68 Years,185,91,94,128,59,69,34,17,17,1,0,1,4,3,1,18,12,6
CAMP COUNTY,063,69 Years,177,96,81,128,63,65,27,16,11,0,0,0,3,3,0,19,14,5
CAMP COUNTY,063,70 Years,160,88,72,118,64,54,25,13,12,0,0,0,3,1,2,14,10,4
CAMP COUNTY,063,71 Years,146,70,76,105,52,53,30,12,18,0,0,0,3,0,3,8,6,2
CAMP COUNTY,063,72 Years,148,70,78,110,52,58,29,13,16,0,0,0,2,1,1,7,4,3
CAMP COUNTY,063,73 Years,151,76,75,119,58,61,23,13,10,0,0,0,2,2,0,7,3,4
CAMP COUNTY,063,74 Years,141,71,70,109,55,54,24,12,12,0,0,0,2,1,1,6,3,3
CAMP COUNTY,063,75 Years,139,70,69,106,54,52,20,8,12,0,0,0,4,2,2,9,6,3
CAMP COUNTY,063,76 Years,117,57,60,91,46,45,16,6,10,1,0,1,1,0,1,8,5,3
CAMP COUNTY,063,77 Years,98,45,53,78,35,43,13,6,7,0,0,0,1,1,0,6,3,3
CAMP COUNTY,063,78 Years,82,38,44,63,29,34,13,6,7,0,0,0,1,1,0,5,2,3
CAMP COUNTY,063,79 Years,77,34,43,60,26,34,12,6,6,0,0,0,0,0,0,5,2,3
CAMP COUNTY,063,80 Years,69,32,37,51,24,27,12,5,7,0,0,0,0,0,0,6,3,3
CAMP COUNTY,063,81 Years,66,32,34,50,24,26,10,5,5,0,0,0,0,0,0,6,3,3
CAMP COUNTY,063,82 Years,64,29,35,52,25,27,8,2,6,0,0,0,1,1,0,3,1,2
CAMP COUNTY,063,83 Years,60,35,25,48,29,19,9,4,5,0,0,0,2,2,0,1,0,1
CAMP COUNTY,063,84 Years,53,30,23,44,25,19,7,3,4,0,0,0,1,1,0,1,1,0
CAMP COUNTY,063,85 Years,47,24,23,41,21,20,5,2,3,0,0,0,0,0,0,1,1,0
CAMP COUNTY,063,86 Years,46,22,24,36,18,18,7,3,4,0,0,0,0,0,0,3,1,2
CAMP COUNTY,063,87 Years,40,20,20,31,16,15,8,4,4,0,0,0,0,0,0,1,0,1
CAMP COUNTY,063,88 Years,26,11,15,22,9,13,3,1,2,0,0,0,0,0,0,1,1,0
CAMP COUNTY,063,89 Years,20,7,13,18,7,11,2,0,2,0,0,0,0,0,0,0,0,0
CAMP COUNTY,063,90 Years,20,6,14,17,6,11,2,0,2,0,0,0,0,0,0,1,0,1
CAMP COUNTY,063,91 Years,17,7,10,14,6,8,1,0,1,0,0,0,1,1,0,1,0,1
CAMP COUNTY,063,92 Years,12,6,6,10,5,5,1,0,1,0,0,0,0,0,0,1,1,0
CAMP COUNTY,063,93 Years,11,4,7,8,3,5,2,0,2,0,0,0,0,0,0,1,1,0
CAMP COUNTY,063,94 Years,9,3,6,6,1,5,1,0,1,0,0,0,0,0,0,2,2,0
CAMP COUNTY,063,95 Years +,30,8,22,19,5,14,6,1,5,0,0,0,1,0,1,4,2,2
CARSON COUNTY,065,All Ages,5971,2987,2984,5096,2552,2544,42,22,20,13,5,8,152,84,68,668,324,344
CARSON COUNTY,065,< 1 Year,57,28,29,41,21,20,1,0,1,0,0,0,3,1,2,12,6,6
CARSON COUNTY,065,1 Years,58,30,28,41,21,20,1,1,0,0,0,0,3,2,1,13,6,7
CARSON COUNTY,065,2 Years,60,30,30,43,22,21,1,0,1,0,0,0,4,2,2,12,6,6
CARSON COUNTY,065,3 Years,52,29,23,39,22,17,1,0,1,0,0,0,1,1,0,11,6,5
CARSON COUNTY,065,4 Years,51,31,20,41,25,16,0,0,0,0,0,0,1,1,0,9,5,4
CARSON COUNTY,065,5 Years,55,32,23,45,26,19,0,0,0,0,0,0,1,1,0,9,5,4
CARSON COUNTY,065,6 Years,60,32,28,51,28,23,0,0,0,0,0,0,1,1,0,8,3,5
CARSON COUNTY,065,7 Years,71,35,36,59,30,29,0,0,0,0,0,0,3,1,2,9,4,5
CARSON COUNTY,065,8 Years,83,38,45,65,31,34,1,0,1,0,0,0,5,3,2,12,4,8
CARSON COUNTY,065,9 Years,92,45,47,72,36,36,1,0,1,0,0,0,6,4,2,13,5,8
CARSON COUNTY,065,10 Years,92,51,41,74,41,33,1,0,1,0,0,0,6,4,2,11,6,5
CARSON COUNTY,065,11 Years,93,53,40,76,44,32,1,0,1,0,0,0,1,1,0,15,8,7
CARSON COUNTY,065,12 Years,81,43,38,66,36,30,0,0,0,0,0,0,0,0,0,15,7,8
CARSON COUNTY,065,13 Years,80,40,40,63,34,29,2,1,1,0,0,0,3,1,2,12,4,8
CARSON COUNTY,065,14 Years,82,42,40,63,34,29,3,2,1,0,0,0,4,2,2,12,4,8
CARSON COUNTY,065,15 Years,86,43,43,71,37,34,3,2,1,0,0,0,2,0,2,10,4,6
CARSON COUNTY,065,16 Years,82,40,42,69,33,36,1,0,1,0,0,0,1,0,1,11,7,4
CARSON COUNTY,065,17 Years,86,42,44,73,33,40,0,0,0,0,0,0,2,1,1,11,8,3
CARSON COUNTY,065,18 Years,94,50,44,76,41,35,0,0,0,2,1,1,2,1,1,14,7,7
CARSON COUNTY,065,19 Years,88,48,40,74,43,31,0,0,0,1,0,1,1,0,1,12,5,7
CARSON COUNTY,065,20 Years,76,42,34,64,36,28,0,0,0,1,0,1,2,1,1,9,5,4
CARSON COUNTY,065,21 Years,75,37,38,62,31,31,0,0,0,1,0,1,3,1,2,9,5,4
CARSON COUNTY,065,22 Years,66,34,32,54,28,26,1,1,0,0,0,0,2,1,1,9,4,5
CARSON COUNTY,065,23 Years,48,24,24,38,20,18,2,1,1,0,0,0,1,1,0,7,2,5
CARSON COUNTY,065,24 Years,47,19,28,37,16,21,1,0,1,0,0,0,3,1,2,6,2,4
CARSON COUNTY,065,25 Years,53,26,27,42,21,21,1,0,1,0,0,0,1,1,0,9,4,5
CARSON COUNTY,065,26 Years,59,29,30,49,26,23,1,0,1,0,0,0,1,0,1,8,3,5
CARSON COUNTY,065,27 Years,58,31,27,49,26,23,3,2,1,0,0,0,1,1,0,5,2,3
CARSON COUNTY,065,28 Years,58,29,29,49,24,25,1,0,1,0,0,0,3,2,1,5,3,2
CARSON COUNTY,065,29 Years,67,34,33,56,27,29,0,0,0,0,0,0,3,2,1,8,5,3
CARSON COUNTY,065,30 Years,64,33,31,53,25,28,0,0,0,0,0,0,4,3,1,7,5,2
CARSON COUNTY,065,31 Years,53,25,28,45,20,25,0,0,0,0,0,0,1,1,0,7,4,3
CARSON COUNTY,065,32 Years,57,24,33,50,22,28,0,0,0,0,0,0,0,0,0,7,2,5
CARSON COUNTY,065,33 Years,76,31,45,64,25,39,1,0,1,0,0,0,1,0,1,10,6,4
CARSON COUNTY,065,34 Years,75,33,42,62,27,35,2,1,1,0,0,0,1,0,1,10,5,5
CARSON COUNTY,065,35 Years,70,35,35,58,29,29,1,0,1,0,0,0,4,3,1,7,3,4
CARSON COUNTY,065,36 Years,72,37,35,63,31,32,0,0,0,0,0,0,4,3,1,5,3,2
CARSON COUNTY,065,37 Years,79,43,36,66,33,33,0,0,0,0,0,0,3,2,1,10,8,2
CARSON COUNTY,065,38 Years,66,36,30,57,29,28,0,0,0,0,0,0,3,2,1,6,5,1
CARSON COUNTY,065,39 Years,72,37,35,64,33,31,0,0,0,0,0,0,1,0,1,7,4,3
CARSON COUNTY,065,40 Years,82,47,35,71,38,33,0,0,0,0,0,0,1,1,0,10,8,2
CARSON COUNTY,065,41 Years,81,40,41,68,35,33,0,0,0,0,0,0,1,1,0,12,4,8
CARSON COUNTY,065,42 Years,85,44,41,68,36,32,2,2,0,0,0,0,2,2,0,13,4,9
CARSON COUNTY,065,43 Years,74,39,35,63,33,30,1,1,0,0,0,0,1,1,0,9,4,5
CARSON COUNTY,065,44 Years,77,34,43,69,33,36,0,0,0,0,0,0,1,0,1,7,1,6
CARSON COUNTY,065,45 Years,78,38,40,66,36,30,0,0,0,0,0,0,1,1,0,11,1,10
CARSON COUNTY,065,46 Years,61,33,28,51,29,22,0,0,0,0,0,0,1,1,0,9,3,6
CARSON COUNTY,065,47 Years,71,34,37,62,28,34,0,0,0,0,0,0,1,1,0,8,5,3
CARSON COUNTY,065,48 Years,73,41,32,67,37,30,0,0,0,0,0,0,1,0,1,5,4,1
CARSON COUNTY,065,49 Years,73,39,34,66,36,30,0,0,0,0,0,0,1,0,1,6,3,3
CARSON COUNTY,065,50 Years,71,38,33,63,34,29,0,0,0,0,0,0,1,0,1,7,4,3
CARSON COUNTY,065,51 Years,73,38,35,65,34,31,0,0,0,1,1,0,0,0,0,7,3,4
CARSON COUNTY,065,52 Years,67,32,35,60,29,31,0,0,0,1,1,0,0,0,0,6,2,4
CARSON COUNTY,065,53 Years,63,29,34,51,22,29,0,0,0,1,1,0,1,1,0,10,5,5
CARSON COUNTY,065,54 Years,71,34,37,60,28,32,0,0,0,0,0,0,2,1,1,9,5,4
CARSON COUNTY,065,55 Years,65,32,33,58,29,29,0,0,0,0,0,0,2,0,2,5,3,2
CARSON COUNTY,065,56 Years,64,31,33,53,25,28,0,0,0,0,0,0,3,1,2,8,5,3
CARSON COUNTY,065,57 Years,66,30,36,56,25,31,0,0,0,0,0,0,2,1,1,8,4,4
CARSON COUNTY,065,58 Years,79,38,41,69,35,34,0,0,0,0,0,0,4,0,4,6,3,3
CARSON COUNTY,065,59 Years,86,44,42,76,41,35,1,1,0,0,0,0,1,0,1,8,2,6
CARSON COUNTY,065,60 Years,85,49,36,74,43,31,1,1,0,0,0,0,0,0,0,10,5,5
CARSON COUNTY,065,61 Years,76,46,30,64,38,26,1,1,0,0,0,0,1,1,0,10,6,4
CARSON COUNTY,065,62 Years,80,40,40,70,34,36,1,1,0,0,0,0,1,1,0,8,4,4
CARSON COUNTY,065,63 Years,82,36,46,70,31,39,1,1,0,0,0,0,3,2,1,8,2,6
CARSON COUNTY,065,64 Years,86,42,44,71,33,38,0,0,0,0,0,0,4,3,1,11,6,5
CARSON COUNTY,065,65 Years,82,38,44,70,32,38,0,0,0,0,0,0,3,1,2,9,5,4
CARSON COUNTY,065,66 Years,81,36,45,71,31,40,1,1,0,0,0,0,2,1,1,7,3,4
CARSON COUNTY,065,67 Years,76,38,38,69,33,36,1,1,0,0,0,0,0,0,0,6,4,2
CARSON COUNTY,065,68 Years,90,50,40,81,44,37,1,1,0,2,0,2,2,2,0,4,3,1
CARSON COUNTY,065,69 Years,90,51,39,81,45,36,0,0,0,1,0,1,3,2,1,5,4,1
CARSON COUNTY,065,70 Years,82,48,34,76,43,33,0,0,0,0,0,0,1,1,0,5,4,1
CARSON COUNTY,065,71 Years,65,33,32,61,30,31,0,0,0,0,0,0,1,1,0,3,2,1
CARSON COUNTY,065,72 Years,62,29,33,58,28,30,0,0,0,0,0,0,0,0,0,4,1,3
CARSON COUNTY,065,73 Years,68,28,40,61,26,35,0,0,0,1,1,0,2,0,2,4,1,3
CARSON COUNTY,065,74 Years,62,27,35,58,24,34,0,0,0,0,0,0,2,1,1,2,2,0
CARSON COUNTY,065,75 Years,62,26,36,59,24,35,0,0,0,0,0,0,1,1,0,2,1,1
CARSON COUNTY,065,76 Years,46,18,28,41,16,25,0,0,0,0,0,0,1,1,0,4,1,3
CARSON COUNTY,065,77 Years,39,17,22,36,16,20,0,0,0,1,0,1,1,1,0,1,0,1
CARSON COUNTY,065,78 Years,49,24,25,47,23,24,0,0,0,0,0,0,1,0,1,1,1,0
CARSON COUNTY,065,79 Years,42,19,23,39,18,21,0,0,0,0,0,0,0,0,0,3,1,2
CARSON COUNTY,065,80 Years,36,19,17,34,18,16,0,0,0,0,0,0,0,0,0,2,1,1
CARSON COUNTY,065,81 Years,28,14,14,28,14,14,0,0,0,0,0,0,0,0,0,0,0,0
CARSON COUNTY,065,82 Years,33,13,20,31,12,19,0,0,0,0,0,0,1,0,1,1,1,0
CARSON COUNTY,065,83 Years,39,16,23,36,15,21,0,0,0,0,0,0,1,0,1,2,1,1
CARSON COUNTY,065,84 Years,33,16,17,30,14,16,0,0,0,0,0,0,0,0,0,3,2,1
CARSON COUNTY,065,85 Years,26,11,15,25,11,14,0,0,0,0,0,0,0,0,0,1,0,1
CARSON COUNTY,065,86 Years,24,11,13,21,10,11,0,0,0,0,0,0,2,1,1,1,0,1
CARSON COUNTY,065,87 Years,20,8,12,18,8,10,0,0,0,0,0,0,0,0,0,2,0,2
CARSON COUNTY,065,88 Years,12,5,7,12,5,7,0,0,0,0,0,0,0,0,0,0,0,0
CARSON COUNTY,065,89 Years,9,3,6,9,3,6,0,0,0,0,0,0,0,0,0,0,0,0
CARSON COUNTY,065,90 Years,8,3,5,7,3,4,0,0,0,0,0,0,0,0,0,1,0,1
CARSON COUNTY,065,91 Years,9,4,5,9,4,5,0,0,0,0,0,0,0,0,0,0,0,0
CARSON COUNTY,065,92 Years,9,4,5,9,4,5,0,0,0,0,0,0,0,0,0,0,0,0
CARSON COUNTY,065,93 Years,8,3,5,7,3,4,0,0,0,0,0,0,0,0,0,1,0,1
CARSON COUNTY,065,94 Years,5,1,4,5,1,4,0,0,0,0,0,0,0,0,0,0,0,0
CARSON COUNTY,065,95 Years +,13,5,8,12,5,7,0,0,0,0,0,0,0,0,0,1,0,1
CASS COUNTY,067,All Ages,28677,13878,14799,21595,10457,11138,4862,2289,2573,110,51,59,703,387,316,1407,694,713
CASS COUNTY,067,< 1 Year,319,162,157,206,105,101,54,28,26,2,1,1,18,9,9,39,19,20
CASS COUNTY,067,1 Years,314,162,152,197,101,96,56,29,27,2,1,1,16,9,7,43,22,21
CASS COUNTY,067,2 Years,321,165,156,202,103,99,56,29,27,2,1,1,16,9,7,45,23,22
CASS COUNTY,067,3 Years,315,162,153,206,109,97,55,27,28,2,1,1,15,8,7,37,17,20
CASS COUNTY,067,4 Years,307,157,150,202,108,94,58,27,31,0,0,0,15,8,7,32,14,18
CASS COUNTY,067,5 Years,320,164,156,205,107,98,61,29,32,2,1,1,19,11,8,33,16,17
CASS COUNTY,067,6 Years,343,178,165,222,115,107,66,33,33,2,1,1,20,13,7,33,16,17
CASS COUNTY,067,7 Years,365,187,178,242,123,119,70,36,34,2,1,1,19,11,8,32,16,16
CASS COUNTY,067,8 Years,366,196,170,243,127,116,69,39,30,4,2,2,21,12,9,29,16,13
CASS COUNTY,067,9 Years,358,196,162,235,124,111,74,44,30,3,2,1,18,11,7,28,15,13
CASS COUNTY,067,10 Years,350,189,161,229,119,110,70,41,29,3,2,1,17,11,6,31,16,15
CASS COUNTY,067,11 Years,351,183,168,235,117,118,70,40,30,1,1,0,12,8,4,33,17,16
CASS COUNTY,067,12 Years,355,181,174,244,124,120,63,29,34,0,0,0,11,8,3,37,20,17
CASS COUNTY,067,13 Years,350,177,173,234,117,117,59,30,29,0,0,0,16,9,7,41,21,20
CASS COUNTY,067,14 Years,356,181,175,243,122,121,62,35,27,0,0,0,16,10,6,35,14,21
CASS COUNTY,067,15 Years,353,176,177,256,131,125,59,29,30,0,0,0,12,5,7,26,11,15
CASS COUNTY,067,16 Years,361,184,177,261,135,126,60,30,30,1,0,1,11,6,5,28,13,15
CASS COUNTY,067,17 Years,368,183,185,264,131,133,63,30,33,1,0,1,14,10,4,26,12,14
CASS COUNTY,067,18 Years,383,197,186,273,132,141,77,45,32,1,0,1,11,7,4,21,13,8
CASS COUNTY,067,19 Years,367,200,167,265,136,129,69,45,24,2,1,1,9,5,4,22,13,9
CASS COUNTY,067,20 Years,351,189,162,255,137,118,65,37,28,1,0,1,9,6,3,21,9,12
CASS COUNTY,067,21 Years,333,178,155,245,135,110,60,28,32,0,0,0,11,8,3,17,7,10
CASS COUNTY,067,22 Years,319,160,159,231,119,112,58,23,35,2,1,1,10,6,4,18,11,7
CASS COUNTY,067,23 Years,299,145,154,208,106,102,57,22,35,2,1,1,12,5,7,20,11,9
CASS COUNTY,067,24 Years,289,142,147,205,100,105,54,24,30,1,0,1,9,5,4,20,13,7
CASS COUNTY,067,25 Years,288,138,150,206,99,107,57,24,33,0,0,0,8,4,4,17,11,6
CASS COUNTY,067,26 Years,296,156,140,209,117,92,57,25,32,0,0,0,10,4,6,20,10,10
CASS COUNTY,067,27 Years,326,173,153,237,127,110,60,30,30,0,0,0,10,6,4,19,10,9
CASS COUNTY,067,28 Years,307,155,152,220,109,111,60,31,29,1,0,1,8,5,3,18,10,8
CASS COUNTY,067,29 Years,294,144,150,208,99,109,62,32,30,0,0,0,9,6,3,15,7,8
CASS COUNTY,067,30 Years,294,143,151,211,105,106,64,28,36,0,0,0,7,5,2,12,5,7
CASS COUNTY,067,31 Years,281,140,141,205,106,99,57,24,33,2,2,0,4,2,2,13,6,7
CASS COUNTY,067,32 Years,288,140,148,212,103,109,54,26,28,2,1,1,5,3,2,15,7,8
CASS COUNTY,067,33 Years,290,146,144,209,104,105,58,33,25,1,0,1,5,2,3,17,7,10
CASS COUNTY,067,34 Years,260,127,133,185,89,96,55,31,24,2,0,2,4,3,1,14,4,10
CASS COUNTY,067,35 Years,242,115,127,175,80,95,49,27,22,0,0,0,4,3,1,14,5,9
CASS COUNTY,067,36 Years,269,120,149,196,86,110,51,24,27,3,2,1,3,2,1,16,6,10
CASS COUNTY,067,37 Years,272,133,139,198,101,97,50,22,28,3,1,2,3,0,3,18,9,9
CASS COUNTY,067,38 Years,280,129,151,217,105,112,44,18,26,3,0,3,3,0,3,13,6,7
CASS COUNTY,067,39 Years,282,124,158,217,97,120,44,18,26,5,3,2,2,0,2,14,6,8
CASS COUNTY,067,40 Years,293,133,160,227,103,124,42,18,24,3,1,2,5,3,2,16,8,8
CASS COUNTY,067,41 Years,318,138,180,248,109,139,40,16,24,2,0,2,7,4,3,21,9,12
CASS COUNTY,067,42 Years,324,148,176,241,113,128,51,21,30,1,0,1,7,4,3,24,10,14
CASS COUNTY,067,43 Years,329,154,175,243,115,128,59,27,32,2,1,1,8,3,5,17,8,9
CASS COUNTY,067,44 Years,324,152,172,250,116,134,55,26,29,2,1,1,6,3,3,11,6,5
CASS COUNTY,067,45 Years,313,150,163,247,116,131,50,25,25,1,1,0,2,1,1,13,7,6
CASS COUNTY,067,46 Years,284,129,155,210,92,118,55,25,30,0,0,0,3,2,1,16,10,6
CASS COUNTY,067,47 Years,301,142,159,219,107,112,60,25,35,2,0,2,6,3,3,14,7,7
CASS COUNTY,067,48 Years,297,144,153,221,114,107,55,22,33,0,0,0,6,2,4,15,6,9
CASS COUNTY,067,49 Years,313,147,166,247,121,126,45,18,27,2,1,1,6,2,4,13,5,8
CASS COUNTY,067,50 Years,336,158,178,269,127,142,50,24,26,2,1,1,5,2,3,10,4,6
CASS COUNTY,067,51 Years,349,170,179,283,140,143,48,22,26,2,2,0,6,2,4,10,4,6
CASS COUNTY,067,52 Years,355,162,193,286,133,153,49,21,28,3,2,1,5,1,4,12,5,7
CASS COUNTY,067,53 Years,360,164,196,281,127,154,57,27,30,1,1,0,6,2,4,15,7,8
CASS COUNTY,067,54 Years,343,168,175,255,125,130,67,33,34,1,1,0,5,2,3,15,7,8
CASS COUNTY,067,55 Years,341,168,173,255,124,131,65,33,32,2,1,1,5,3,2,14,7,7
CASS COUNTY,067,56 Years,360,172,188,274,129,145,64,29,35,3,2,1,6,5,1,13,7,6
CASS COUNTY,067,57 Years,392,189,203,313,150,163,60,28,32,2,1,1,6,4,2,11,6,5
CASS COUNTY,067,58 Years,420,201,219,335,161,174,67,32,35,1,1,0,9,4,5,8,3,5
CASS COUNTY,067,59 Years,420,193,227,340,155,185,63,29,34,1,1,0,7,4,3,9,4,5
CASS COUNTY,067,60 Years,414,192,222,324,152,172,69,26,43,1,0,1,11,8,3,9,6,3
CASS COUNTY,067,61 Years,406,200,206,318,163,155,70,25,45,2,0,2,8,6,2,8,6,2
CASS COUNTY,067,62 Years,418,201,217,333,165,168,70,29,41,1,0,1,6,3,3,8,4,4
CASS COUNTY,067,63 Years,417,197,220,324,153,171,74,37,37,1,1,0,7,2,5,11,4,7
CASS COUNTY,067,64 Years,421,210,211,329,163,166,68,33,35,0,0,0,7,2,5,17,12,5
CASS COUNTY,067,65 Years,416,203,213,333,164,169,66,28,38,0,0,0,6,2,4,11,9,2
CASS COUNTY,067,66 Years,406,196,210,322,156,166,64,28,36,0,0,0,13,8,5,7,4,3
CASS COUNTY,067,67 Years,414,199,215,333,165,168,64,28,36,2,0,2,10,5,5,5,1,4
CASS COUNTY,067,68 Years,400,182,218,328,152,176,55,22,33,3,2,1,5,2,3,9,4,5
CASS COUNTY,067,69 Years,364,168,196,302,143,159,49,19,30,2,1,1,4,1,3,7,4,3
CASS COUNTY,067,70 Years,347,168,179,292,146,146,44,18,26,1,0,1,4,2,2,6,2,4
CASS COUNTY,067,71 Years,352,173,179,291,147,144,52,23,29,0,0,0,4,2,2,5,1,4
CASS COUNTY,067,72 Years,363,172,191,299,141,158,57,27,30,0,0,0,4,2,2,3,2,1
CASS COUNTY,067,73 Years,340,163,177,280,131,149,53,29,24,0,0,0,3,1,2,4,2,2
CASS COUNTY,067,74 Years,336,170,166,275,137,138,53,28,25,0,0,0,3,2,1,5,3,2
CASS COUNTY,067,75 Years,339,167,172,282,136,146,51,26,25,0,0,0,3,2,1,3,3,0
CASS COUNTY,067,76 Years,301,139,162,247,115,132,46,20,26,1,1,0,4,2,2,3,1,2
CASS COUNTY,067,77 Years,285,127,158,240,108,132,39,16,23,1,1,0,2,1,1,3,1,2
CASS COUNTY,067,78 Years,287,123,164,242,105,137,36,13,23,0,0,0,7,4,3,2,1,1
CASS COUNTY,067,79 Years,269,121,148,222,97,125,37,17,20,1,1,0,7,5,2,2,1,1
CASS COUNTY,067,80 Years,251,111,140,209,93,116,31,13,18,2,0,2,7,4,3,2,1,1
CASS COUNTY,067,81 Years,212,93,119,180,82,98,25,8,17,1,0,1,4,2,2,2,1,1
CASS COUNTY,067,82 Years,185,80,105,157,71,86,24,8,16,0,0,0,2,0,2,2,1,1
CASS COUNTY,067,83 Years,177,77,100,148,63,85,24,12,12,0,0,0,3,1,2,2,1,1
CASS COUNTY,067,84 Years,150,62,88,125,52,73,17,7,10,0,0,0,5,2,3,3,1,2
CASS COUNTY,067,85 Years,128,57,71,104,46,58,19,8,11,0,0,0,2,1,1,3,2,1
CASS COUNTY,067,86 Years,118,52,66,92,42,50,24,8,16,0,0,0,1,1,0,1,1,0
CASS COUNTY,067,87 Years,107,41,66,87,34,53,18,6,12,0,0,0,1,1,0,1,0,1
CASS COUNTY,067,88 Years,93,37,56,80,31,49,10,4,6,0,0,0,1,1,0,2,1,1
CASS COUNTY,067,89 Years,81,33,48,72,30,42,8,2,6,0,0,0,1,1,0,0,0,0
CASS COUNTY,067,90 Years,68,26,42,61,24,37,7,2,5,0,0,0,0,0,0,0,0,0
CASS COUNTY,067,91 Years,55,18,37,48,15,33,7,3,4,0,0,0,0,0,0,0,0,0
CASS COUNTY,067,92 Years,43,13,30,38,12,26,5,1,4,0,0,0,0,0,0,0,0,0
CASS COUNTY,067,93 Years,40,13,27,33,11,22,7,2,5,0,0,0,0,0,0,0,0,0
CASS COUNTY,067,94 Years,32,10,22,27,8,19,5,2,3,0,0,0,0,0,0,0,0,0
CASS COUNTY,067,95 Years +,88,25,63,61,17,44,25,8,17,0,0,0,0,0,0,2,0,2
CASTRO COUNTY,069,All Ages,7206,3704,3502,2187,1111,1076,175,104,71,44,19,25,57,28,29,4743,2442,2301
CASTRO COUNTY,069,< 1 Year,106,53,53,21,10,11,1,1,0,1,0,1,2,1,1,81,41,40
CASTRO COUNTY,069,1 Years,109,56,53,20,10,10,3,2,1,1,1,0,2,1,1,83,42,41
CASTRO COUNTY,069,2 Years,110,57,53,20,10,10,3,2,1,1,1,0,2,1,1,84,43,41
CASTRO COUNTY,069,3 Years,113,56,57,28,14,14,2,0,2,0,0,0,1,1,0,82,41,41
CASTRO COUNTY,069,4 Years,111,56,55,28,15,13,1,0,1,0,0,0,0,0,0,82,41,41
CASTRO COUNTY,069,5 Years,112,61,51,27,16,11,4,4,0,0,0,0,0,0,0,81,41,40
CASTRO COUNTY,069,6 Years,114,61,53,25,15,10,5,4,1,0,0,0,0,0,0,84,42,42
CASTRO COUNTY,069,7 Years,119,68,51,25,16,9,3,2,1,3,2,1,2,1,1,86,47,39
CASTRO COUNTY,069,8 Years,120,72,48,25,15,10,1,1,0,1,0,1,1,1,0,92,55,37
CASTRO COUNTY,069,9 Years,117,68,49,21,12,9,1,1,0,0,0,0,0,0,0,95,55,40
CASTRO COUNTY,069,10 Years,117,62,55,20,10,10,3,1,2,0,0,0,0,0,0,94,51,43
CASTRO COUNTY,069,11 Years,117,60,57,20,11,9,3,1,2,0,0,0,0,0,0,94,48,46
CASTRO COUNTY,069,12 Years,120,66,54,23,12,11,3,1,2,1,0,1,0,0,0,93,53,40
CASTRO COUNTY,069,13 Years,130,69,61,26,12,14,4,3,1,0,0,0,2,1,1,98,53,45
CASTRO COUNTY,069,14 Years,119,60,59,28,15,13,3,2,1,0,0,0,0,0,0,88,43,45
CASTRO COUNTY,069,15 Years,116,57,59,26,14,12,1,0,1,0,0,0,1,0,1,88,43,45
CASTRO COUNTY,069,16 Years,112,58,54,25,15,10,1,0,1,2,0,2,2,1,1,82,42,40
CASTRO COUNTY,069,17 Years,112,58,54,26,17,9,1,1,0,1,0,1,1,0,1,83,40,43
CASTRO COUNTY,069,18 Years,114,55,59,26,13,13,1,1,0,0,0,0,2,1,1,85,40,45
CASTRO COUNTY,069,19 Years,109,61,48,28,17,11,3,3,0,0,0,0,2,1,1,76,40,36
CASTRO COUNTY,069,20 Years,105,58,47,28,18,10,3,3,0,0,0,0,2,1,1,72,36,36
CASTRO COUNTY,069,21 Years,107,52,55,25,11,14,3,2,1,0,0,0,1,0,1,78,39,39
CASTRO COUNTY,069,22 Years,107,53,54,27,14,13,1,0,1,0,0,0,2,1,1,77,38,39
CASTRO COUNTY,069,23 Years,101,44,57,23,9,14,2,0,2,1,0,1,1,1,0,74,34,40
CASTRO COUNTY,069,24 Years,99,49,50,16,9,7,3,0,3,2,0,2,1,1,0,77,39,38
CASTRO COUNTY,069,25 Years,98,50,48,14,8,6,3,1,2,1,0,1,2,2,0,78,39,39
CASTRO COUNTY,069,26 Years,91,40,51,12,5,7,2,0,2,3,1,2,2,1,1,72,33,39
CASTRO COUNTY,069,27 Years,93,44,49,18,5,13,3,1,2,3,2,1,1,1,0,68,35,33
CASTRO COUNTY,069,28 Years,94,48,46,24,11,13,2,2,0,1,0,1,1,1,0,66,34,32
CASTRO COUNTY,069,29 Years,95,45,50,29,15,14,1,1,0,0,0,0,2,2,0,63,27,36
CASTRO COUNTY,069,30 Years,92,46,46,29,17,12,0,0,0,3,1,2,0,0,0,60,28,32
CASTRO COUNTY,069,31 Years,73,40,33,19,11,8,0,0,0,1,0,1,0,0,0,53,29,24
CASTRO COUNTY,069,32 Years,66,32,34,13,5,8,2,0,2,0,0,0,0,0,0,51,27,24
CASTRO COUNTY,069,33 Years,66,32,34,13,7,6,3,0,3,0,0,0,1,0,1,49,25,24
CASTRO COUNTY,069,34 Years,63,32,31,14,9,5,2,0,2,0,0,0,1,0,1,46,23,23
CASTRO COUNTY,069,35 Years,68,37,31,16,8,8,4,4,0,0,0,0,0,0,0,48,25,23
CASTRO COUNTY,069,36 Years,73,36,37,16,6,10,4,3,1,0,0,0,0,0,0,53,27,26
CASTRO COUNTY,069,37 Years,81,46,35,19,12,7,2,1,1,0,0,0,0,0,0,60,33,27
CASTRO COUNTY,069,38 Years,81,45,36,21,14,7,1,1,0,2,0,2,0,0,0,57,30,27
CASTRO COUNTY,069,39 Years,86,40,46,25,13,12,1,0,1,2,0,2,0,0,0,58,27,31
CASTRO COUNTY,069,40 Years,81,40,41,27,13,14,1,0,1,0,0,0,2,2,0,51,25,26
CASTRO COUNTY,069,41 Years,79,44,35,24,14,10,1,0,1,1,1,0,1,1,0,52,28,24
CASTRO COUNTY,069,42 Years,81,41,40,19,8,11,3,2,1,1,1,0,0,0,0,58,30,28
CASTRO COUNTY,069,43 Years,78,35,43,18,7,11,1,1,0,1,1,0,0,0,0,58,26,32
CASTRO COUNTY,069,44 Years,79,42,37,20,10,10,1,1,0,2,1,1,0,0,0,56,30,26
CASTRO COUNTY,069,45 Years,71,38,33,19,8,11,1,1,0,2,1,1,0,0,0,49,28,21
CASTRO COUNTY,069,46 Years,78,41,37,19,8,11,1,1,0,1,1,0,0,0,0,57,31,26
CASTRO COUNTY,069,47 Years,71,36,35,17,8,9,1,1,0,0,0,0,2,0,2,51,27,24
CASTRO COUNTY,069,48 Years,72,34,38,19,10,9,2,2,0,1,1,0,3,0,3,47,21,26
CASTRO COUNTY,069,49 Years,70,35,35,19,10,9,2,2,0,1,1,0,1,0,1,47,22,25
CASTRO COUNTY,069,50 Years,62,36,26,15,8,7,2,2,0,1,0,1,0,0,0,44,26,18
CASTRO COUNTY,069,51 Years,68,42,26,20,10,10,2,2,0,1,1,0,0,0,0,45,29,16
CASTRO COUNTY,069,52 Years,74,43,31,26,14,12,2,2,0,0,0,0,0,0,0,46,27,19
CASTRO COUNTY,069,53 Years,67,36,31,22,11,11,1,1,0,0,0,0,0,0,0,44,24,20
CASTRO COUNTY,069,54 Years,62,32,30,23,10,13,1,0,1,0,0,0,0,0,0,38,22,16
CASTRO COUNTY,069,55 Years,59,29,30,22,10,12,0,0,0,0,0,0,1,0,1,36,19,17
CASTRO COUNTY,069,56 Years,70,37,33,20,10,10,2,1,1,0,0,0,2,2,0,46,24,22
CASTRO COUNTY,069,57 Years,70,38,32,25,14,11,3,2,1,0,0,0,0,0,0,42,22,20
CASTRO COUNTY,069,58 Years,79,41,38,39,20,19,3,2,1,0,0,0,0,0,0,37,19,18
CASTRO COUNTY,069,59 Years,79,39,40,39,19,20,3,2,1,0,0,0,0,0,0,37,18,19
CASTRO COUNTY,069,60 Years,78,41,37,34,17,17,1,0,1,0,0,0,0,0,0,43,24,19
CASTRO COUNTY,069,61 Years,87,49,38,37,20,17,3,2,1,0,0,0,0,0,0,47,27,20
CASTRO COUNTY,069,62 Years,80,39,41,34,16,18,3,2,1,0,0,0,0,0,0,43,21,22
CASTRO COUNTY,069,63 Years,81,40,41,37,18,19,3,1,2,0,0,0,0,0,0,41,21,20
CASTRO COUNTY,069,64 Years,83,42,41,37,19,18,2,0,2,0,0,0,1,0,1,43,23,20
CASTRO COUNTY,069,65 Years,84,43,41,35,20,15,4,2,2,0,0,0,2,1,1,43,20,23
CASTRO COUNTY,069,66 Years,73,36,37,30,16,14,5,2,3,0,0,0,1,1,0,37,17,20
CASTRO COUNTY,069,67 Years,82,40,42,34,16,18,3,2,1,0,0,0,0,0,0,45,22,23
CASTRO COUNTY,069,68 Years,93,47,46,43,20,23,1,0,1,0,0,0,1,0,1,48,27,21
CASTRO COUNTY,069,69 Years,90,53,37,37,20,17,2,1,1,0,0,0,0,0,0,51,32,19
CASTRO COUNTY,069,70 Years,88,46,42,37,16,21,5,2,3,0,0,0,0,0,0,46,28,18
CASTRO COUNTY,069,71 Years,76,39,37,33,16,17,4,2,2,0,0,0,0,0,0,39,21,18
CASTRO COUNTY,069,72 Years,62,32,30,27,15,12,3,2,1,0,0,0,0,0,0,32,15,17
CASTRO COUNTY,069,73 Years,48,23,25,21,11,10,2,2,0,0,0,0,0,0,0,25,10,15
CASTRO COUNTY,069,74 Years,50,24,26,25,13,12,0,0,0,0,0,0,1,0,1,24,11,13
CASTRO COUNTY,069,75 Years,52,26,26,29,14,15,0,0,0,0,0,0,0,0,0,23,12,11
CASTRO COUNTY,069,76 Years,48,23,25,26,13,13,1,0,1,0,0,0,0,0,0,21,10,11
CASTRO COUNTY,069,77 Years,45,23,22,25,13,12,2,1,1,0,0,0,0,0,0,18,9,9
CASTRO COUNTY,069,78 Years,37,20,17,21,11,10,3,3,0,0,0,0,0,0,0,13,6,7
CASTRO COUNTY,069,79 Years,42,20,22,27,13,14,1,1,0,0,0,0,0,0,0,14,6,8
CASTRO COUNTY,069,80 Years,39,20,19,22,12,10,0,0,0,0,0,0,0,0,0,17,8,9
CASTRO COUNTY,069,81 Years,33,18,15,18,10,8,0,0,0,1,1,0,0,0,0,14,7,7
CASTRO COUNTY,069,82 Years,30,14,16,17,8,9,0,0,0,1,1,0,0,0,0,12,5,7
CASTRO COUNTY,069,83 Years,32,13,19,19,7,12,0,0,0,0,0,0,0,0,0,13,6,7
CASTRO COUNTY,069,84 Years,30,12,18,18,5,13,0,0,0,0,0,0,0,0,0,12,7,5
CASTRO COUNTY,069,85 Years,30,14,16,19,8,11,0,0,0,0,0,0,0,0,0,11,6,5
CASTRO COUNTY,069,86 Years,24,13,11,16,8,8,1,1,0,0,0,0,0,0,0,7,4,3
CASTRO COUNTY,069,87 Years,22,8,14,15,5,10,0,0,0,0,0,0,0,0,0,7,3,4
CASTRO COUNTY,069,88 Years,21,9,12,18,8,10,0,0,0,0,0,0,0,0,0,3,1,2
CASTRO COUNTY,069,89 Years,16,6,10,12,5,7,0,0,0,0,0,0,1,0,1,3,1,2
CASTRO COUNTY,069,90 Years,14,4,10,10,3,7,0,0,0,0,0,0,1,0,1,3,1,2
CASTRO COUNTY,069,91 Years,11,6,5,9,5,4,0,0,0,0,0,0,0,0,0,2,1,1
CASTRO COUNTY,069,92 Years,8,5,3,6,4,2,0,0,0,0,0,0,0,0,0,2,1,1
CASTRO COUNTY,069,93 Years,9,5,4,6,3,3,1,1,0,0,0,0,0,0,0,2,1,1
CASTRO COUNTY,069,94 Years,6,3,3,3,1,2,2,2,0,0,0,0,0,0,0,1,0,1
CASTRO COUNTY,069,95 Years +,16,6,10,9,4,5,1,1,0,0,0,0,0,0,0,6,1,5
CHAMBERS COUNTY,071,All Ages,53145,26865,26280,33847,16867,16980,4376,2222,2154,539,253,286,937,489,448,13446,7034,6412
CHAMBERS COUNTY,071,< 1 Year,646,340,306,326,171,155,50,25,25,8,5,3,28,17,11,234,122,112
CHAMBERS COUNTY,071,1 Years,597,305,292,293,150,143,48,24,24,6,4,2,22,11,11,228,116,112
CHAMBERS COUNTY,071,2 Years,591,303,288,291,149,142,46,23,23,6,4,2,23,12,11,225,115,110
CHAMBERS COUNTY,071,3 Years,705,349,356,371,182,189,40,21,19,6,4,2,32,15,17,256,127,129
CHAMBERS COUNTY,071,4 Years,755,373,382,406,200,206,42,20,22,8,4,4,36,20,16,263,129,134
CHAMBERS COUNTY,071,5 Years,756,379,377,417,208,209,50,25,25,6,4,2,30,18,12,253,124,129
CHAMBERS COUNTY,071,6 Years,767,391,376,429,216,213,60,30,30,7,4,3,28,18,10,243,123,120
CHAMBERS COUNTY,071,7 Years,772,409,363,445,233,212,62,31,31,6,4,2,27,15,12,232,126,106
CHAMBERS COUNTY,071,8 Years,821,433,388,494,256,238,55,27,28,7,4,3,26,14,12,239,132,107
CHAMBERS COUNTY,071,9 Years,827,433,394,502,261,241,53,26,27,7,4,3,19,11,8,246,131,115
CHAMBERS COUNTY,071,10 Years,830,423,407,488,248,240,52,25,27,6,2,4,17,10,7,267,138,129
CHAMBERS COUNTY,071,11 Years,866,432,434,491,247,244,67,32,35,5,2,3,20,10,10,283,141,142
CHAMBERS COUNTY,071,12 Years,903,414,489,496,225,271,80,34,46,7,3,4,22,8,14,298,144,154
CHAMBERS COUNTY,071,13 Years,926,471,455,519,264,255,73,39,34,5,1,4,18,9,9,311,158,153
CHAMBERS COUNTY,071,14 Years,914,487,427,538,288,250,67,35,32,5,1,4,19,12,7,285,151,134
CHAMBERS COUNTY,071,15 Years,877,460,417,526,277,249,71,34,37,10,6,4,19,12,7,251,131,120
CHAMBERS COUNTY,071,16 Years,872,472,400,511,281,230,66,34,32,12,9,3,18,12,6,265,136,129
CHAMBERS COUNTY,071,17 Years,855,449,406,479,258,221,60,30,30,12,4,8,15,11,4,289,146,143
CHAMBERS COUNTY,071,18 Years,815,415,400,482,245,237,68,31,37,8,4,4,14,7,7,243,128,115
CHAMBERS COUNTY,071,19 Years,790,405,385,472,254,218,60,27,33,8,4,4,15,8,7,235,112,123
CHAMBERS COUNTY,071,20 Years,771,409,362,455,249,206,60,25,35,10,5,5,14,9,5,232,121,111
CHAMBERS COUNTY,071,21 Years,755,404,351,452,247,205,60,34,26,9,3,6,14,7,7,220,113,107
CHAMBERS COUNTY,071,22 Years,702,368,334,404,215,189,64,37,27,8,3,5,17,8,9,209,105,104
CHAMBERS COUNTY,071,23 Years,584,302,282,323,172,151,53,27,26,5,2,3,11,5,6,192,96,96
CHAMBERS COUNTY,071,24 Years,582,297,285,317,165,152,48,26,22,5,2,3,11,6,5,201,98,103
CHAMBERS COUNTY,071,25 Years,581,290,291,332,171,161,45,23,22,6,2,4,13,5,8,185,89,96
CHAMBERS COUNTY,071,26 Years,631,313,318,381,187,194,51,28,23,13,5,8,13,5,8,173,88,85
CHAMBERS COUNTY,071,27 Years,677,332,345,425,208,217,60,30,30,7,2,5,12,5,7,173,87,86
CHAMBERS COUNTY,071,28 Years,659,328,331,388,188,200,59,33,26,6,5,1,13,5,8,193,97,96
CHAMBERS COUNTY,071,29 Years,696,357,339,401,202,199,63,39,24,4,3,1,12,5,7,216,108,108
CHAMBERS COUNTY,071,30 Years,725,368,357,422,212,210,74,42,32,10,3,7,10,5,5,209,106,103
CHAMBERS COUNTY,071,31 Years,742,384,358,444,224,220,74,44,30,8,3,5,7,4,3,209,109,100
CHAMBERS COUNTY,071,32 Years,696,350,346,431,210,221,64,35,29,2,1,1,5,4,1,194,100,94
CHAMBERS COUNTY,071,33 Years,776,362,414,480,207,273,75,38,37,1,1,0,5,3,2,215,113,102
CHAMBERS COUNTY,071,34 Years,825,386,439,494,213,281,81,46,35,7,1,6,8,1,7,235,125,110
CHAMBERS COUNTY,071,35 Years,736,364,372,460,219,241,56,34,22,10,2,8,8,3,5,202,106,96
CHAMBERS COUNTY,071,36 Years,739,378,361,454,225,229,48,28,20,16,9,7,6,5,1,215,111,104
CHAMBERS COUNTY,071,37 Years,757,390,367,461,216,245,54,31,23,11,6,5,6,3,3,225,134,91
CHAMBERS COUNTY,071,38 Years,761,389,372,482,226,256,58,36,22,8,5,3,7,4,3,206,118,88
CHAMBERS COUNTY,071,39 Years,788,394,394,480,224,256,65,41,24,8,3,5,5,2,3,230,124,106
CHAMBERS COUNTY,071,40 Years,843,418,425,496,224,272,82,52,30,11,3,8,5,2,3,249,137,112
CHAMBERS COUNTY,071,41 Years,851,433,418,508,249,259,66,38,28,9,2,7,7,3,4,261,141,120
CHAMBERS COUNTY,071,42 Years,868,455,413,530,287,243,70,28,42,11,3,8,9,4,5,248,133,115
CHAMBERS COUNTY,071,43 Years,743,403,340,481,257,224,45,19,26,12,5,7,8,5,3,197,117,80
CHAMBERS COUNTY,071,44 Years,723,378,345,470,236,234,42,22,20,7,1,6,14,9,5,190,110,80
CHAMBERS COUNTY,071,45 Years,767,386,381,489,243,246,58,26,32,10,6,4,11,7,4,199,104,95
CHAMBERS COUNTY,071,46 Years,769,387,382,478,242,236,61,22,39,9,4,5,9,5,4,212,114,98
CHAMBERS COUNTY,071,47 Years,715,360,355,441,226,215,64,23,41,13,7,6,6,3,3,191,101,90
CHAMBERS COUNTY,071,48 Years,667,334,333,428,209,219,51,20,31,10,7,3,4,2,2,174,96,78
CHAMBERS COUNTY,071,49 Years,664,342,322,428,216,212,52,24,28,7,5,2,7,3,4,170,94,76
CHAMBERS COUNTY,071,50 Years,683,334,349,454,220,234,50,24,26,5,2,3,9,3,6,165,85,80
CHAMBERS COUNTY,071,51 Years,710,354,356,487,239,248,60,32,28,8,3,5,11,4,7,144,76,68
CHAMBERS COUNTY,071,52 Years,701,356,345,484,239,245,59,32,27,8,5,3,13,7,6,137,73,64
CHAMBERS COUNTY,071,53 Years,663,334,329,463,226,237,68,38,30,6,3,3,9,3,6,117,64,53
CHAMBERS COUNTY,071,54 Years,602,302,300,423,209,214,65,34,31,5,3,2,5,2,3,104,54,50
CHAMBERS COUNTY,071,55 Years,603,304,299,420,208,212,56,27,29,7,3,4,9,4,5,111,62,49
CHAMBERS COUNTY,071,56 Years,592,300,292,426,211,215,49,29,20,6,2,4,10,5,5,101,53,48
CHAMBERS COUNTY,071,57 Years,581,302,279,430,219,211,49,30,19,5,3,2,11,6,5,86,44,42
CHAMBERS COUNTY,071,58 Years,541,283,258,409,209,200,44,26,18,5,2,3,6,3,3,77,43,34
CHAMBERS COUNTY,071,59 Years,535,287,248,409,217,192,42,24,18,4,2,2,5,2,3,75,42,33
CHAMBERS COUNTY,071,60 Years,544,287,257,419,215,204,45,24,21,2,1,1,7,3,4,71,44,27
CHAMBERS COUNTY,071,61 Years,537,282,255,407,208,199,42,23,19,6,3,3,10,5,5,72,43,29
CHAMBERS COUNTY,071,62 Years,545,284,261,406,215,191,46,22,24,4,1,3,11,5,6,78,41,37
CHAMBERS COUNTY,071,63 Years,510,250,260,377,185,192,53,23,30,6,4,2,8,6,2,66,32,34
CHAMBERS COUNTY,071,64 Years,482,231,251,363,167,196,50,26,24,5,3,2,7,5,2,57,30,27
CHAMBERS COUNTY,071,65 Years,498,248,250,383,194,189,50,24,26,4,1,3,7,4,3,54,25,29
CHAMBERS COUNTY,071,66 Years,485,251,234,373,195,178,43,20,23,5,3,2,6,3,3,58,30,28
CHAMBERS COUNTY,071,67 Years,470,235,235,365,182,183,41,19,22,4,2,2,6,3,3,54,29,25
CHAMBERS COUNTY,071,68 Years,471,230,241,366,174,192,34,19,15,6,2,4,7,5,2,58,30,28
CHAMBERS COUNTY,071,69 Years,471,232,239,366,174,192,39,18,21,4,2,2,5,3,2,57,35,22
CHAMBERS COUNTY,071,70 Years,401,209,192,314,160,154,38,17,21,3,3,0,4,3,1,42,26,16
CHAMBERS COUNTY,071,71 Years,340,179,161,266,138,128,33,16,17,2,2,0,3,2,1,36,21,15
CHAMBERS COUNTY,071,72 Years,321,166,155,249,129,120,34,16,18,8,4,4,4,3,1,26,14,12
CHAMBERS COUNTY,071,73 Years,313,151,162,247,118,129,31,16,15,5,2,3,3,1,2,27,14,13
CHAMBERS COUNTY,071,74 Years,326,155,171,261,125,136,29,15,14,3,1,2,5,1,4,28,13,15
CHAMBERS COUNTY,071,75 Years,330,156,174,261,126,135,30,15,15,3,1,2,7,1,6,29,13,16
CHAMBERS COUNTY,071,76 Years,283,137,146,228,108,120,26,13,13,2,1,1,3,1,2,24,14,10
CHAMBERS COUNTY,071,77 Years,240,114,126,192,91,101,23,13,10,3,1,2,1,0,1,21,9,12
CHAMBERS COUNTY,071,78 Years,220,103,117,179,86,93,23,11,12,1,0,1,2,1,1,15,5,10
CHAMBERS COUNTY,071,79 Years,204,102,102,172,87,85,18,7,11,0,0,0,2,1,1,12,7,5
CHAMBERS COUNTY,071,80 Years,178,81,97,151,71,80,13,3,10,2,1,1,3,2,1,9,4,5
CHAMBERS COUNTY,071,81 Years,160,68,92,130,58,72,16,6,10,2,0,2,3,1,2,9,3,6
CHAMBERS COUNTY,071,82 Years,137,58,79,110,46,64,14,5,9,1,0,1,2,1,1,10,6,4
CHAMBERS COUNTY,071,83 Years,114,43,71,90,34,56,13,4,9,0,0,0,1,0,1,10,5,5
CHAMBERS COUNTY,071,84 Years,90,33,57,72,27,45,11,3,8,0,0,0,1,0,1,6,3,3
CHAMBERS COUNTY,071,85 Years,83,27,56,69,22,47,11,4,7,0,0,0,0,0,0,3,1,2
CHAMBERS COUNTY,071,86 Years,77,28,49,64,23,41,9,3,6,0,0,0,0,0,0,4,2,2
CHAMBERS COUNTY,071,87 Years,67,25,42,54,20,34,9,3,6,0,0,0,1,0,1,3,2,1
CHAMBERS COUNTY,071,88 Years,64,30,34,55,24,31,6,3,3,1,1,0,1,1,0,1,1,0
CHAMBERS COUNTY,071,89 Years,56,25,31,47,21,26,5,2,3,0,0,0,1,0,1,3,2,1
CHAMBERS COUNTY,071,90 Years,39,18,21,34,15,19,3,1,2,0,0,0,0,0,0,2,2,0
CHAMBERS COUNTY,071,91 Years,40,15,25,36,12,24,3,2,1,0,0,0,0,0,0,1,1,0
CHAMBERS COUNTY,071,92 Years,42,13,29,37,11,26,4,1,3,0,0,0,1,1,0,0,0,0
CHAMBERS COUNTY,071,93 Years,34,11,23,28,9,19,4,1,3,0,0,0,1,1,0,1,0,1
CHAMBERS COUNTY,071,94 Years,21,7,14,16,5,11,3,2,1,0,0,0,0,0,0,2,0,2
CHAMBERS COUNTY,071,95 Years +,63,21,42,44,13,31,9,2,7,0,0,0,1,0,1,9,6,3
CHEROKEE COUNTY,073,All Ages,52416,26784,25632,30845,15271,15574,7282,3980,3302,263,117,146,1202,613,589,12824,6803,6021
CHEROKEE COUNTY,073,< 1 Year,640,331,309,283,146,137,81,41,40,4,2,2,31,17,14,241,125,116
CHEROKEE COUNTY,073,1 Years,594,303,291,263,134,129,77,39,38,4,2,2,25,13,12,225,115,110
CHEROKEE COUNTY,073,2 Years,597,303,294,268,136,132,77,39,38,3,1,2,25,13,12,224,114,110
CHEROKEE COUNTY,073,3 Years,685,359,326,301,157,144,90,47,43,3,2,1,30,16,14,261,137,124
CHEROKEE COUNTY,073,4 Years,724,380,344,314,165,149,91,47,44,2,1,1,35,17,18,282,150,132
CHEROKEE COUNTY,073,5 Years,729,376,353,327,171,156,89,46,43,2,1,1,31,13,18,280,145,135
CHEROKEE COUNTY,073,6 Years,756,377,379,343,177,166,87,44,43,2,1,1,35,13,22,289,142,147
CHEROKEE COUNTY,073,7 Years,760,382,378,355,183,172,86,43,43,1,1,0,34,14,20,284,141,143
CHEROKEE COUNTY,073,8 Years,757,382,375,340,176,164,89,45,44,1,1,0,35,18,17,292,142,150
CHEROKEE COUNTY,073,9 Years,735,380,355,332,171,161,88,48,40,1,1,0,33,18,15,281,142,139
CHEROKEE COUNTY,073,10 Years,723,368,355,332,171,161,86,44,42,1,1,0,31,15,16,273,137,136
CHEROKEE COUNTY,073,11 Years,723,370,353,342,179,163,82,41,41,2,1,1,29,16,13,268,133,135
CHEROKEE COUNTY,073,12 Years,711,365,346,335,171,164,78,43,35,2,1,1,26,14,12,270,136,134
CHEROKEE COUNTY,073,13 Years,713,363,350,340,170,170,88,47,41,1,0,1,28,11,17,256,135,121
CHEROKEE COUNTY,073,14 Years,704,363,341,340,172,168,82,44,38,2,2,0,28,12,16,252,133,119
CHEROKEE COUNTY,073,15 Years,693,358,335,335,173,162,86,48,38,1,1,0,25,12,13,246,124,122
CHEROKEE COUNTY,073,16 Years,728,388,340,356,190,166,91,49,42,2,2,0,23,11,12,256,136,120
CHEROKEE COUNTY,073,17 Years,746,403,343,361,198,163,102,52,50,7,2,5,21,14,7,255,137,118
CHEROKEE COUNTY,073,18 Years,809,444,365,393,221,172,121,66,55,4,2,2,23,15,8,268,140,128
CHEROKEE COUNTY,073,19 Years,820,453,367,377,203,174,138,82,56,4,2,2,29,16,13,272,150,122
CHEROKEE COUNTY,073,20 Years,825,471,354,370,195,175,137,92,45,7,6,1,30,18,12,281,160,121
CHEROKEE COUNTY,073,21 Years,787,458,329,362,198,164,143,100,43,5,4,1,20,11,9,257,145,112
CHEROKEE COUNTY,073,22 Years,721,429,292,322,183,139,139,94,45,4,1,3,24,12,12,232,139,93
CHEROKEE COUNTY,073,23 Years,719,420,299,307,172,135,141,97,44,3,1,2,21,10,11,247,140,107
CHEROKEE COUNTY,073,24 Years,683,390,293,303,167,136,124,84,40,1,0,1,15,6,9,240,133,107
CHEROKEE COUNTY,073,25 Years,673,388,285,306,169,137,132,82,50,3,2,1,14,7,7,218,128,90
CHEROKEE COUNTY,073,26 Years,660,371,289,320,175,145,125,74,51,4,2,2,13,7,6,198,113,85
CHEROKEE COUNTY,073,27 Years,624,344,280,326,175,151,99,57,42,8,7,1,12,8,4,179,97,82
CHEROKEE COUNTY,073,28 Years,554,298,256,301,161,140,75,37,38,5,4,1,12,8,4,161,88,73
CHEROKEE COUNTY,073,29 Years,539,290,249,290,157,133,76,36,40,4,1,3,12,6,6,157,90,67
CHEROKEE COUNTY,073,30 Years,587,314,273,309,158,151,97,55,42,6,4,2,11,6,5,164,91,73
CHEROKEE COUNTY,073,31 Years,688,373,315,358,184,174,131,84,47,5,3,2,12,6,6,182,96,86
CHEROKEE COUNTY,073,32 Years,688,370,318,367,185,182,128,85,43,4,3,1,13,6,7,176,91,85
CHEROKEE COUNTY,073,33 Years,669,342,327,375,186,189,115,75,40,5,1,4,12,5,7,162,75,87
CHEROKEE COUNTY,073,34 Years,638,313,325,372,180,192,100,57,43,4,1,3,11,4,7,151,71,80
CHEROKEE COUNTY,073,35 Years,593,294,299,334,159,175,94,53,41,4,1,3,10,4,6,151,77,74
CHEROKEE COUNTY,073,36 Years,545,280,265,311,150,161,82,48,34,2,2,0,7,2,5,143,78,65
CHEROKEE COUNTY,073,37 Years,539,281,258,309,148,161,80,49,31,3,3,0,7,4,3,140,77,63
CHEROKEE COUNTY,073,38 Years,555,284,271,317,155,162,83,49,34,3,2,1,6,2,4,146,76,70
CHEROKEE COUNTY,073,39 Years,546,277,269,324,164,160,75,43,32,2,1,1,7,4,3,138,65,73
CHEROKEE COUNTY,073,40 Years,527,270,257,310,154,156,75,42,33,3,1,2,3,1,2,136,72,64
CHEROKEE COUNTY,073,41 Years,567,295,272,333,170,163,83,44,39,3,1,2,9,5,4,139,75,64
CHEROKEE COUNTY,073,42 Years,593,294,299,343,167,176,88,44,44,3,1,2,9,4,5,150,78,72
CHEROKEE COUNTY,073,43 Years,590,291,299,347,169,178,84,43,41,4,1,3,7,2,5,148,76,72
CHEROKEE COUNTY,073,44 Years,581,296,285,336,168,168,87,47,40,4,1,3,9,6,3,145,74,71
CHEROKEE COUNTY,073,45 Years,629,333,296,354,178,176,96,56,40,3,1,2,11,7,4,165,91,74
CHEROKEE COUNTY,073,46 Years,600,318,282,347,184,163,85,46,39,3,2,1,11,6,5,154,80,74
CHEROKEE COUNTY,073,47 Years,603,317,286,348,180,168,91,57,34,3,1,2,10,5,5,151,74,77
CHEROKEE COUNTY,073,48 Years,622,323,299,365,181,184,92,55,37,3,1,2,8,4,4,154,82,72
CHEROKEE COUNTY,073,49 Years,629,337,292,367,185,182,97,61,36,3,1,2,6,4,2,156,86,70
CHEROKEE COUNTY,073,50 Years,622,322,300,364,183,181,91,55,36,4,2,2,5,4,1,158,78,80
CHEROKEE COUNTY,073,51 Years,640,332,308,396,205,191,88,50,38,4,2,2,4,2,2,148,73,75
CHEROKEE COUNTY,073,52 Years,617,323,294,385,197,188,87,50,37,3,1,2,6,1,5,136,74,62
CHEROKEE COUNTY,073,53 Years,623,332,291,383,192,191,99,55,44,1,1,0,9,5,4,131,79,52
CHEROKEE COUNTY,073,54 Years,615,315,300,390,186,204,92,52,40,3,1,2,8,6,2,122,70,52
CHEROKEE COUNTY,073,55 Years,580,298,282,364,175,189,90,48,42,3,1,2,6,3,3,117,71,46
CHEROKEE COUNTY,073,56 Years,598,309,289,369,180,189,96,52,44,5,1,4,7,3,4,121,73,48
CHEROKEE COUNTY,073,57 Years,623,327,296,405,211,194,92,50,42,6,3,3,9,4,5,111,59,52
CHEROKEE COUNTY,073,58 Years,629,317,312,433,214,219,83,43,40,3,1,2,9,5,4,101,54,47
CHEROKEE COUNTY,073,59 Years,652,331,321,443,218,225,95,49,46,2,1,1,13,8,5,99,55,44
CHEROKEE COUNTY,073,60 Years,635,309,326,437,204,233,89,43,46,4,0,4,12,8,4,93,54,39
CHEROKEE COUNTY,073,61 Years,607,286,321,414,187,227,85,38,47,4,0,4,12,7,5,92,54,38
CHEROKEE COUNTY,073,62 Years,641,300,341,452,212,240,90,38,52,5,1,4,10,6,4,84,43,41
CHEROKEE COUNTY,073,63 Years,640,303,337,470,222,248,82,35,47,6,2,4,8,5,3,74,39,35
CHEROKEE COUNTY,073,64 Years,599,299,300,441,220,221,74,36,38,6,2,4,8,4,4,70,37,33
CHEROKEE COUNTY,073,65 Years,586,282,304,439,212,227,70,32,38,5,2,3,13,5,8,59,31,28
CHEROKEE COUNTY,073,66 Years,572,268,304,427,201,226,76,33,43,4,1,3,11,4,7,54,29,25
CHEROKEE COUNTY,073,67 Years,583,271,312,437,204,233,83,36,47,3,0,3,10,6,4,50,25,25
CHEROKEE COUNTY,073,68 Years,625,293,332,469,211,258,96,51,45,3,0,3,11,8,3,46,23,23
CHEROKEE COUNTY,073,69 Years,611,287,324,472,217,255,83,42,41,4,1,3,11,6,5,41,21,20
CHEROKEE COUNTY,073,70 Years,576,271,305,453,214,239,72,32,40,3,1,2,8,3,5,40,21,19
CHEROKEE COUNTY,073,71 Years,553,259,294,424,198,226,73,31,42,2,1,1,7,3,4,47,26,21
CHEROKEE COUNTY,073,72 Years,536,261,275,419,199,220,66,31,35,1,0,1,11,8,3,39,23,16
CHEROKEE COUNTY,073,73 Years,495,241,254,405,191,214,51,26,25,1,1,0,7,5,2,31,18,13
CHEROKEE COUNTY,073,74 Years,489,223,266,404,178,226,47,25,22,0,0,0,7,3,4,31,17,14
CHEROKEE COUNTY,073,75 Years,487,210,277,407,169,238,41,22,19,1,0,1,7,1,6,31,18,13
CHEROKEE COUNTY,073,76 Years,417,188,229,350,151,199,38,21,17,1,0,1,4,1,3,24,15,9
CHEROKEE COUNTY,073,77 Years,384,182,202,321,148,173,34,18,16,1,0,1,5,1,4,23,15,8
CHEROKEE COUNTY,073,78 Years,354,160,194,299,137,162,29,10,19,1,0,1,5,3,2,20,10,10
CHEROKEE COUNTY,073,79 Years,335,150,185,287,129,158,27,9,18,1,0,1,2,2,0,18,10,8
CHEROKEE COUNTY,073,80 Years,306,133,173,265,116,149,24,9,15,1,0,1,1,0,1,15,8,7
CHEROKEE COUNTY,073,81 Years,273,119,154,239,106,133,18,7,11,2,1,1,2,1,1,12,4,8
CHEROKEE COUNTY,073,82 Years,249,114,135,214,98,116,18,7,11,2,1,1,3,2,1,12,6,6
CHEROKEE COUNTY,073,83 Years,211,103,108,180,88,92,17,7,10,2,1,1,1,1,0,11,6,5
CHEROKEE COUNTY,073,84 Years,180,90,90,152,76,76,16,6,10,1,1,0,3,3,0,8,4,4
CHEROKEE COUNTY,073,85 Years,169,76,93,144,68,76,13,4,9,1,0,1,4,1,3,7,3,4
CHEROKEE COUNTY,073,86 Years,151,65,86,132,58,74,11,3,8,0,0,0,3,1,2,5,3,2
CHEROKEE COUNTY,073,87 Years,143,61,82,121,54,67,12,3,9,1,0,1,2,1,1,7,3,4
CHEROKEE COUNTY,073,88 Years,140,58,82,118,50,68,14,4,10,0,0,0,1,0,1,7,4,3
CHEROKEE COUNTY,073,89 Years,111,47,64,95,40,55,9,2,7,0,0,0,1,1,0,6,4,2
CHEROKEE COUNTY,073,90 Years,94,40,54,80,34,46,8,3,5,0,0,0,1,1,0,5,2,3
CHEROKEE COUNTY,073,91 Years,74,31,43,61,25,36,8,3,5,0,0,0,2,1,1,3,2,1
CHEROKEE COUNTY,073,92 Years,62,24,38,51,19,32,5,2,3,0,0,0,1,0,1,5,3,2
CHEROKEE COUNTY,073,93 Years,54,20,34,44,16,28,5,1,4,0,0,0,2,1,1,3,2,1
CHEROKEE COUNTY,073,94 Years,43,15,28,35,12,23,5,1,4,0,0,0,1,1,0,2,1,1
CHEROKEE COUNTY,073,95 Years +,111,30,81,85,25,60,17,4,13,0,0,0,0,0,0,9,1,8
CHILDRESS COUNTY,075,All Ages,6812,4190,2622,3812,2050,1762,715,614,101,59,34,25,134,68,66,2092,1424,668
CHILDRESS COUNTY,075,< 1 Year,71,36,35,36,19,17,3,2,1,0,0,0,6,2,4,26,13,13
CHILDRESS COUNTY,075,1 Years,70,36,34,37,19,18,4,2,2,0,0,0,3,2,1,26,13,13
CHILDRESS COUNTY,075,2 Years,69,34,35,37,19,18,3,1,2,0,0,0,3,1,2,26,13,13
CHILDRESS COUNTY,075,3 Years,55,25,30,32,14,18,2,1,1,0,0,0,1,0,1,20,10,10
CHILDRESS COUNTY,075,4 Years,54,29,25,32,16,16,2,2,0,0,0,0,3,3,0,17,8,9
CHILDRESS COUNTY,075,5 Years,58,32,26,34,17,17,2,1,1,0,0,0,3,3,0,19,11,8
CHILDRESS COUNTY,075,6 Years,60,34,26,34,17,17,2,1,1,0,0,0,2,1,1,22,15,7
CHILDRESS COUNTY,075,7 Years,63,34,29,32,16,16,2,1,1,1,0,1,4,1,3,24,16,8
CHILDRESS COUNTY,075,8 Years,62,31,31,33,15,18,3,2,1,2,1,1,3,2,1,21,11,10
CHILDRESS COUNTY,075,9 Years,62,30,32,34,17,17,1,0,1,2,1,1,4,2,2,21,10,11
CHILDRESS COUNTY,075,10 Years,61,29,32,32,16,16,1,0,1,2,1,1,2,1,1,24,11,13
CHILDRESS COUNTY,075,11 Years,65,35,30,34,17,17,1,1,0,1,1,0,3,2,1,26,14,12
CHILDRESS COUNTY,075,12 Years,67,36,31,36,20,16,3,3,0,0,0,0,3,2,1,25,11,14
CHILDRESS COUNTY,075,13 Years,75,44,31,44,27,17,1,0,1,0,0,0,3,2,1,27,15,12
CHILDRESS COUNTY,075,14 Years,79,45,34,45,27,18,3,2,1,1,1,0,3,2,1,27,13,14
CHILDRESS COUNTY,075,15 Years,78,41,37,45,24,21,3,2,1,1,1,0,2,1,1,27,13,14
CHILDRESS COUNTY,075,16 Years,77,41,36,40,20,20,4,2,2,2,2,0,1,1,0,30,16,14
CHILDRESS COUNTY,075,17 Years,73,39,34,41,21,20,2,2,0,2,1,1,1,1,0,27,14,13
CHILDRESS COUNTY,075,18 Years,86,52,34,48,30,18,4,4,0,4,1,3,3,1,2,27,16,11
CHILDRESS COUNTY,075,19 Years,88,56,32,51,31,20,8,8,0,2,1,1,3,1,2,24,15,9
CHILDRESS COUNTY,075,20 Years,121,82,39,59,36,23,17,15,2,1,1,0,2,0,2,42,30,12
CHILDRESS COUNTY,075,21 Years,135,102,33,48,29,19,21,20,1,3,3,0,2,1,1,61,49,12
CHILDRESS COUNTY,075,22 Years,147,119,28,49,32,17,31,30,1,2,2,0,1,0,1,64,55,9
CHILDRESS COUNTY,075,23 Years,161,136,25,56,42,14,29,28,1,2,2,0,2,2,0,72,62,10
CHILDRESS COUNTY,075,24 Years,170,144,26,56,44,12,34,32,2,1,1,0,2,2,0,77,65,12
CHILDRESS COUNTY,075,25 Years,178,151,27,56,41,15,46,44,2,0,0,0,2,2,0,74,64,10
CHILDRESS COUNTY,075,26 Years,171,144,27,54,39,15,38,36,2,1,1,0,1,1,0,77,67,10
CHILDRESS COUNTY,075,27 Years,177,149,28,63,44,19,41,39,2,1,1,0,2,1,1,70,64,6
CHILDRESS COUNTY,075,28 Years,160,134,26,59,42,17,31,29,2,2,2,0,1,0,1,67,61,6
CHILDRESS COUNTY,075,29 Years,151,120,31,53,37,16,34,31,3,0,0,0,2,0,2,62,52,10
CHILDRESS COUNTY,075,30 Years,161,120,41,58,34,24,33,30,3,0,0,0,1,0,1,69,56,13
CHILDRESS COUNTY,075,31 Years,145,110,35,58,36,22,26,24,2,0,0,0,2,1,1,59,49,10
CHILDRESS COUNTY,075,32 Years,112,87,25,46,30,16,23,23,0,0,0,0,1,0,1,42,34,8
CHILDRESS COUNTY,075,33 Years,92,67,25,42,24,18,24,23,1,0,0,0,1,0,1,25,20,5
CHILDRESS COUNTY,075,34 Years,81,59,22,38,21,17,17,16,1,0,0,0,2,2,0,24,20,4
CHILDRESS COUNTY,075,35 Years,83,61,22,44,28,16,10,9,1,3,3,0,1,0,1,25,21,4
CHILDRESS COUNTY,075,36 Years,86,65,21,47,32,15,18,17,1,1,1,0,1,0,1,19,15,4
CHILDRESS COUNTY,075,37 Years,94,65,29,54,34,20,13,13,0,0,0,0,2,1,1,25,17,8
CHILDRESS COUNTY,075,38 Years,101,60,41,57,32,25,8,6,2,0,0,0,2,0,2,34,22,12
CHILDRESS COUNTY,075,39 Years,89,55,34,51,27,24,4,3,1,0,0,0,2,1,1,32,24,8
CHILDRESS COUNTY,075,40 Years,87,52,35,51,27,24,6,5,1,0,0,0,1,0,1,29,20,9
CHILDRESS COUNTY,075,41 Years,81,46,35,45,22,23,4,4,0,2,0,2,0,0,0,30,20,10
CHILDRESS COUNTY,075,42 Years,86,50,36,47,26,21,5,5,0,2,0,2,2,2,0,30,17,13
CHILDRESS COUNTY,075,43 Years,90,53,37,53,29,24,8,7,1,1,0,1,3,3,0,25,14,11
CHILDRESS COUNTY,075,44 Years,85,43,42,51,26,25,7,5,2,2,0,2,1,0,1,24,12,12
CHILDRESS COUNTY,075,45 Years,77,43,34,45,24,21,9,8,1,0,0,0,1,0,1,22,11,11
CHILDRESS COUNTY,075,46 Years,71,38,33,40,20,20,6,5,1,1,0,1,1,0,1,23,13,10
CHILDRESS COUNTY,075,47 Years,72,40,32,47,26,21,4,3,1,1,0,1,1,0,1,19,11,8
CHILDRESS COUNTY,075,48 Years,64,39,25,41,27,14,4,3,1,0,0,0,1,0,1,18,9,9
CHILDRESS COUNTY,075,49 Years,60,34,26,37,23,14,3,2,1,0,0,0,1,1,0,19,8,11
CHILDRESS COUNTY,075,50 Years,60,34,26,40,24,16,2,1,1,0,0,0,0,0,0,18,9,9
CHILDRESS COUNTY,075,51 Years,61,35,26,43,24,19,1,1,0,0,0,0,1,1,0,16,9,7
CHILDRESS COUNTY,075,52 Years,61,37,24,41,24,17,4,4,0,0,0,0,0,0,0,16,9,7
CHILDRESS COUNTY,075,53 Years,59,35,24,34,20,14,7,4,3,0,0,0,1,0,1,17,11,6
CHILDRESS COUNTY,075,54 Years,52,34,18,28,17,11,6,4,2,0,0,0,1,1,0,17,12,5
CHILDRESS COUNTY,075,55 Years,50,25,25,34,17,17,4,2,2,0,0,0,0,0,0,12,6,6
CHILDRESS COUNTY,075,56 Years,51,23,28,35,16,19,4,2,2,0,0,0,0,0,0,12,5,7
CHILDRESS COUNTY,075,57 Years,57,29,28,44,21,23,1,0,1,0,0,0,1,1,0,11,7,4
CHILDRESS COUNTY,075,58 Years,74,34,40,55,23,32,4,2,2,0,0,0,2,1,1,13,8,5
CHILDRESS COUNTY,075,59 Years,71,39,32,52,29,23,5,3,2,0,0,0,2,0,2,12,7,5
CHILDRESS COUNTY,075,60 Years,62,31,31,49,24,25,2,0,2,0,0,0,2,1,1,9,6,3
CHILDRESS COUNTY,075,61 Years,61,25,36,51,20,31,3,1,2,0,0,0,1,1,0,6,3,3
CHILDRESS COUNTY,075,62 Years,62,26,36,46,16,30,5,4,1,0,0,0,1,1,0,10,5,5
CHILDRESS COUNTY,075,63 Years,66,33,33,49,23,26,3,3,0,0,0,0,1,0,1,13,7,6
CHILDRESS COUNTY,075,64 Years,68,31,37,51,21,30,4,4,0,1,1,0,0,0,0,12,5,7
CHILDRESS COUNTY,075,65 Years,69,33,36,53,23,30,4,4,0,1,1,0,0,0,0,11,5,6
CHILDRESS COUNTY,075,66 Years,70,39,31,53,28,25,5,4,1,2,1,1,0,0,0,10,6,4
CHILDRESS COUNTY,075,67 Years,67,36,31,49,27,22,3,2,1,2,0,2,1,0,1,12,7,5
CHILDRESS COUNTY,075,68 Years,63,31,32,49,23,26,2,2,0,1,1,0,1,0,1,10,5,5
CHILDRESS COUNTY,075,69 Years,66,30,36,53,23,30,1,1,0,1,1,0,1,0,1,10,5,5
CHILDRESS COUNTY,075,70 Years,64,30,34,51,25,26,3,1,2,1,1,0,0,0,0,9,3,6
CHILDRESS COUNTY,075,71 Years,59,29,30,43,21,22,6,2,4,0,0,0,2,2,0,8,4,4
CHILDRESS COUNTY,075,72 Years,55,26,29,38,18,20,7,2,5,1,0,1,2,2,0,7,4,3
CHILDRESS COUNTY,075,73 Years,51,23,28,39,17,22,4,1,3,0,0,0,2,1,1,6,4,2
CHILDRESS COUNTY,075,74 Years,48,19,29,41,16,25,1,0,1,0,0,0,1,0,1,5,3,2
CHILDRESS COUNTY,075,75 Years,53,22,31,42,17,25,2,2,0,0,0,0,2,0,2,7,3,4
CHILDRESS COUNTY,075,76 Years,48,21,27,36,17,19,3,2,1,0,0,0,2,0,2,7,2,5
CHILDRESS COUNTY,075,77 Years,42,15,27,32,13,19,1,0,1,2,0,2,0,0,0,7,2,5
CHILDRESS COUNTY,075,78 Years,43,18,25,35,15,20,2,1,1,1,0,1,0,0,0,5,2,3
CHILDRESS COUNTY,075,79 Years,41,22,19,37,19,18,1,1,0,0,0,0,1,0,1,2,2,0
CHILDRESS COUNTY,075,80 Years,40,18,22,34,15,19,2,0,2,0,0,0,1,1,0,3,2,1
CHILDRESS COUNTY,075,81 Years,37,14,23,30,10,20,1,0,1,0,0,0,1,1,0,5,3,2
CHILDRESS COUNTY,075,82 Years,31,12,19,24,9,15,1,0,1,0,0,0,0,0,0,6,3,3
CHILDRESS COUNTY,075,83 Years,24,9,15,21,8,13,0,0,0,0,0,0,0,0,0,3,1,2
CHILDRESS COUNTY,075,84 Years,24,12,12,21,11,10,0,0,0,0,0,0,1,1,0,2,0,2
CHILDRESS COUNTY,075,85 Years,22,8,14,20,8,12,0,0,0,0,0,0,1,0,1,1,0,1
CHILDRESS COUNTY,075,86 Years,22,9,13,16,5,11,2,2,0,0,0,0,1,1,0,3,1,2
CHILDRESS COUNTY,075,87 Years,17,8,9,14,6,8,1,0,1,0,0,0,0,0,0,2,2,0
CHILDRESS COUNTY,075,88 Years,16,6,10,14,4,10,0,0,0,0,0,0,1,1,0,1,1,0
CHILDRESS COUNTY,075,89 Years,13,6,7,12,5,7,0,0,0,0,0,0,0,0,0,1,1,0
CHILDRESS COUNTY,075,90 Years,11,6,5,8,4,4,0,0,0,0,0,0,0,0,0,3,2,1
CHILDRESS COUNTY,075,91 Years,10,4,6,7,3,4,0,0,0,0,0,0,0,0,0,3,1,2
CHILDRESS COUNTY,075,92 Years,8,2,6,6,1,5,0,0,0,0,0,0,0,0,0,2,1,1
CHILDRESS COUNTY,075,93 Years,6,1,5,5,1,4,0,0,0,0,0,0,0,0,0,1,0,1
CHILDRESS COUNTY,075,94 Years,4,0,4,3,0,3,0,0,0,0,0,0,0,0,0,1,0,1
CHILDRESS COUNTY,075,95 Years +,12,3,9,12,3,9,0,0,0,0,0,0,0,0,0,0,0,0
CLAY COUNTY,077,All Ages,10818,5431,5387,9740,4905,4835,67,37,30,38,7,31,329,158,171,644,324,320
CLAY COUNTY,077,< 1 Year,99,54,45,74,39,35,2,1,1,1,1,0,6,4,2,16,9,7
CLAY COUNTY,077,1 Years,95,50,45,70,36,34,2,1,1,1,1,0,6,3,3,16,9,7
CLAY COUNTY,077,2 Years,95,49,46,70,36,34,2,1,1,1,0,1,5,3,2,17,9,8
CLAY COUNTY,077,3 Years,92,47,45,71,34,37,1,1,0,0,0,0,5,3,2,15,9,6
CLAY COUNTY,077,4 Years,90,45,45,75,37,38,0,0,0,0,0,0,4,2,2,11,6,5
CLAY COUNTY,077,5 Years,98,49,49,82,41,41,2,0,2,0,0,0,4,2,2,10,6,4
CLAY COUNTY,077,6 Years,102,52,50,87,44,43,0,0,0,0,0,0,5,2,3,10,6,4
CLAY COUNTY,077,7 Years,104,52,52,91,46,45,0,0,0,0,0,0,5,1,4,8,5,3
CLAY COUNTY,077,8 Years,111,55,56,94,47,47,0,0,0,0,0,0,7,4,3,10,4,6
CLAY COUNTY,077,9 Years,117,57,60,100,49,51,0,0,0,0,0,0,8,5,3,9,3,6
CLAY COUNTY,077,10 Years,117,55,62,100,46,54,0,0,0,0,0,0,8,5,3,9,4,5
CLAY COUNTY,077,11 Years,112,55,57,99,48,51,0,0,0,0,0,0,6,4,2,7,3,4
CLAY COUNTY,077,12 Years,137,66,71,121,59,62,0,0,0,1,0,1,6,4,2,9,3,6
CLAY COUNTY,077,13 Years,140,68,72,123,62,61,0,0,0,2,0,2,4,2,2,11,4,7
CLAY COUNTY,077,14 Years,137,69,68,122,61,61,0,0,0,0,0,0,5,2,3,10,6,4
CLAY COUNTY,077,15 Years,122,64,58,108,56,52,2,0,2,0,0,0,3,1,2,9,7,2
CLAY COUNTY,077,16 Years,114,66,48,98,56,42,1,0,1,1,1,0,3,2,1,11,7,4
CLAY COUNTY,077,17 Years,118,59,59,105,54,51,0,0,0,0,0,0,4,1,3,9,4,5
CLAY COUNTY,077,18 Years,137,66,71,124,60,64,0,0,0,0,0,0,4,1,3,9,5,4
CLAY COUNTY,077,19 Years,135,68,67,121,59,62,0,0,0,0,0,0,4,2,2,10,7,3
CLAY COUNTY,077,20 Years,123,65,58,107,55,52,1,1,0,0,0,0,4,2,2,11,7,4
CLAY COUNTY,077,21 Years,116,60,56,100,52,48,1,0,1,0,0,0,4,2,2,11,6,5
CLAY COUNTY,077,22 Years,104,53,51,88,47,41,1,0,1,0,0,0,4,2,2,11,4,7
CLAY COUNTY,077,23 Years,88,44,44,77,41,36,1,0,1,0,0,0,2,1,1,8,2,6
CLAY COUNTY,077,24 Years,87,49,38,80,45,35,1,1,0,0,0,0,1,1,0,5,2,3
CLAY COUNTY,077,25 Years,101,58,43,90,51,39,1,1,0,0,0,0,3,3,0,7,3,4
CLAY COUNTY,077,26 Years,112,60,52,99,53,46,1,1,0,0,0,0,4,2,2,8,4,4
CLAY COUNTY,077,27 Years,116,64,52,103,55,48,2,2,0,0,0,0,1,1,0,10,6,4
CLAY COUNTY,077,28 Years,111,65,46,96,57,39,2,1,1,0,0,0,5,4,1,8,3,5
CLAY COUNTY,077,29 Years,109,60,49,94,51,43,0,0,0,0,0,0,7,5,2,8,4,4
CLAY COUNTY,077,30 Years,114,61,53,104,57,47,1,0,1,0,0,0,3,2,1,6,2,4
CLAY COUNTY,077,31 Years,113,58,55,105,54,51,1,1,0,0,0,0,2,1,1,5,2,3
CLAY COUNTY,077,32 Years,112,52,60,104,51,53,2,0,2,0,0,0,2,0,2,4,1,3
CLAY COUNTY,077,33 Years,113,55,58,99,51,48,1,0,1,1,1,0,2,0,2,10,3,7
CLAY COUNTY,077,34 Years,112,61,51,100,56,44,2,1,1,1,1,0,2,1,1,7,2,5
CLAY COUNTY,077,35 Years,108,57,51,92,50,42,3,2,1,2,1,1,1,1,0,10,3,7
CLAY COUNTY,077,36 Years,100,51,49,87,46,41,1,0,1,1,0,1,1,1,0,10,4,6
CLAY COUNTY,077,37 Years,109,59,50,98,54,44,2,1,1,0,0,0,2,1,1,7,3,4
CLAY COUNTY,077,38 Years,108,49,59,100,45,55,2,1,1,0,0,0,2,1,1,4,2,2
CLAY COUNTY,077,39 Years,116,48,68,106,42,64,0,0,0,0,0,0,3,1,2,7,5,2
CLAY COUNTY,077,40 Years,116,53,63,103,46,57,0,0,0,0,0,0,2,0,2,11,7,4
CLAY COUNTY,077,41 Years,117,60,57,106,56,50,0,0,0,0,0,0,3,1,2,8,3,5
CLAY COUNTY,077,42 Years,123,70,53,112,64,48,0,0,0,0,0,0,2,1,1,9,5,4
CLAY COUNTY,077,43 Years,120,69,51,105,61,44,0,0,0,1,0,1,3,1,2,11,7,4
CLAY COUNTY,077,44 Years,130,67,63,115,59,56,1,1,0,2,0,2,2,1,1,10,6,4
CLAY COUNTY,077,45 Years,131,69,62,117,61,56,1,1,0,3,0,3,2,1,1,8,6,2
CLAY COUNTY,077,46 Years,133,71,62,115,61,54,0,0,0,3,1,2,5,1,4,10,8,2
CLAY COUNTY,077,47 Years,119,54,65,105,50,55,0,0,0,2,0,2,3,1,2,9,3,6
CLAY COUNTY,077,48 Years,117,59,58,101,52,49,2,1,1,2,0,2,3,1,2,9,5,4
CLAY COUNTY,077,49 Years,118,59,59,98,50,48,1,0,1,3,0,3,5,2,3,11,7,4
CLAY COUNTY,077,50 Years,120,53,67,107,49,58,2,1,1,2,0,2,2,0,2,7,3,4
CLAY COUNTY,077,51 Years,134,63,71,120,59,61,2,1,1,2,0,2,6,1,5,4,2,2
CLAY COUNTY,077,52 Years,144,68,76,128,61,67,1,1,0,2,0,2,4,2,2,9,4,5
CLAY COUNTY,077,53 Years,129,64,65,119,60,59,1,1,0,1,0,1,2,1,1,6,2,4
CLAY COUNTY,077,54 Years,129,66,63,117,57,60,1,1,0,0,0,0,5,3,2,6,5,1
CLAY COUNTY,077,55 Years,128,66,62,114,59,55,1,1,0,1,0,1,6,3,3,6,3,3
CLAY COUNTY,077,56 Years,126,64,62,113,57,56,1,1,0,1,0,1,3,2,1,8,4,4
CLAY COUNTY,077,57 Years,140,70,70,127,63,64,1,1,0,0,0,0,5,3,2,7,3,4
CLAY COUNTY,077,58 Years,170,80,90,160,77,83,1,1,0,0,0,0,5,1,4,4,1,3
CLAY COUNTY,077,59 Years,182,89,93,168,83,85,0,0,0,0,0,0,9,3,6,5,3,2
CLAY COUNTY,077,60 Years,177,89,88,163,83,80,0,0,0,0,0,0,6,2,4,8,4,4
CLAY COUNTY,077,61 Years,178,90,88,167,85,82,1,1,0,0,0,0,2,1,1,8,3,5
CLAY COUNTY,077,62 Years,183,95,88,174,91,83,0,0,0,0,0,0,2,1,1,7,3,4
CLAY COUNTY,077,63 Years,182,92,90,169,86,83,1,0,1,0,0,0,4,3,1,8,3,5
CLAY COUNTY,077,64 Years,187,93,94,172,87,85,1,0,1,0,0,0,7,2,5,7,4,3
CLAY COUNTY,077,65 Years,173,91,82,160,84,76,2,1,1,0,0,0,7,4,3,4,2,2
CLAY COUNTY,077,66 Years,174,82,92,167,78,89,0,0,0,0,0,0,4,3,1,3,1,2
CLAY COUNTY,077,67 Years,186,95,91,180,90,90,0,0,0,0,0,0,2,2,0,4,3,1
CLAY COUNTY,077,68 Years,190,104,86,183,98,85,3,3,0,0,0,0,3,2,1,1,1,0
CLAY COUNTY,077,69 Years,186,93,93,176,88,88,0,0,0,0,0,0,4,1,3,6,4,2
CLAY COUNTY,077,70 Years,176,84,92,166,79,87,2,2,0,0,0,0,4,2,2,4,1,3
CLAY COUNTY,077,71 Years,150,75,75,143,72,71,2,1,1,0,0,0,3,1,2,2,1,1
CLAY COUNTY,077,72 Years,138,69,69,131,65,66,1,0,1,0,0,0,3,2,1,3,2,1
CLAY COUNTY,077,73 Years,135,65,70,129,63,66,0,0,0,0,0,0,1,1,0,5,1,4
CLAY COUNTY,077,74 Years,137,68,69,128,64,64,0,0,0,0,0,0,4,2,2,5,2,3
CLAY COUNTY,077,75 Years,132,65,67,120,62,58,0,0,0,0,0,0,5,1,4,7,2,5
CLAY COUNTY,077,76 Years,105,51,54,95,46,49,0,0,0,0,0,0,4,2,2,6,3,3
CLAY COUNTY,077,77 Years,100,47,53,94,44,50,0,0,0,0,0,0,4,1,3,2,2,0
CLAY COUNTY,077,78 Years,102,50,52,97,46,51,0,0,0,0,0,0,2,1,1,3,3,0
CLAY COUNTY,077,79 Years,97,46,51,91,43,48,0,0,0,0,0,0,4,2,2,2,1,1
CLAY COUNTY,077,80 Years,85,46,39,77,40,37,0,0,0,0,0,0,4,3,1,4,3,1
CLAY COUNTY,077,81 Years,67,35,32,63,33,30,0,0,0,0,0,0,2,1,1,2,1,1
CLAY COUNTY,077,82 Years,59,30,29,54,27,27,0,0,0,0,0,0,2,1,1,3,2,1
CLAY COUNTY,077,83 Years,66,28,38,62,27,35,0,0,0,0,0,0,1,0,1,3,1,2
CLAY COUNTY,077,84 Years,62,27,35,58,27,31,0,0,0,0,0,0,2,0,2,2,0,2
CLAY COUNTY,077,85 Years,49,20,29,45,20,25,0,0,0,0,0,0,2,0,2,2,0,2
CLAY COUNTY,077,86 Years,41,19,22,40,19,21,0,0,0,0,0,0,0,0,0,1,0,1
CLAY COUNTY,077,87 Years,36,18,18,36,18,18,0,0,0,0,0,0,0,0,0,0,0,0
CLAY COUNTY,077,88 Years,37,15,22,36,15,21,0,0,0,1,0,1,0,0,0,0,0,0
CLAY COUNTY,077,89 Years,34,14,20,31,13,18,0,0,0,0,0,0,2,1,1,1,0,1
CLAY COUNTY,077,90 Years,30,12,18,28,12,16,0,0,0,0,0,0,2,0,2,0,0,0
CLAY COUNTY,077,91 Years,22,9,13,21,9,12,0,0,0,0,0,0,1,0,1,0,0,0
CLAY COUNTY,077,92 Years,18,6,12,17,5,12,0,0,0,0,0,0,1,1,0,0,0,0
CLAY COUNTY,077,93 Years,14,5,9,14,5,9,0,0,0,0,0,0,0,0,0,0,0,0
CLAY COUNTY,077,94 Years,12,4,8,12,4,8,0,0,0,0,0,0,0,0,0,0,0,0
CLAY COUNTY,077,95 Years +,28,10,18,27,9,18,0,0,0,0,0,0,1,1,0,0,0,0
COCHRAN COUNTY,079,All Ages,2528,1275,1253,882,437,445,84,46,38,1,0,1,37,12,25,1524,780,744
COCHRAN COUNTY,079,< 1 Year,39,18,21,12,5,7,0,0,0,1,0,1,1,0,1,25,13,12
COCHRAN COUNTY,079,1 Years,37,21,16,9,5,4,1,1,0,0,0,0,1,1,0,26,14,12
COCHRAN COUNTY,079,2 Years,38,18,20,9,5,4,1,0,1,0,0,0,1,0,1,27,13,14
COCHRAN COUNTY,079,3 Years,35,16,19,10,5,5,0,0,0,0,0,0,0,0,0,25,11,14
COCHRAN COUNTY,079,4 Years,37,16,21,10,5,5,0,0,0,0,0,0,0,0,0,27,11,16
COCHRAN COUNTY,079,5 Years,36,16,20,9,5,4,0,0,0,0,0,0,0,0,0,27,11,16
COCHRAN COUNTY,079,6 Years,36,16,20,8,5,3,1,0,1,0,0,0,0,0,0,27,11,16
COCHRAN COUNTY,079,7 Years,40,19,21,13,8,5,1,0,1,0,0,0,0,0,0,26,11,15
COCHRAN COUNTY,079,8 Years,33,17,16,9,6,3,0,0,0,0,0,0,0,0,0,24,11,13
COCHRAN COUNTY,079,9 Years,32,18,14,7,5,2,0,0,0,0,0,0,0,0,0,25,13,12
COCHRAN COUNTY,079,10 Years,34,20,14,6,4,2,0,0,0,0,0,0,1,1,0,27,15,12
COCHRAN COUNTY,079,11 Years,42,24,18,7,4,3,2,2,0,0,0,0,4,2,2,29,16,13
COCHRAN COUNTY,079,12 Years,37,23,14,6,3,3,1,1,0,0,0,0,1,0,1,29,19,10
COCHRAN COUNTY,079,13 Years,39,21,18,7,3,4,0,0,0,0,0,0,0,0,0,32,18,14
COCHRAN COUNTY,079,14 Years,38,22,16,8,4,4,0,0,0,0,0,0,2,2,0,28,16,12
COCHRAN COUNTY,079,15 Years,39,17,22,9,3,6,0,0,0,0,0,0,0,0,0,30,14,16
COCHRAN COUNTY,079,16 Years,40,17,23,11,3,8,1,0,1,0,0,0,0,0,0,28,14,14
COCHRAN COUNTY,079,17 Years,38,16,22,11,5,6,1,0,1,0,0,0,0,0,0,26,11,15
COCHRAN COUNTY,079,18 Years,35,15,20,8,5,3,0,0,0,0,0,0,0,0,0,27,10,17
COCHRAN COUNTY,079,19 Years,43,22,21,11,6,5,1,0,1,0,0,0,0,0,0,31,16,15
COCHRAN COUNTY,079,20 Years,38,18,20,11,6,5,0,0,0,0,0,0,0,0,0,27,12,15
COCHRAN COUNTY,079,21 Years,29,12,17,7,4,3,1,0,1,0,0,0,0,0,0,21,8,13
COCHRAN COUNTY,079,22 Years,24,11,13,5,3,2,2,0,2,0,0,0,0,0,0,17,8,9
COCHRAN COUNTY,079,23 Years,26,15,11,7,4,3,2,1,1,0,0,0,1,0,1,16,10,6
COCHRAN COUNTY,079,24 Years,25,14,11,8,5,3,1,1,0,0,0,0,2,0,2,14,8,6
COCHRAN COUNTY,079,25 Years,24,16,8,8,5,3,1,1,0,0,0,0,1,1,0,14,9,5
COCHRAN COUNTY,079,26 Years,26,13,13,10,4,6,2,2,0,0,0,0,0,0,0,14,7,7
COCHRAN COUNTY,079,27 Years,25,12,13,9,4,5,1,1,0,0,0,0,0,0,0,15,7,8
COCHRAN COUNTY,079,28 Years,30,15,15,8,5,3,1,1,0,0,0,0,0,0,0,21,9,12
COCHRAN COUNTY,079,29 Years,32,17,15,8,6,2,1,0,1,0,0,0,0,0,0,23,11,12
COCHRAN COUNTY,079,30 Years,29,16,13,8,6,2,1,1,0,0,0,0,1,1,0,19,8,11
COCHRAN COUNTY,079,31 Years,32,19,13,11,7,4,2,2,0,0,0,0,0,0,0,19,10,9
COCHRAN COUNTY,079,32 Years,31,19,12,11,7,4,2,2,0,0,0,0,0,0,0,18,10,8
COCHRAN COUNTY,079,33 Years,36,22,14,13,9,4,2,2,0,0,0,0,0,0,0,21,11,10
COCHRAN COUNTY,079,34 Years,33,16,17,10,6,4,1,1,0,0,0,0,0,0,0,22,9,13
COCHRAN COUNTY,079,35 Years,37,21,16,9,4,5,0,0,0,0,0,0,0,0,0,28,17,11
COCHRAN COUNTY,079,36 Years,33,20,13,7,3,4,2,2,0,0,0,0,0,0,0,24,15,9
COCHRAN COUNTY,079,37 Years,32,18,14,9,4,5,0,0,0,0,0,0,0,0,0,23,14,9
COCHRAN COUNTY,079,38 Years,33,16,17,12,6,6,0,0,0,0,0,0,0,0,0,21,10,11
COCHRAN COUNTY,079,39 Years,29,14,15,11,5,6,3,3,0,0,0,0,0,0,0,15,6,9
COCHRAN COUNTY,079,40 Years,30,13,17,13,6,7,2,1,1,0,0,0,0,0,0,15,6,9
COCHRAN COUNTY,079,41 Years,34,18,16,10,6,4,1,0,1,0,0,0,0,0,0,23,12,11
COCHRAN COUNTY,079,42 Years,36,17,19,9,3,6,1,0,1,0,0,0,0,0,0,26,14,12
COCHRAN COUNTY,079,43 Years,34,21,13,9,4,5,3,3,0,0,0,0,0,0,0,22,14,8
COCHRAN COUNTY,079,44 Years,32,16,16,7,4,3,1,1,0,0,0,0,1,0,1,23,11,12
COCHRAN COUNTY,079,45 Years,30,16,14,9,4,5,0,0,0,0,0,0,0,0,0,21,12,9
COCHRAN COUNTY,079,46 Years,25,13,12,9,4,5,0,0,0,0,0,0,0,0,0,16,9,7
COCHRAN COUNTY,079,47 Years,25,13,12,10,5,5,0,0,0,0,0,0,0,0,0,15,8,7
COCHRAN COUNTY,079,48 Years,23,12,11,9,3,6,0,0,0,0,0,0,0,0,0,14,9,5
COCHRAN COUNTY,079,49 Years,24,13,11,12,6,6,1,1,0,0,0,0,0,0,0,11,6,5
COCHRAN COUNTY,079,50 Years,30,17,13,12,5,7,2,2,0,0,0,0,0,0,0,16,10,6
COCHRAN COUNTY,079,51 Years,34,18,16,10,4,6,1,1,0,0,0,0,0,0,0,23,13,10
COCHRAN COUNTY,079,52 Years,33,14,19,9,4,5,2,0,2,0,0,0,0,0,0,22,10,12
COCHRAN COUNTY,079,53 Years,29,12,17,10,4,6,1,0,1,0,0,0,2,0,2,16,8,8
COCHRAN COUNTY,079,54 Years,33,17,16,14,7,7,4,2,2,0,0,0,0,0,0,15,8,7
COCHRAN COUNTY,079,55 Years,30,15,15,13,7,6,2,0,2,0,0,0,2,0,2,13,8,5
COCHRAN COUNTY,079,56 Years,24,13,11,13,6,7,1,0,1,0,0,0,0,0,0,10,7,3
COCHRAN COUNTY,079,57 Years,31,12,19,15,5,10,1,0,1,0,0,0,0,0,0,15,7,8
COCHRAN COUNTY,079,58 Years,33,15,18,14,6,8,0,0,0,0,0,0,1,0,1,18,9,9
COCHRAN COUNTY,079,59 Years,39,20,19,18,9,9,3,0,3,0,0,0,0,0,0,18,11,7
COCHRAN COUNTY,079,60 Years,40,23,17,20,10,10,2,2,0,0,0,0,1,0,1,17,11,6
COCHRAN COUNTY,079,61 Years,34,18,16,19,9,10,2,1,1,0,0,0,0,0,0,13,8,5
COCHRAN COUNTY,079,62 Years,31,15,16,15,7,8,2,0,2,0,0,0,2,1,1,12,7,5
COCHRAN COUNTY,079,63 Years,29,14,15,13,6,7,2,1,1,0,0,0,1,0,1,13,7,6
COCHRAN COUNTY,079,64 Years,21,11,10,11,5,6,2,2,0,0,0,0,0,0,0,8,4,4
COCHRAN COUNTY,079,65 Years,24,10,14,13,6,7,2,1,1,0,0,0,1,0,1,8,3,5
COCHRAN COUNTY,079,66 Years,28,13,15,15,8,7,1,0,1,0,0,0,0,0,0,12,5,7
COCHRAN COUNTY,079,67 Years,29,14,15,16,9,7,1,0,1,0,0,0,1,0,1,11,5,6
COCHRAN COUNTY,079,68 Years,27,12,15,14,7,7,0,0,0,0,0,0,2,0,2,11,5,6
COCHRAN COUNTY,079,69 Years,20,8,12,10,4,6,1,0,1,0,0,0,0,0,0,9,4,5
COCHRAN COUNTY,079,70 Years,21,9,12,10,4,6,1,0,1,0,0,0,1,1,0,9,4,5
COCHRAN COUNTY,079,71 Years,20,9,11,11,4,7,1,1,0,0,0,0,0,0,0,8,4,4
COCHRAN COUNTY,079,72 Years,18,10,8,10,5,5,1,1,0,0,0,0,0,0,0,7,4,3
COCHRAN COUNTY,079,73 Years,20,11,9,7,4,3,1,0,1,0,0,0,1,0,1,11,7,4
COCHRAN COUNTY,079,74 Years,17,9,8,8,4,4,0,0,0,0,0,0,0,0,0,9,5,4
COCHRAN COUNTY,079,75 Years,15,8,7,7,3,4,0,0,0,0,0,0,0,0,0,8,5,3
COCHRAN COUNTY,079,76 Years,15,8,7,6,3,3,0,0,0,0,0,0,0,0,0,9,5,4
COCHRAN COUNTY,079,77 Years,13,7,6,6,3,3,0,0,0,0,0,0,0,0,0,7,4,3
COCHRAN COUNTY,079,78 Years,15,8,7,7,2,5,0,0,0,0,0,0,1,1,0,7,5,2
COCHRAN COUNTY,079,79 Years,15,8,7,7,2,5,0,0,0,0,0,0,1,1,0,7,5,2
COCHRAN COUNTY,079,80 Years,10,5,5,5,2,3,0,0,0,0,0,0,0,0,0,5,3,2
COCHRAN COUNTY,079,81 Years,11,4,7,6,2,4,0,0,0,0,0,0,0,0,0,5,2,3
COCHRAN COUNTY,079,82 Years,9,2,7,5,2,3,0,0,0,0,0,0,0,0,0,4,0,4
COCHRAN COUNTY,079,83 Years,11,5,6,7,4,3,0,0,0,0,0,0,1,0,1,3,1,2
COCHRAN COUNTY,079,84 Years,11,5,6,7,4,3,0,0,0,0,0,0,1,0,1,3,1,2
COCHRAN COUNTY,079,85 Years,10,5,5,7,4,3,0,0,0,0,0,0,0,0,0,3,1,2
COCHRAN COUNTY,079,86 Years,11,5,6,5,2,3,2,2,0,0,0,0,0,0,0,4,1,3
COCHRAN COUNTY,079,87 Years,8,4,4,5,3,2,0,0,0,0,0,0,0,0,0,3,1,2
COCHRAN COUNTY,079,88 Years,6,3,3,4,2,2,1,0,1,0,0,0,0,0,0,1,1,0
COCHRAN COUNTY,079,89 Years,6,3,3,3,2,1,0,0,0,0,0,0,1,0,1,2,1,1
COCHRAN COUNTY,079,90 Years,5,2,3,3,1,2,0,0,0,0,0,0,0,0,0,2,1,1
COCHRAN COUNTY,079,91 Years,2,1,1,2,1,1,0,0,0,0,0,0,0,0,0,0,0,0
COCHRAN COUNTY,079,92 Years,3,2,1,3,2,1,0,0,0,0,0,0,0,0,0,0,0,0
COCHRAN COUNTY,079,93 Years,1,0,1,1,0,1,0,0,0,0,0,0,0,0,0,0,0,0
COCHRAN COUNTY,079,94 Years,3,1,2,3,1,2,0,0,0,0,0,0,0,0,0,0,0,0
COCHRAN COUNTY,079,95 Years +,8,2,6,4,1,3,1,0,1,0,0,0,0,0,0,3,1,2
COKE COUNTY,081,All Ages,3290,1621,1669,2530,1222,1308,3,3,0,3,0,3,68,38,30,686,358,328
COKE COUNTY,081,< 1 Year,39,19,20,25,12,13,0,0,0,0,0,0,2,1,1,12,6,6
COKE COUNTY,081,1 Years,38,19,19,24,12,12,0,0,0,0,0,0,2,1,1,12,6,6
COKE COUNTY,081,2 Years,37,20,17,24,13,11,0,0,0,0,0,0,2,1,1,11,6,5
COKE COUNTY,081,3 Years,37,22,15,27,15,12,0,0,0,0,0,0,0,0,0,10,7,3
COKE COUNTY,081,4 Years,36,20,16,27,15,12,0,0,0,0,0,0,0,0,0,9,5,4
COKE COUNTY,081,5 Years,39,22,17,28,15,13,0,0,0,0,0,0,0,0,0,11,7,4
COKE COUNTY,081,6 Years,42,25,17,28,16,12,0,0,0,0,0,0,1,0,1,13,9,4
COKE COUNTY,081,7 Years,42,23,19,29,16,13,0,0,0,0,0,0,1,0,1,12,7,5
COKE COUNTY,081,8 Years,43,24,19,32,19,13,0,0,0,0,0,0,1,0,1,10,5,5
COKE COUNTY,081,9 Years,41,21,20,31,18,13,0,0,0,0,0,0,1,0,1,9,3,6
COKE COUNTY,081,10 Years,40,21,19,27,16,11,0,0,0,0,0,0,1,0,1,12,5,7
COKE COUNTY,081,11 Years,41,19,22,26,14,12,0,0,0,0,0,0,1,0,1,14,5,9
COKE COUNTY,081,12 Years,43,23,20,26,11,15,0,0,0,0,0,0,3,2,1,14,10,4
COKE COUNTY,081,13 Years,37,16,21,26,8,18,0,0,0,0,0,0,2,1,1,9,7,2
COKE COUNTY,081,14 Years,39,16,23,28,11,17,0,0,0,0,0,0,0,0,0,11,5,6
COKE COUNTY,081,15 Years,41,17,24,27,12,15,0,0,0,0,0,0,3,0,3,11,5,6
COKE COUNTY,081,16 Years,40,18,22,28,14,14,0,0,0,0,0,0,1,0,1,11,4,7
COKE COUNTY,081,17 Years,34,17,17,22,11,11,0,0,0,0,0,0,0,0,0,12,6,6
COKE COUNTY,081,18 Years,24,11,13,15,7,8,0,0,0,0,0,0,0,0,0,9,4,5
COKE COUNTY,081,19 Years,29,11,18,19,7,12,0,0,0,0,0,0,1,1,0,9,3,6
COKE COUNTY,081,20 Years,35,17,18,23,11,12,0,0,0,0,0,0,2,1,1,10,5,5
COKE COUNTY,081,21 Years,42,22,20,29,14,15,0,0,0,0,0,0,1,1,0,12,7,5
COKE COUNTY,081,22 Years,40,20,20,28,13,15,0,0,0,0,0,0,0,0,0,12,7,5
COKE COUNTY,081,23 Years,34,15,19,26,11,15,0,0,0,0,0,0,0,0,0,8,4,4
COKE COUNTY,081,24 Years,32,13,19,24,8,16,0,0,0,0,0,0,1,1,0,7,4,3
COKE COUNTY,081,25 Years,34,14,20,23,9,14,0,0,0,0,0,0,1,0,1,10,5,5
COKE COUNTY,081,26 Years,35,16,19,24,11,13,0,0,0,0,0,0,2,1,1,9,4,5
COKE COUNTY,081,27 Years,37,17,20,25,10,15,0,0,0,0,0,0,1,1,0,11,6,5
COKE COUNTY,081,28 Years,35,17,18,27,12,15,0,0,0,0,0,0,1,0,1,7,5,2
COKE COUNTY,081,29 Years,43,22,21,30,15,15,0,0,0,0,0,0,4,2,2,9,5,4
COKE COUNTY,081,30 Years,37,23,14,26,15,11,0,0,0,0,0,0,2,2,0,9,6,3
COKE COUNTY,081,31 Years,28,16,12,20,11,9,0,0,0,0,0,0,1,1,0,7,4,3
COKE COUNTY,081,32 Years,27,14,13,20,9,11,0,0,0,0,0,0,1,1,0,6,4,2
COKE COUNTY,081,33 Years,39,18,21,29,12,17,1,1,0,0,0,0,0,0,0,9,5,4
COKE COUNTY,081,34 Years,34,18,16,25,13,12,1,1,0,0,0,0,0,0,0,8,4,4
COKE COUNTY,081,35 Years,30,16,14,19,10,9,0,0,0,1,0,1,0,0,0,10,6,4
COKE COUNTY,081,36 Years,35,17,18,25,12,13,0,0,0,1,0,1,0,0,0,9,5,4
COKE COUNTY,081,37 Years,40,21,19,29,13,16,0,0,0,0,0,0,2,2,0,9,6,3
COKE COUNTY,081,38 Years,44,24,20,33,16,17,0,0,0,0,0,0,0,0,0,11,8,3
COKE COUNTY,081,39 Years,33,16,17,26,12,14,0,0,0,0,0,0,0,0,0,7,4,3
COKE COUNTY,081,40 Years,29,11,18,25,10,15,0,0,0,0,0,0,0,0,0,4,1,3
COKE COUNTY,081,41 Years,35,16,19,24,10,14,0,0,0,0,0,0,1,0,1,10,6,4
COKE COUNTY,081,42 Years,35,16,19,22,8,14,0,0,0,0,0,0,1,0,1,12,8,4
COKE COUNTY,081,43 Years,34,14,20,24,10,14,0,0,0,0,0,0,0,0,0,10,4,6
COKE COUNTY,081,44 Years,34,18,16,24,12,12,1,1,0,0,0,0,0,0,0,9,5,4
COKE COUNTY,081,45 Years,31,17,14,23,12,11,0,0,0,0,0,0,0,0,0,8,5,3
COKE COUNTY,081,46 Years,33,18,15,21,12,9,0,0,0,1,0,1,1,1,0,10,5,5
COKE COUNTY,081,47 Years,34,20,14,23,14,9,0,0,0,0,0,0,1,1,0,10,5,5
COKE COUNTY,081,48 Years,27,13,14,20,10,10,0,0,0,0,0,0,1,1,0,6,2,4
COKE COUNTY,081,49 Years,26,14,12,20,11,9,0,0,0,0,0,0,0,0,0,6,3,3
COKE COUNTY,081,50 Years,26,11,15,22,9,13,0,0,0,0,0,0,0,0,0,4,2,2
COKE COUNTY,081,51 Years,26,11,15,20,8,12,0,0,0,0,0,0,0,0,0,6,3,3
COKE COUNTY,081,52 Years,30,13,17,23,10,13,0,0,0,0,0,0,0,0,0,7,3,4
COKE COUNTY,081,53 Years,36,18,18,28,14,14,0,0,0,0,0,0,0,0,0,8,4,4
COKE COUNTY,081,54 Years,33,17,16,23,12,11,0,0,0,0,0,0,0,0,0,10,5,5
COKE COUNTY,081,55 Years,34,18,16,25,13,12,0,0,0,0,0,0,0,0,0,9,5,4
COKE COUNTY,081,56 Years,32,15,17,22,10,12,0,0,0,0,0,0,0,0,0,10,5,5
COKE COUNTY,081,57 Years,47,18,29,37,13,24,0,0,0,0,0,0,0,0,0,10,5,5
COKE COUNTY,081,58 Years,48,23,25,40,19,21,0,0,0,0,0,0,0,0,0,8,4,4
COKE COUNTY,081,59 Years,45,24,21,37,19,18,0,0,0,0,0,0,0,0,0,8,5,3
COKE COUNTY,081,60 Years,48,25,23,40,20,20,0,0,0,0,0,0,1,1,0,7,4,3
COKE COUNTY,081,61 Years,51,26,25,44,23,21,0,0,0,0,0,0,1,1,0,6,2,4
COKE COUNTY,081,62 Years,45,21,24,35,17,18,0,0,0,0,0,0,1,1,0,9,3,6
COKE COUNTY,081,63 Years,46,23,23,36,19,17,0,0,0,0,0,0,1,1,0,9,3,6
COKE COUNTY,081,64 Years,48,25,23,39,21,18,0,0,0,0,0,0,2,2,0,7,2,5
COKE COUNTY,081,65 Years,49,26,23,41,23,18,0,0,0,0,0,0,1,1,0,7,2,5
COKE COUNTY,081,66 Years,46,25,21,40,21,19,0,0,0,0,0,0,0,0,0,6,4,2
COKE COUNTY,081,67 Years,44,26,18,40,23,17,0,0,0,0,0,0,0,0,0,4,3,1
COKE COUNTY,081,68 Years,55,28,27,45,23,22,0,0,0,0,0,0,1,1,0,9,4,5
COKE COUNTY,081,69 Years,53,26,27,45,22,23,0,0,0,0,0,0,1,1,0,7,3,4
COKE COUNTY,081,70 Years,48,23,25,43,20,23,0,0,0,0,0,0,0,0,0,5,3,2
COKE COUNTY,081,71 Years,46,22,24,44,20,24,0,0,0,0,0,0,0,0,0,2,2,0
COKE COUNTY,081,72 Years,44,21,23,41,19,22,0,0,0,0,0,0,0,0,0,3,2,1
COKE COUNTY,081,73 Years,47,24,23,41,20,21,0,0,0,0,0,0,1,1,0,5,3,2
COKE COUNTY,081,74 Years,46,23,23,41,20,21,0,0,0,0,0,0,1,1,0,4,2,2
COKE COUNTY,081,75 Years,42,20,22,36,18,18,0,0,0,0,0,0,1,0,1,5,2,3
COKE COUNTY,081,76 Years,32,14,18,27,12,15,0,0,0,0,0,0,2,1,1,3,1,2
COKE COUNTY,081,77 Years,32,15,17,28,13,15,0,0,0,0,0,0,2,1,1,2,1,1
COKE COUNTY,081,78 Years,37,18,19,32,16,16,0,0,0,0,0,0,2,1,1,3,1,2
COKE COUNTY,081,79 Years,35,14,21,30,14,16,0,0,0,0,0,0,1,0,1,4,0,4
COKE COUNTY,081,80 Years,30,13,17,26,12,14,0,0,0,0,0,0,1,0,1,3,1,2
COKE COUNTY,081,81 Years,28,12,16,26,11,15,0,0,0,0,0,0,1,0,1,1,1,0
COKE COUNTY,081,82 Years,29,15,14,27,14,13,0,0,0,0,0,0,0,0,0,2,1,1
COKE COUNTY,081,83 Years,26,16,10,26,16,10,0,0,0,0,0,0,0,0,0,0,0,0
COKE COUNTY,081,84 Years,21,9,12,20,8,12,0,0,0,0,0,0,0,0,0,1,1,0
COKE COUNTY,081,85 Years,21,12,9,19,10,9,0,0,0,0,0,0,0,0,0,2,2,0
COKE COUNTY,081,86 Years,20,10,10,18,9,9,0,0,0,0,0,0,1,1,0,1,0,1
COKE COUNTY,081,87 Years,15,7,8,13,6,7,0,0,0,0,0,0,0,0,0,2,1,1
COKE COUNTY,081,88 Years,10,4,6,9,4,5,0,0,0,0,0,0,0,0,0,1,0,1
COKE COUNTY,081,89 Years,6,3,3,6,3,3,0,0,0,0,0,0,0,0,0,0,0,0
COKE COUNTY,081,90 Years,7,2,5,7,2,5,0,0,0,0,0,0,0,0,0,0,0,0
COKE COUNTY,081,91 Years,7,2,5,7,2,5,0,0,0,0,0,0,0,0,0,0,0,0
COKE COUNTY,081,92 Years,8,2,6,8,2,6,0,0,0,0,0,0,0,0,0,0,0,0
COKE COUNTY,081,93 Years,5,1,4,5,1,4,0,0,0,0,0,0,0,0,0,0,0,0
COKE COUNTY,081,94 Years,4,1,3,4,1,3,0,0,0,0,0,0,0,0,0,0,0,0
COKE COUNTY,081,95 Years +,8,2,6,8,2,6,0,0,0,0,0,0,0,0,0,0,0,0
COLEMAN COUNTY,083,All Ages,7857,3976,3881,5802,2908,2894,216,121,95,29,12,17,212,101,111,1598,834,764
COLEMAN COUNTY,083,< 1 Year,77,38,39,45,24,21,1,0,1,1,0,1,4,1,3,26,13,13
COLEMAN COUNTY,083,1 Years,78,40,38,43,22,21,2,1,1,1,1,0,4,2,2,28,14,14
COLEMAN COUNTY,083,2 Years,81,42,39,45,23,22,2,1,1,1,1,0,3,1,2,30,16,14
COLEMAN COUNTY,083,3 Years,88,46,42,50,24,26,1,1,0,0,0,0,4,2,2,33,19,14
COLEMAN COUNTY,083,4 Years,88,45,43,52,24,28,3,2,1,0,0,0,2,1,1,31,18,13
COLEMAN COUNTY,083,5 Years,87,50,37,53,28,25,2,1,1,0,0,0,1,0,1,31,21,10
COLEMAN COUNTY,083,6 Years,85,50,35,54,29,25,2,1,1,0,0,0,3,2,1,26,18,8
COLEMAN COUNTY,083,7 Years,81,45,36,53,31,22,3,1,2,0,0,0,3,2,1,22,11,11
COLEMAN COUNTY,083,8 Years,78,40,38,50,27,23,3,2,1,2,1,1,4,2,2,19,8,11
COLEMAN COUNTY,083,9 Years,84,42,42,54,29,25,3,2,1,1,1,0,5,1,4,21,9,12
COLEMAN COUNTY,083,10 Years,92,43,49,58,26,32,2,2,0,1,1,0,5,2,3,26,12,14
COLEMAN COUNTY,083,11 Years,96,47,49,63,30,33,1,0,1,1,1,0,4,2,2,27,14,13
COLEMAN COUNTY,083,12 Years,99,51,48,67,31,36,2,1,1,1,1,0,1,1,0,28,17,11
COLEMAN COUNTY,083,13 Years,92,44,48,59,27,32,5,2,3,0,0,0,2,0,2,26,15,11
COLEMAN COUNTY,083,14 Years,92,49,43,59,31,28,3,2,1,0,0,0,3,1,2,27,15,12
COLEMAN COUNTY,083,15 Years,104,52,52,59,29,30,3,2,1,0,0,0,5,2,3,37,19,18
COLEMAN COUNTY,083,16 Years,90,45,45,50,25,25,3,1,2,2,1,1,5,3,2,30,15,15
COLEMAN COUNTY,083,17 Years,93,49,44,57,30,27,4,2,2,1,0,1,4,3,1,27,14,13
COLEMAN COUNTY,083,18 Years,88,48,40,58,29,29,2,2,0,0,0,0,3,2,1,25,15,10
COLEMAN COUNTY,083,19 Years,87,45,42,59,30,29,2,0,2,0,0,0,2,1,1,24,14,10
COLEMAN COUNTY,083,20 Years,83,42,41,56,30,26,2,0,2,0,0,0,1,1,0,24,11,13
COLEMAN COUNTY,083,21 Years,81,43,38,58,31,27,0,0,0,0,0,0,0,0,0,23,12,11
COLEMAN COUNTY,083,22 Years,77,42,35,50,29,21,4,1,3,0,0,0,2,1,1,21,11,10
COLEMAN COUNTY,083,23 Years,77,44,33,49,30,19,5,1,4,0,0,0,2,2,0,21,11,10
COLEMAN COUNTY,083,24 Years,70,39,31,46,26,20,1,0,1,1,1,0,2,2,0,20,10,10
COLEMAN COUNTY,083,25 Years,67,36,31,42,21,21,3,3,0,1,1,0,3,3,0,18,8,10
COLEMAN COUNTY,083,26 Years,70,38,32,46,24,22,3,3,0,0,0,0,3,3,0,18,8,10
COLEMAN COUNTY,083,27 Years,62,35,27,42,24,18,1,1,0,0,0,0,2,2,0,17,8,9
COLEMAN COUNTY,083,28 Years,67,38,29,45,25,20,3,2,1,0,0,0,1,1,0,18,10,8
COLEMAN COUNTY,083,29 Years,77,42,35,50,27,23,4,3,1,0,0,0,4,0,4,19,12,7
COLEMAN COUNTY,083,30 Years,76,37,39,50,25,25,3,2,1,0,0,0,1,0,1,22,10,12
COLEMAN COUNTY,083,31 Years,71,38,33,47,24,23,4,3,1,1,0,1,0,0,0,19,11,8
COLEMAN COUNTY,083,32 Years,65,31,34,45,21,24,3,2,1,1,0,1,0,0,0,16,8,8
COLEMAN COUNTY,083,33 Years,65,32,33,45,25,20,1,0,1,1,0,1,1,0,1,17,7,10
COLEMAN COUNTY,083,34 Years,63,32,31,41,22,19,2,1,1,1,0,1,2,1,1,17,8,9
COLEMAN COUNTY,083,35 Years,64,29,35,43,18,25,3,1,2,2,0,2,2,1,1,14,9,5
COLEMAN COUNTY,083,36 Years,70,31,39,46,19,27,2,1,1,1,0,1,3,2,1,18,9,9
COLEMAN COUNTY,083,37 Years,63,31,32,45,22,23,0,0,0,2,1,1,2,2,0,14,6,8
COLEMAN COUNTY,083,38 Years,79,43,36,56,30,26,2,1,1,0,0,0,1,1,0,20,11,9
COLEMAN COUNTY,083,39 Years,84,43,41,57,29,28,2,1,1,1,0,1,0,0,0,24,13,11
COLEMAN COUNTY,083,40 Years,77,40,37,56,29,27,1,1,0,1,0,1,1,0,1,18,10,8
COLEMAN COUNTY,083,41 Years,75,39,36,55,29,26,2,1,1,0,0,0,1,0,1,17,9,8
COLEMAN COUNTY,083,42 Years,72,42,30,47,26,21,2,1,1,1,0,1,0,0,0,22,15,7
COLEMAN COUNTY,083,43 Years,77,42,35,52,27,25,1,1,0,1,0,1,0,0,0,23,14,9
COLEMAN COUNTY,083,44 Years,72,35,37,53,25,28,2,1,1,0,0,0,0,0,0,17,9,8
COLEMAN COUNTY,083,45 Years,78,33,45,59,26,33,1,0,1,0,0,0,2,0,2,16,7,9
COLEMAN COUNTY,083,46 Years,83,36,47,62,28,34,1,0,1,0,0,0,2,0,2,18,8,10
COLEMAN COUNTY,083,47 Years,87,39,48,63,30,33,2,1,1,0,0,0,1,0,1,21,8,13
COLEMAN COUNTY,083,48 Years,86,42,44,64,32,32,2,2,0,0,0,0,1,1,0,19,7,12
COLEMAN COUNTY,083,49 Years,84,39,45,60,29,31,2,2,0,0,0,0,2,1,1,20,7,13
COLEMAN COUNTY,083,50 Years,84,41,43,59,28,31,3,3,0,0,0,0,1,0,1,21,10,11
COLEMAN COUNTY,083,51 Years,92,45,47,66,32,34,4,2,2,0,0,0,2,1,1,20,10,10
COLEMAN COUNTY,083,52 Years,92,49,43,70,36,34,2,1,1,0,0,0,3,2,1,17,10,7
COLEMAN COUNTY,083,53 Years,94,53,41,73,41,32,2,1,1,0,0,0,1,0,1,18,11,7
COLEMAN COUNTY,083,54 Years,96,53,43,73,41,32,3,1,2,1,1,0,2,0,2,17,10,7
COLEMAN COUNTY,083,55 Years,92,53,39,72,42,30,2,1,1,0,0,0,4,0,4,14,10,4
COLEMAN COUNTY,083,56 Years,88,50,38,68,38,30,5,3,2,0,0,0,1,0,1,14,9,5
COLEMAN COUNTY,083,57 Years,91,51,40,69,38,31,6,4,2,0,0,0,1,0,1,15,9,6
COLEMAN COUNTY,083,58 Years,116,57,59,91,44,47,5,2,3,0,0,0,2,1,1,18,10,8
COLEMAN COUNTY,083,59 Years,118,54,64,95,44,51,4,1,3,0,0,0,3,1,2,16,8,8
COLEMAN COUNTY,083,60 Years,121,55,66,99,47,52,4,1,3,0,0,0,4,1,3,14,6,8
COLEMAN COUNTY,083,61 Years,128,59,69,99,46,53,3,1,2,0,0,0,4,2,2,22,10,12
COLEMAN COUNTY,083,62 Years,137,69,68,114,57,57,3,3,0,0,0,0,3,1,2,17,8,9
COLEMAN COUNTY,083,63 Years,142,70,72,122,59,63,3,2,1,0,0,0,4,1,3,13,8,5
COLEMAN COUNTY,083,64 Years,138,65,73,114,53,61,3,0,3,0,0,0,8,3,5,13,9,4
COLEMAN COUNTY,083,65 Years,126,60,66,103,48,55,3,0,3,0,0,0,7,4,3,13,8,5
COLEMAN COUNTY,083,66 Years,142,74,68,122,61,61,6,4,2,0,0,0,3,3,0,11,6,5
COLEMAN COUNTY,083,67 Years,149,76,73,128,67,61,5,3,2,0,0,0,5,2,3,11,4,7
COLEMAN COUNTY,083,68 Years,136,76,60,118,66,52,5,3,2,0,0,0,5,5,0,8,2,6
COLEMAN COUNTY,083,69 Years,118,63,55,104,54,50,3,2,1,0,0,0,3,3,0,8,4,4
COLEMAN COUNTY,083,70 Years,112,54,58,97,46,51,2,1,1,0,0,0,2,1,1,11,6,5
COLEMAN COUNTY,083,71 Years,114,57,57,99,48,51,4,4,0,0,0,0,2,0,2,9,5,4
COLEMAN COUNTY,083,72 Years,120,57,63,102,47,55,2,2,0,0,0,0,3,1,2,13,7,6
COLEMAN COUNTY,083,73 Years,121,55,66,101,47,54,3,1,2,0,0,0,3,1,2,14,6,8
COLEMAN COUNTY,083,74 Years,124,58,66,104,48,56,1,1,0,1,0,1,2,1,1,16,8,8
COLEMAN COUNTY,083,75 Years,114,52,62,96,44,52,1,0,1,0,0,0,3,1,2,14,7,7
COLEMAN COUNTY,083,76 Years,93,47,46,78,40,38,1,1,0,0,0,0,3,1,2,11,5,6
COLEMAN COUNTY,083,77 Years,91,43,48,74,35,39,2,2,0,0,0,0,2,1,1,13,5,8
COLEMAN COUNTY,083,78 Years,81,36,45,67,30,37,2,1,1,0,0,0,2,1,1,10,4,6
COLEMAN COUNTY,083,79 Years,72,37,35,60,32,28,2,1,1,0,0,0,2,1,1,8,3,5
COLEMAN COUNTY,083,80 Years,70,36,34,57,31,26,2,1,1,0,0,0,2,1,1,9,3,6
COLEMAN COUNTY,083,81 Years,63,34,29,51,26,25,2,2,0,0,0,0,1,1,0,9,5,4
COLEMAN COUNTY,083,82 Years,58,26,32,48,22,26,1,0,1,0,0,0,2,1,1,7,3,4
COLEMAN COUNTY,083,83 Years,48,21,27,41,18,23,1,1,0,0,0,0,0,0,0,6,2,4
COLEMAN COUNTY,083,84 Years,46,25,21,41,21,20,1,1,0,0,0,0,0,0,0,4,3,1
COLEMAN COUNTY,083,85 Years,43,22,21,37,19,18,0,0,0,0,0,0,3,1,2,3,2,1
COLEMAN COUNTY,083,86 Years,38,20,18,33,17,16,0,0,0,0,0,0,1,1,0,4,2,2
COLEMAN COUNTY,083,87 Years,36,19,17,31,16,15,0,0,0,0,0,0,1,1,0,4,2,2
COLEMAN COUNTY,083,88 Years,26,13,13,21,11,10,0,0,0,0,0,0,2,1,1,3,1,2
COLEMAN COUNTY,083,89 Years,20,10,10,16,8,8,0,0,0,0,0,0,1,0,1,3,2,1
COLEMAN COUNTY,083,90 Years,17,8,9,16,7,9,0,0,0,0,0,0,0,0,0,1,1,0
COLEMAN COUNTY,083,91 Years,17,7,10,13,4,9,1,1,0,0,0,0,0,0,0,3,2,1
COLEMAN COUNTY,083,92 Years,14,6,8,11,4,7,1,1,0,0,0,0,0,0,0,2,1,1
COLEMAN COUNTY,083,93 Years,11,5,6,9,4,5,0,0,0,0,0,0,0,0,0,2,1,1
COLEMAN COUNTY,083,94 Years,8,3,5,7,3,4,0,0,0,0,0,0,0,0,0,1,0,1
COLEMAN COUNTY,083,95 Years +,18,8,10,15,6,9,0,0,0,0,0,0,0,0,0,3,2,1
COLLIN COUNTY,085,All Ages,1193092,589167,603925,651656,322048,329608,120478,57066,63412,186009,92695,93314,42955,21352,21603,191994,96006,95988
COLLIN COUNTY,085,< 1 Year,14155,7238,6917,5269,2684,2585,1618,826,792,1928,987,941,1979,1017,962,3361,1724,1637
COLLIN COUNTY,085,1 Years,12751,6495,6256,5189,2645,2544,1589,809,780,1627,827,800,917,466,451,3429,1748,1681
COLLIN COUNTY,085,2 Years,12582,6415,6167,5149,2624,2525,1563,797,766,1594,814,780,901,460,441,3375,1720,1655
COLLIN COUNTY,085,3 Years,12998,6662,6336,5732,2931,2801,1460,742,718,1808,941,867,979,516,463,3019,1532,1487
COLLIN COUNTY,085,4 Years,13356,6852,6504,5977,3056,2921,1445,741,704,1972,1020,952,1016,535,481,2946,1500,1446
COLLIN COUNTY,085,5 Years,13569,6941,6628,6098,3113,2985,1444,742,702,2046,1041,1005,1012,525,487,2969,1520,1449
COLLIN COUNTY,085,6 Years,14007,7137,6870,6379,3238,3141,1460,748,712,2157,1091,1066,1001,515,486,3010,1545,1465
COLLIN COUNTY,085,7 Years,14590,7415,7175,6725,3399,3326,1516,767,749,2288,1172,1116,994,512,482,3067,1565,1502
COLLIN COUNTY,085,8 Years,16364,8296,8068,7544,3834,3710,1654,853,801,2827,1420,1407,1084,549,535,3255,1640,1615
COLLIN COUNTY,085,9 Years,16899,8575,8324,7824,3997,3827,1709,886,823,2962,1482,1480,1093,552,541,3311,1658,1653
COLLIN COUNTY,085,10 Years,16900,8592,8308,7869,4033,3836,1731,890,841,2916,1465,1451,1065,541,524,3319,1663,1656
COLLIN COUNTY,085,11 Years,17135,8767,8368,7994,4112,3882,1782,916,866,2948,1489,1459,1043,536,507,3368,1714,1654
COLLIN COUNTY,085,12 Years,16264,8244,8020,7574,3871,3703,1732,857,875,2768,1376,1392,943,487,456,3247,1653,1594
COLLIN COUNTY,085,13 Years,16801,8525,8276,7739,3974,3765,1731,839,892,2803,1430,1373,1000,494,506,3528,1788,1740
COLLIN COUNTY,085,14 Years,17691,8951,8740,8208,4184,4024,1847,919,928,2957,1491,1466,1016,504,512,3663,1853,1810
COLLIN COUNTY,085,15 Years,17962,9147,8815,8524,4346,4178,1933,984,949,2876,1477,1399,1003,497,506,3626,1843,1783
COLLIN COUNTY,085,16 Years,18191,9288,8903,8881,4573,4308,1984,1004,980,2824,1442,1382,957,482,475,3545,1787,1758
COLLIN COUNTY,085,17 Years,18477,9453,9024,9234,4763,4471,2050,1018,1032,2775,1405,1370,891,468,423,3527,1799,1728
COLLIN COUNTY,085,18 Years,17260,8956,8304,8423,4396,4027,1841,941,900,2599,1317,1282,865,467,398,3532,1835,1697
COLLIN COUNTY,085,19 Years,16658,8675,7983,8172,4295,3877,1738,924,814,2485,1264,1221,842,439,403,3421,1753,1668
COLLIN COUNTY,085,20 Years,16787,8660,8127,8418,4379,4039,1766,937,829,2515,1292,1223,796,396,400,3292,1656,1636
COLLIN COUNTY,085,21 Years,16602,8564,8038,8431,4422,4009,1799,926,873,2458,1263,1195,710,348,362,3204,1605,1599
COLLIN COUNTY,085,22 Years,15862,8120,7742,8069,4189,3880,1781,886,895,2313,1193,1120,660,319,341,3039,1533,1506
COLLIN COUNTY,085,23 Years,14474,7393,7081,7495,3879,3616,1646,804,842,1901,966,935,572,278,294,2860,1466,1394
COLLIN COUNTY,085,24 Years,13958,7161,6797,7176,3711,3465,1629,840,789,1822,892,930,546,279,267,2785,1439,1346
COLLIN COUNTY,085,25 Years,13948,7003,6945,7012,3526,3486,1597,790,807,2040,985,1055,583,312,271,2716,1390,1326
COLLIN COUNTY,085,26 Years,14421,7202,7219,7271,3672,3599,1559,766,793,2301,1111,1190,600,288,312,2690,1365,1325
COLLIN COUNTY,085,27 Years,14910,7481,7429,7472,3808,3664,1622,821,801,2469,1202,1267,635,295,340,2712,1355,1357
COLLIN COUNTY,085,28 Years,15910,7983,7927,8248,4198,4050,1837,916,921,2487,1199,1288,586,296,290,2752,1374,1378
COLLIN COUNTY,085,29 Years,16075,8000,8075,8382,4195,4187,1928,944,984,2491,1203,1288,554,280,274,2720,1378,1342
COLLIN COUNTY,085,30 Years,15521,7810,7711,7930,4009,3921,1897,923,974,2456,1223,1233,534,247,287,2704,1408,1296
COLLIN COUNTY,085,31 Years,14331,7269,7062,7020,3593,3427,1770,843,927,2341,1173,1168,476,234,242,2724,1426,1298
COLLIN COUNTY,085,32 Years,13571,6766,6805,6535,3308,3227,1620,770,850,2200,1049,1151,433,215,218,2783,1424,1359
COLLIN COUNTY,085,33 Years,15068,7639,7429,7291,3690,3601,1816,856,960,2782,1448,1334,473,241,232,2706,1404,1302
COLLIN COUNTY,085,34 Years,15829,7837,7992,7637,3769,3868,1814,833,981,3128,1584,1544,494,231,263,2756,1420,1336
COLLIN COUNTY,085,35 Years,16359,7989,8370,7994,3882,4112,1873,873,1000,3213,1552,1661,492,215,277,2787,1467,1320
COLLIN COUNTY,085,36 Years,17142,8309,8833,8659,4211,4448,1898,862,1036,3223,1525,1698,477,225,252,2885,1486,1399
COLLIN COUNTY,085,37 Years,17837,8632,9205,9087,4444,4643,1927,846,1081,3402,1624,1778,470,218,252,2951,1500,1451
COLLIN COUNTY,085,38 Years,17682,8580,9102,8762,4292,4470,1846,830,1016,3776,1818,1958,480,221,259,2818,1419,1399
COLLIN COUNTY,085,39 Years,18430,8991,9439,8932,4391,4541,2011,898,1113,4066,2015,2051,492,236,256,2929,1451,1478
COLLIN COUNTY,085,40 Years,19097,9248,9849,9275,4508,4767,2048,910,1138,4211,2071,2140,473,222,251,3090,1537,1553
COLLIN COUNTY,085,41 Years,19182,9324,9858,9496,4641,4855,2109,908,1201,4053,2005,2048,455,222,233,3069,1548,1521
COLLIN COUNTY,085,42 Years,19459,9524,9935,9745,4808,4937,2252,962,1290,3950,1997,1953,431,208,223,3081,1549,1532
COLLIN COUNTY,085,43 Years,18457,9036,9421,9045,4411,4634,2172,979,1193,3814,1945,1869,446,219,227,2980,1482,1498
COLLIN COUNTY,085,44 Years,18252,8958,9294,9041,4496,4545,2035,899,1136,3712,1849,1863,460,216,244,3004,1498,1506
COLLIN COUNTY,085,45 Years,18400,8979,9421,9208,4551,4657,2021,920,1101,3661,1798,1863,446,213,233,3064,1497,1567
COLLIN COUNTY,085,46 Years,18394,8940,9454,9191,4564,4627,2091,943,1148,3665,1793,1872,411,189,222,3036,1451,1585
COLLIN COUNTY,085,47 Years,18745,9167,9578,9508,4700,4808,2192,994,1198,3667,1840,1827,432,198,234,2946,1435,1511
COLLIN COUNTY,085,48 Years,18097,8978,9119,9299,4637,4662,2029,925,1104,3440,1763,1677,398,190,208,2931,1463,1468
COLLIN COUNTY,085,49 Years,17944,8974,8970,9403,4738,4665,1926,881,1045,3362,1730,1632,386,183,203,2867,1442,1425
COLLIN COUNTY,085,50 Years,18448,9249,9199,10118,5168,4950,1916,894,1022,3308,1677,1631,389,180,209,2717,1330,1387
COLLIN COUNTY,085,51 Years,19076,9507,9569,10949,5564,5385,1990,909,1081,3118,1587,1531,406,192,214,2613,1255,1358
COLLIN COUNTY,085,52 Years,18673,9339,9334,10905,5484,5421,1883,892,991,2965,1548,1417,404,194,210,2516,1221,1295
COLLIN COUNTY,085,53 Years,17245,8699,8546,10254,5166,5088,1679,802,877,2633,1401,1232,393,197,196,2286,1133,1153
COLLIN COUNTY,085,54 Years,16053,8054,7999,9673,4876,4797,1564,718,846,2341,1244,1097,352,175,177,2123,1041,1082
COLLIN COUNTY,085,55 Years,15220,7635,7585,9316,4706,4610,1485,670,815,2073,1110,963,318,147,171,2028,1002,1026
COLLIN COUNTY,085,56 Years,14886,7428,7458,9186,4560,4626,1434,671,763,2004,1078,926,310,139,171,1952,980,972
COLLIN COUNTY,085,57 Years,15219,7514,7705,9635,4736,4899,1443,663,780,1955,1042,913,312,148,164,1874,925,949
COLLIN COUNTY,085,58 Years,15198,7530,7668,9876,4931,4945,1324,592,732,1885,968,917,322,155,167,1791,884,907
COLLIN COUNTY,085,59 Years,14977,7387,7590,9944,4950,4994,1259,585,674,1805,895,910,309,157,152,1660,800,860
COLLIN COUNTY,085,60 Years,14439,7147,7292,9789,4882,4907,1212,563,649,1593,801,792,294,149,145,1551,752,799
COLLIN COUNTY,085,61 Years,13875,6882,6993,9566,4787,4779,1150,535,615,1455,739,716,281,134,147,1423,687,736
COLLIN COUNTY,085,62 Years,13233,6598,6635,9244,4640,4604,1065,504,561,1370,678,692,251,125,126,1303,651,652
COLLIN COUNTY,085,63 Years,12372,6177,6195,8643,4389,4254,1008,475,533,1293,606,687,220,112,108,1208,595,613
COLLIN COUNTY,085,64 Years,11576,5666,5910,8149,4021,4128,923,421,502,1205,571,634,204,110,94,1095,543,552
COLLIN COUNTY,085,65 Years,11116,5382,5734,7858,3862,3996,872,371,501,1200,551,649,191,98,93,995,500,495
COLLIN COUNTY,085,66 Years,10503,5033,5470,7436,3611,3825,824,370,454,1162,526,636,186,94,92,895,432,463
COLLIN COUNTY,085,67 Years,9993,4720,5273,7140,3387,3753,725,334,391,1088,496,592,183,94,89,857,409,448
COLLIN COUNTY,085,68 Years,9347,4308,5039,6750,3125,3625,659,294,365,1009,458,551,176,90,86,753,341,412
COLLIN COUNTY,085,69 Years,8827,4033,4794,6362,2948,3414,620,256,364,1005,451,554,152,79,73,688,299,389
COLLIN COUNTY,085,70 Years,8276,3712,4564,6041,2755,3286,553,209,344,936,415,521,124,64,60,622,269,353
COLLIN COUNTY,085,71 Years,7756,3432,4324,5652,2520,3132,537,205,332,880,398,482,120,61,59,567,248,319
COLLIN COUNTY,085,72 Years,7435,3282,4153,5389,2388,3001,496,204,292,867,376,491,126,61,65,557,253,304
COLLIN COUNTY,085,73 Years,7357,3234,4123,5506,2451,3055,463,173,290,776,342,434,114,52,62,498,216,282
COLLIN COUNTY,085,74 Years,7273,3185,4088,5602,2493,3109,436,157,279,700,313,387,101,48,53,434,174,260
COLLIN COUNTY,085,75 Years,7142,3142,4000,5592,2504,3088,393,154,239,662,285,377,98,42,56,397,157,240
COLLIN COUNTY,085,76 Years,6014,2658,3356,4671,2102,2569,333,139,194,560,242,318,79,33,46,371,142,229
COLLIN COUNTY,085,77 Years,5130,2273,2857,3972,1783,2189,270,102,168,490,231,259,68,30,38,330,127,203
COLLIN COUNTY,085,78 Years,4942,2153,2789,3914,1718,2196,238,88,150,425,198,227,56,24,32,309,125,184
COLLIN COUNTY,085,79 Years,4756,2082,2674,3807,1686,2121,214,80,134,386,170,216,58,28,30,291,118,173
COLLIN COUNTY,085,80 Years,4275,1870,2405,3419,1519,1900,184,69,115,361,157,204,52,25,27,259,100,159
COLLIN COUNTY,085,81 Years,3678,1561,2117,2923,1250,1673,163,57,106,322,140,182,43,21,22,227,93,134
COLLIN COUNTY,085,82 Years,3243,1363,1880,2571,1081,1490,140,46,94,307,140,167,34,16,18,191,80,111
COLLIN COUNTY,085,83 Years,2972,1245,1727,2386,1006,1380,102,33,69,287,132,155,33,14,19,164,60,104
COLLIN COUNTY,085,84 Years,2655,1100,1555,2130,893,1237,91,25,66,240,111,129,33,14,19,161,57,104
COLLIN COUNTY,085,85 Years,2269,936,1333,1818,760,1058,75,22,53,209,92,117,28,12,16,139,50,89
COLLIN COUNTY,085,86 Years,2026,820,1206,1617,663,954,71,18,53,198,90,108,25,10,15,115,39,76
COLLIN COUNTY,085,87 Years,1772,691,1081,1407,546,861,63,17,46,169,79,90,20,7,13,113,42,71
COLLIN COUNTY,085,88 Years,1670,652,1018,1335,522,813,62,14,48,146,69,77,16,5,11,111,42,69
COLLIN COUNTY,085,89 Years,1446,562,884,1180,460,720,46,9,37,123,58,65,13,4,9,84,31,53
COLLIN COUNTY,085,90 Years,1177,448,729,961,371,590,42,11,31,95,42,53,13,4,9,66,20,46
COLLIN COUNTY,085,91 Years,1007,363,644,831,303,528,29,5,24,77,34,43,13,4,9,57,17,40
COLLIN COUNTY,085,92 Years,818,281,537,674,231,443,20,5,15,64,28,36,10,2,8,50,15,35
COLLIN COUNTY,085,93 Years,628,207,421,517,171,346,21,4,17,45,19,26,7,2,5,38,11,27
COLLIN COUNTY,085,94 Years,484,148,336,394,122,272,15,3,12,38,14,24,6,1,5,31,8,23
COLLIN COUNTY,085,95 Years +,1261,338,923,1018,267,751,48,10,38,100,34,66,10,3,7,85,24,61
COLLINGSWORTH COUNTY,087,All Ages,2581,1254,1327,1476,712,764,106,50,56,1,0,1,74,31,43,924,461,463
COLLINGSWORTH COUNTY,087,< 1 Year,30,14,16,14,7,7,1,0,1,0,0,0,1,0,1,14,7,7
COLLINGSWORTH COUNTY,087,1 Years,33,16,17,14,7,7,1,0,1,0,0,0,2,1,1,16,8,8
COLLINGSWORTH COUNTY,087,2 Years,33,17,16,14,7,7,1,1,0,0,0,0,1,1,0,17,8,9
COLLINGSWORTH COUNTY,087,3 Years,36,17,19,17,8,9,2,1,1,0,0,0,1,0,1,16,8,8
COLLINGSWORTH COUNTY,087,4 Years,33,17,16,17,8,9,1,1,0,0,0,0,1,0,1,14,8,6
COLLINGSWORTH COUNTY,087,5 Years,34,16,18,17,6,11,1,1,0,0,0,0,1,0,1,15,9,6
COLLINGSWORTH COUNTY,087,6 Years,30,14,16,13,5,8,1,1,0,0,0,0,1,0,1,15,8,7
COLLINGSWORTH COUNTY,087,7 Years,32,14,18,13,6,7,3,1,2,0,0,0,1,0,1,15,7,8
COLLINGSWORTH COUNTY,087,8 Years,32,17,15,15,9,6,1,0,1,0,0,0,3,1,2,13,7,6
COLLINGSWORTH COUNTY,087,9 Years,34,17,17,15,9,6,1,0,1,0,0,0,1,0,1,17,8,9
COLLINGSWORTH COUNTY,087,10 Years,44,22,22,21,11,10,1,0,1,0,0,0,0,0,0,22,11,11
COLLINGSWORTH COUNTY,087,11 Years,50,28,22,21,12,9,1,0,1,0,0,0,2,1,1,26,15,11
COLLINGSWORTH COUNTY,087,12 Years,54,31,23,20,13,7,1,0,1,0,0,0,4,2,2,29,16,13
COLLINGSWORTH COUNTY,087,13 Years,45,22,23,18,10,8,1,1,0,0,0,0,4,1,3,22,10,12
COLLINGSWORTH COUNTY,087,14 Years,40,13,27,17,5,12,1,1,0,0,0,0,2,0,2,20,7,13
COLLINGSWORTH COUNTY,087,15 Years,40,21,19,21,10,11,1,1,0,0,0,0,0,0,0,18,10,8
COLLINGSWORTH COUNTY,087,16 Years,38,20,18,16,8,8,1,1,0,0,0,0,0,0,0,21,11,10
COLLINGSWORTH COUNTY,087,17 Years,36,17,19,12,6,6,3,1,2,0,0,0,0,0,0,21,10,11
COLLINGSWORTH COUNTY,087,18 Years,29,12,17,11,5,6,2,0,2,0,0,0,1,1,0,15,6,9
COLLINGSWORTH COUNTY,087,19 Years,28,14,14,12,6,6,1,0,1,0,0,0,1,1,0,14,7,7
COLLINGSWORTH COUNTY,087,20 Years,34,15,19,14,7,7,1,0,1,0,0,0,1,0,1,18,8,10
COLLINGSWORTH COUNTY,087,21 Years,32,14,18,10,5,5,1,0,1,0,0,0,1,0,1,20,9,11
COLLINGSWORTH COUNTY,087,22 Years,29,17,12,10,5,5,2,2,0,0,0,0,0,0,0,17,10,7
COLLINGSWORTH COUNTY,087,23 Years,25,14,11,11,5,6,2,1,1,0,0,0,0,0,0,12,8,4
COLLINGSWORTH COUNTY,087,24 Years,24,13,11,13,7,6,2,1,1,0,0,0,2,1,1,7,4,3
COLLINGSWORTH COUNTY,087,25 Years,28,14,14,14,7,7,2,1,1,0,0,0,2,1,1,10,5,5
COLLINGSWORTH COUNTY,087,26 Years,28,14,14,13,6,7,1,1,0,0,0,0,0,0,0,14,7,7
COLLINGSWORTH COUNTY,087,27 Years,25,14,11,12,7,5,1,1,0,0,0,0,0,0,0,12,6,6
COLLINGSWORTH COUNTY,087,28 Years,24,12,12,14,7,7,1,1,0,0,0,0,0,0,0,9,4,5
COLLINGSWORTH COUNTY,087,29 Years,27,13,14,15,7,8,2,1,1,0,0,0,1,1,0,9,4,5
COLLINGSWORTH COUNTY,087,30 Years,27,14,13,14,8,6,2,1,1,0,0,0,1,1,0,10,4,6
COLLINGSWORTH COUNTY,087,31 Years,21,10,11,9,5,4,3,1,2,0,0,0,0,0,0,9,4,5
COLLINGSWORTH COUNTY,087,32 Years,22,11,11,10,5,5,3,1,2,0,0,0,0,0,0,9,5,4
COLLINGSWORTH COUNTY,087,33 Years,24,12,12,11,5,6,1,0,1,0,0,0,1,0,1,11,7,4
COLLINGSWORTH COUNTY,087,34 Years,26,12,14,12,6,6,0,0,0,0,0,0,1,0,1,13,6,7
COLLINGSWORTH COUNTY,087,35 Years,27,13,14,14,7,7,1,0,1,0,0,0,1,0,1,11,6,5
COLLINGSWORTH COUNTY,087,36 Years,33,16,17,17,6,11,2,1,1,0,0,0,2,2,0,12,7,5
COLLINGSWORTH COUNTY,087,37 Years,38,18,20,20,9,11,3,2,1,0,0,0,1,1,0,14,6,8
COLLINGSWORTH COUNTY,087,38 Years,42,20,22,20,11,9,2,1,1,0,0,0,1,1,0,19,7,12
COLLINGSWORTH COUNTY,087,39 Years,41,18,23,21,9,12,1,1,0,0,0,0,1,0,1,18,8,10
COLLINGSWORTH COUNTY,087,40 Years,38,23,15,17,8,9,2,1,1,0,0,0,0,0,0,19,14,5
COLLINGSWORTH COUNTY,087,41 Years,36,22,14,16,8,8,1,1,0,1,0,1,0,0,0,18,13,5
COLLINGSWORTH COUNTY,087,42 Years,39,19,20,20,10,10,1,0,1,0,0,0,1,0,1,17,9,8
COLLINGSWORTH COUNTY,087,43 Years,27,12,15,14,7,7,0,0,0,0,0,0,1,0,1,12,5,7
COLLINGSWORTH COUNTY,087,44 Years,22,11,11,12,6,6,0,0,0,0,0,0,0,0,0,10,5,5
COLLINGSWORTH COUNTY,087,45 Years,23,11,12,14,8,6,1,0,1,0,0,0,0,0,0,8,3,5
COLLINGSWORTH COUNTY,087,46 Years,23,12,11,13,7,6,1,0,1,0,0,0,1,1,0,8,4,4
COLLINGSWORTH COUNTY,087,47 Years,25,12,13,13,8,5,1,0,1,0,0,0,1,1,0,10,3,7
COLLINGSWORTH COUNTY,087,48 Years,26,11,15,17,8,9,2,1,1,0,0,0,0,0,0,7,2,5
COLLINGSWORTH COUNTY,087,49 Years,28,14,14,20,10,10,2,1,1,0,0,0,0,0,0,6,3,3
COLLINGSWORTH COUNTY,087,50 Years,26,14,12,15,8,7,2,1,1,0,0,0,0,0,0,9,5,4
COLLINGSWORTH COUNTY,087,51 Years,26,12,14,14,5,9,1,1,0,0,0,0,1,1,0,10,5,5
COLLINGSWORTH COUNTY,087,52 Years,26,12,14,14,6,8,2,1,1,0,0,0,0,0,0,10,5,5
COLLINGSWORTH COUNTY,087,53 Years,27,15,12,18,8,10,2,2,0,0,0,0,0,0,0,7,5,2
COLLINGSWORTH COUNTY,087,54 Years,26,12,14,18,8,10,3,1,2,0,0,0,1,0,1,4,3,1
COLLINGSWORTH COUNTY,087,55 Years,30,15,15,19,10,9,2,0,2,0,0,0,1,0,1,8,5,3
COLLINGSWORTH COUNTY,087,56 Years,29,15,14,20,11,9,0,0,0,0,0,0,1,0,1,8,4,4
COLLINGSWORTH COUNTY,087,57 Years,34,17,17,21,11,10,1,1,0,0,0,0,0,0,0,12,5,7
COLLINGSWORTH COUNTY,087,58 Years,35,15,20,21,10,11,2,0,2,0,0,0,2,1,1,10,4,6
COLLINGSWORTH COUNTY,087,59 Years,29,14,15,20,10,10,0,0,0,0,0,0,1,0,1,8,4,4
COLLINGSWORTH COUNTY,087,60 Years,26,14,12,18,10,8,1,1,0,0,0,0,0,0,0,7,3,4
COLLINGSWORTH COUNTY,087,61 Years,35,14,21,23,9,14,0,0,0,0,0,0,2,1,1,10,4,6
COLLINGSWORTH COUNTY,087,62 Years,34,19,15,23,12,11,1,1,0,0,0,0,2,2,0,8,4,4
COLLINGSWORTH COUNTY,087,63 Years,36,20,16,24,13,11,2,1,1,0,0,0,3,2,1,7,4,3
COLLINGSWORTH COUNTY,087,64 Years,30,14,16,21,11,10,0,0,0,0,0,0,2,1,1,7,2,5
COLLINGSWORTH COUNTY,087,65 Years,28,13,15,19,9,10,0,0,0,0,0,0,1,0,1,8,4,4
COLLINGSWORTH COUNTY,087,66 Years,35,15,20,26,11,15,1,0,1,0,0,0,1,0,1,7,4,3
COLLINGSWORTH COUNTY,087,67 Years,37,20,17,27,14,13,2,1,1,0,0,0,1,0,1,7,5,2
COLLINGSWORTH COUNTY,087,68 Years,38,20,18,30,16,14,4,1,3,0,0,0,0,0,0,4,3,1
COLLINGSWORTH COUNTY,087,69 Years,31,17,14,26,13,13,1,1,0,0,0,0,0,0,0,4,3,1
COLLINGSWORTH COUNTY,087,70 Years,27,12,15,22,10,12,0,0,0,0,0,0,0,0,0,5,2,3
COLLINGSWORTH COUNTY,087,71 Years,32,13,19,23,9,14,2,2,0,0,0,0,3,2,1,4,0,4
COLLINGSWORTH COUNTY,087,72 Years,29,12,17,22,9,13,2,2,0,0,0,0,2,0,2,3,1,2
COLLINGSWORTH COUNTY,087,73 Years,21,11,10,14,7,7,1,0,1,0,0,0,1,1,0,5,3,2
COLLINGSWORTH COUNTY,087,74 Years,23,10,13,19,8,11,1,0,1,0,0,0,1,1,0,2,1,1
COLLINGSWORTH COUNTY,087,75 Years,27,10,17,24,9,15,1,0,1,0,0,0,0,0,0,2,1,1
COLLINGSWORTH COUNTY,087,76 Years,21,8,13,18,7,11,1,0,1,0,0,0,0,0,0,2,1,1
COLLINGSWORTH COUNTY,087,77 Years,16,7,9,14,6,8,0,0,0,0,0,0,0,0,0,2,1,1
COLLINGSWORTH COUNTY,087,78 Years,17,9,8,15,8,7,0,0,0,0,0,0,0,0,0,2,1,1
COLLINGSWORTH COUNTY,087,79 Years,19,8,11,16,7,9,0,0,0,0,0,0,0,0,0,3,1,2
COLLINGSWORTH COUNTY,087,80 Years,18,6,12,16,6,10,0,0,0,0,0,0,1,0,1,1,0,1
COLLINGSWORTH COUNTY,087,81 Years,16,8,8,15,7,8,0,0,0,0,0,0,0,0,0,1,1,0
COLLINGSWORTH COUNTY,087,82 Years,14,6,8,13,6,7,0,0,0,0,0,0,0,0,0,1,0,1
COLLINGSWORTH COUNTY,087,83 Years,15,7,8,12,6,6,1,1,0,0,0,0,0,0,0,2,0,2
COLLINGSWORTH COUNTY,087,84 Years,12,6,6,11,6,5,0,0,0,0,0,0,0,0,0,1,0,1
COLLINGSWORTH COUNTY,087,85 Years,10,5,5,9,5,4,0,0,0,0,0,0,0,0,0,1,0,1
COLLINGSWORTH COUNTY,087,86 Years,9,4,5,8,4,4,0,0,0,0,0,0,0,0,0,1,0,1
COLLINGSWORTH COUNTY,087,87 Years,9,4,5,8,4,4,0,0,0,0,0,0,0,0,0,1,0,1
COLLINGSWORTH COUNTY,087,88 Years,6,1,5,5,1,4,0,0,0,0,0,0,0,0,0,1,0,1
COLLINGSWORTH COUNTY,087,89 Years,4,2,2,4,2,2,0,0,0,0,0,0,0,0,0,0,0,0
COLLINGSWORTH COUNTY,087,90 Years,4,2,2,4,2,2,0,0,0,0,0,0,0,0,0,0,0,0
COLLINGSWORTH COUNTY,087,91 Years,5,1,4,5,1,4,0,0,0,0,0,0,0,0,0,0,0,0
COLLINGSWORTH COUNTY,087,92 Years,3,1,2,3,1,2,0,0,0,0,0,0,0,0,0,0,0,0
COLLINGSWORTH COUNTY,087,93 Years,3,1,2,3,1,2,0,0,0,0,0,0,0,0,0,0,0,0
COLLINGSWORTH COUNTY,087,94 Years,2,1,1,2,1,1,0,0,0,0,0,0,0,0,0,0,0,0
COLLINGSWORTH COUNTY,087,95 Years +,6,2,4,6,2,4,0,0,0,0,0,0,0,0,0,0,0,0
COLORADO COUNTY,089,All Ages,21242,10633,10609,11048,5445,5603,2761,1391,1370,95,45,50,361,187,174,6977,3565,3412
COLORADO COUNTY,089,< 1 Year,240,123,117,89,45,44,28,15,13,2,0,2,10,5,5,111,58,53
COLORADO COUNTY,089,1 Years,231,119,112,82,42,40,31,16,15,1,1,0,7,4,3,110,56,54
COLORADO COUNTY,089,2 Years,234,121,113,85,44,41,32,17,15,1,0,1,7,4,3,109,56,53
COLORADO COUNTY,089,3 Years,263,138,125,88,47,41,39,17,22,2,1,1,11,9,2,123,64,59
COLORADO COUNTY,089,4 Years,279,146,133,97,52,45,38,17,21,1,0,1,15,9,6,128,68,60
COLORADO COUNTY,089,5 Years,284,147,137,101,53,48,36,16,20,0,0,0,14,7,7,133,71,62
COLORADO COUNTY,089,6 Years,292,146,146,106,55,51,40,19,21,0,0,0,13,5,8,133,67,66
COLORADO COUNTY,089,7 Years,295,142,153,107,55,52,43,20,23,0,0,0,9,3,6,136,64,72
COLORADO COUNTY,089,8 Years,305,141,164,107,53,54,37,22,15,1,0,1,13,5,8,147,61,86
COLORADO COUNTY,089,9 Years,303,143,160,105,51,54,32,22,10,1,0,1,16,6,10,149,64,85
COLORADO COUNTY,089,10 Years,296,140,156,101,52,49,31,21,10,1,0,1,15,5,10,148,62,86
COLORADO COUNTY,089,11 Years,298,144,154,103,53,50,33,21,12,3,2,1,14,6,8,145,62,83
COLORADO COUNTY,089,12 Years,326,169,157,116,64,52,38,20,18,1,0,1,11,4,7,160,81,79
COLORADO COUNTY,089,13 Years,285,159,126,103,61,42,39,19,20,0,0,0,8,4,4,135,75,60
COLORADO COUNTY,089,14 Years,273,149,124,101,53,48,37,21,16,1,1,0,9,7,2,125,67,58
COLORADO COUNTY,089,15 Years,276,152,124,98,52,46,43,24,19,0,0,0,10,8,2,125,68,57
COLORADO COUNTY,089,16 Years,271,145,126,96,50,46,39,24,15,3,1,2,8,5,3,125,65,60
COLORADO COUNTY,089,17 Years,262,138,124,97,53,44,36,20,16,3,1,2,9,5,4,117,59,58
COLORADO COUNTY,089,18 Years,277,141,136,105,59,46,39,18,21,3,0,3,7,5,2,123,59,64
COLORADO COUNTY,089,19 Years,265,128,137,103,58,45,38,15,23,1,0,1,5,2,3,118,53,65
COLORADO COUNTY,089,20 Years,251,123,128,97,56,41,31,14,17,5,3,2,5,2,3,113,48,65
COLORADO COUNTY,089,21 Years,248,127,121,90,52,38,38,20,18,3,2,1,5,2,3,112,51,61
COLORADO COUNTY,089,22 Years,240,128,112,85,46,39,45,24,21,2,2,0,3,1,2,105,55,50
COLORADO COUNTY,089,23 Years,240,135,105,84,49,35,44,23,21,2,2,0,1,1,0,109,60,49
COLORADO COUNTY,089,24 Years,242,133,109,84,46,38,41,21,20,1,1,0,2,1,1,114,64,50
COLORADO COUNTY,089,25 Years,245,127,118,88,44,44,42,20,22,0,0,0,2,1,1,113,62,51
COLORADO COUNTY,089,26 Years,234,111,123,93,38,55,40,20,20,1,1,0,2,1,1,98,51,47
COLORADO COUNTY,089,27 Years,235,118,117,105,48,57,36,21,15,2,2,0,2,1,1,90,46,44
COLORADO COUNTY,089,28 Years,246,136,110,111,63,48,37,21,16,3,1,2,3,2,1,92,49,43
COLORADO COUNTY,089,29 Years,254,144,110,122,70,52,36,21,15,1,0,1,4,2,2,91,51,40
COLORADO COUNTY,089,30 Years,258,153,105,116,62,54,43,28,15,0,0,0,4,3,1,95,60,35
COLORADO COUNTY,089,31 Years,251,144,107,108,55,53,37,23,14,0,0,0,5,3,2,101,63,38
COLORADO COUNTY,089,32 Years,220,116,104,89,40,49,27,12,15,0,0,0,3,2,1,101,62,39
COLORADO COUNTY,089,33 Years,197,93,104,83,36,47,31,14,17,1,1,0,1,0,1,81,42,39
COLORADO COUNTY,089,34 Years,216,109,107,90,40,50,40,22,18,1,1,0,4,3,1,81,43,38
COLORADO COUNTY,089,35 Years,233,129,104,102,56,46,31,15,16,2,1,1,4,2,2,94,55,39
COLORADO COUNTY,089,36 Years,222,116,106,98,51,47,27,12,15,2,1,1,2,0,2,93,52,41
COLORADO COUNTY,089,37 Years,204,98,106,101,44,57,18,7,11,2,1,1,3,2,1,80,44,36
COLORADO COUNTY,089,38 Years,200,105,95,103,49,54,33,20,13,1,0,1,1,1,0,62,35,27
COLORADO COUNTY,089,39 Years,204,103,101,91,45,46,41,23,18,1,0,1,2,2,0,69,33,36
COLORADO COUNTY,089,40 Years,201,105,96,90,46,44,32,15,17,2,1,1,0,0,0,77,43,34
COLORADO COUNTY,089,41 Years,225,126,99,110,62,48,26,10,16,2,1,1,0,0,0,87,53,34
COLORADO COUNTY,089,42 Years,216,111,105,104,52,52,24,9,15,3,1,2,0,0,0,85,49,36
COLORADO COUNTY,089,43 Years,207,93,114,93,41,52,34,15,19,3,1,2,3,2,1,74,34,40
COLORADO COUNTY,089,44 Years,197,99,98,96,51,45,31,17,14,2,1,1,1,0,1,67,30,37
COLORADO COUNTY,089,45 Years,203,103,100,104,55,49,28,14,14,1,1,0,0,0,0,70,33,37
COLORADO COUNTY,089,46 Years,193,95,98,96,44,52,26,13,13,1,1,0,2,2,0,68,35,33
COLORADO COUNTY,089,47 Years,195,102,93,99,54,45,24,12,12,1,1,0,1,0,1,70,35,35
COLORADO COUNTY,089,48 Years,196,95,101,87,46,41,29,15,14,0,0,0,0,0,0,80,34,46
COLORADO COUNTY,089,49 Years,217,106,111,107,55,52,29,16,13,1,1,0,0,0,0,80,34,46
COLORADO COUNTY,089,50 Years,231,111,120,113,58,55,34,15,19,0,0,0,0,0,0,84,38,46
COLORADO COUNTY,089,51 Years,224,113,111,113,58,55,34,18,16,0,0,0,1,0,1,76,37,39
COLORADO COUNTY,089,52 Years,225,113,112,125,60,65,29,15,14,0,0,0,1,1,0,70,37,33
COLORADO COUNTY,089,53 Years,257,128,129,144,69,75,33,17,16,1,0,1,2,1,1,77,41,36
COLORADO COUNTY,089,54 Years,260,130,130,158,76,82,30,18,12,3,1,2,1,0,1,68,35,33
COLORADO COUNTY,089,55 Years,250,120,130,148,71,77,28,11,17,2,1,1,2,1,1,70,36,34
COLORADO COUNTY,089,56 Years,239,120,119,138,68,70,27,12,15,2,1,1,2,2,0,70,37,33
COLORADO COUNTY,089,57 Years,255,133,122,149,75,74,36,21,15,1,0,1,1,1,0,68,36,32
COLORADO COUNTY,089,58 Years,260,130,130,148,72,76,38,17,21,0,0,0,2,2,0,72,39,33
COLORADO COUNTY,089,59 Years,268,143,125,154,81,73,39,21,18,1,0,1,2,1,1,72,40,32
COLORADO COUNTY,089,60 Years,260,131,129,152,74,78,37,21,16,0,0,0,2,0,2,69,36,33
COLORADO COUNTY,089,61 Years,289,145,144,179,86,93,41,22,19,0,0,0,4,1,3,65,36,29
COLORADO COUNTY,089,62 Years,319,167,152,205,104,101,40,23,17,2,1,1,5,3,2,67,36,31
COLORADO COUNTY,089,63 Years,323,161,162,211,102,109,40,18,22,1,1,0,7,5,2,64,35,29
COLORADO COUNTY,089,64 Years,313,148,165,203,98,105,42,14,28,0,0,0,4,3,1,64,33,31
COLORADO COUNTY,089,65 Years,322,151,171,216,101,115,40,17,23,2,1,1,3,3,0,61,29,32
COLORADO COUNTY,089,66 Years,309,148,161,211,101,110,38,19,19,1,0,1,2,0,2,57,28,29
COLORADO COUNTY,089,67 Years,290,142,148,206,102,104,36,18,18,0,0,0,4,0,4,44,22,22
COLORADO COUNTY,089,68 Years,296,138,158,206,98,108,39,16,23,3,3,0,2,0,2,46,21,25
COLORADO COUNTY,089,69 Years,307,141,166,216,99,117,37,16,21,1,1,0,2,1,1,51,24,27
COLORADO COUNTY,089,70 Years,288,135,153,209,95,114,33,16,17,1,0,1,2,1,1,43,23,20
COLORADO COUNTY,089,71 Years,269,130,139,200,98,102,29,13,16,2,0,2,3,2,1,35,17,18
COLORADO COUNTY,089,72 Years,263,129,134,198,95,103,27,12,15,1,0,1,4,3,1,33,19,14
COLORADO COUNTY,089,73 Years,246,115,131,190,90,100,18,8,10,0,0,0,3,1,2,35,16,19
COLORADO COUNTY,089,74 Years,225,105,120,176,83,93,21,10,11,0,0,0,1,0,1,27,12,15
COLORADO COUNTY,089,75 Years,212,101,111,167,78,89,21,11,10,0,0,0,1,1,0,23,11,12
COLORADO COUNTY,089,76 Years,192,95,97,147,69,78,16,10,6,0,0,0,5,2,3,24,14,10
COLORADO COUNTY,089,77 Years,184,91,93,140,67,73,16,9,7,0,0,0,4,2,2,24,13,11
COLORADO COUNTY,089,78 Years,178,95,83,141,72,69,18,10,8,0,0,0,2,2,0,17,11,6
COLORADO COUNTY,089,79 Years,176,93,83,143,71,72,16,10,6,0,0,0,2,2,0,15,10,5
COLORADO COUNTY,089,80 Years,157,77,80,131,66,65,13,6,7,0,0,0,1,1,0,12,4,8
COLORADO COUNTY,089,81 Years,146,62,84,119,53,66,10,4,6,0,0,0,3,0,3,14,5,9
COLORADO COUNTY,089,82 Years,133,55,78,107,45,62,11,4,7,0,0,0,1,0,1,14,6,8
COLORADO COUNTY,089,83 Years,112,49,63,88,38,50,9,3,6,0,0,0,0,0,0,15,8,7
COLORADO COUNTY,089,84 Years,98,43,55,79,35,44,8,2,6,0,0,0,0,0,0,11,6,5
COLORADO COUNTY,089,85 Years,92,42,50,74,34,40,7,3,4,0,0,0,1,0,1,10,5,5
COLORADO COUNTY,089,86 Years,84,38,46,67,30,37,7,3,4,0,0,0,0,0,0,10,5,5
COLORADO COUNTY,089,87 Years,72,32,40,55,25,30,9,3,6,0,0,0,0,0,0,8,4,4
COLORADO COUNTY,089,88 Years,58,21,37,46,18,28,4,1,3,0,0,0,1,0,1,7,2,5
COLORADO COUNTY,089,89 Years,52,19,33,43,16,27,4,0,4,0,0,0,1,1,0,4,2,2
COLORADO COUNTY,089,90 Years,52,17,35,44,15,29,4,1,3,0,0,0,0,0,0,4,1,3
COLORADO COUNTY,089,91 Years,44,15,29,38,12,26,2,1,1,0,0,0,0,0,0,4,2,2
COLORADO COUNTY,089,92 Years,38,12,26,32,11,21,2,0,2,0,0,0,0,0,0,4,1,3
COLORADO COUNTY,089,93 Years,32,10,22,26,9,17,2,0,2,0,0,0,0,0,0,4,1,3
COLORADO COUNTY,089,94 Years,26,7,19,22,6,16,1,0,1,0,0,0,0,0,0,3,1,2
COLORADO COUNTY,089,95 Years +,71,18,53,55,13,42,5,1,4,0,0,0,1,0,1,10,4,6
COMAL COUNTY,091,All Ages,188526,93173,95353,122842,60557,62285,4124,2206,1918,1483,568,915,3180,1536,1644,56897,28306,28591
COMAL COUNTY,091,< 1 Year,1948,997,951,934,478,456,54,29,25,23,12,11,98,51,47,839,427,412
COMAL COUNTY,091,1 Years,1807,921,886,836,426,410,53,27,26,17,9,8,75,38,37,826,421,405
COMAL COUNTY,091,2 Years,1770,902,868,824,419,405,50,25,25,17,9,8,72,37,35,807,412,395
COMAL COUNTY,091,3 Years,1838,938,900,910,463,447,40,21,19,13,6,7,77,40,37,798,408,390
COMAL COUNTY,091,4 Years,1917,969,948,978,494,484,37,18,19,12,5,7,70,37,33,820,415,405
COMAL COUNTY,091,5 Years,1928,966,962,1004,506,498,36,20,16,8,3,5,61,32,29,819,405,414
COMAL COUNTY,091,6 Years,2073,1038,1035,1103,561,542,35,17,18,7,4,3,52,27,25,876,429,447
COMAL COUNTY,091,7 Years,2215,1128,1087,1187,608,579,32,15,17,12,6,6,51,25,26,933,474,459
COMAL COUNTY,091,8 Years,2424,1254,1170,1338,699,639,41,19,22,16,7,9,74,39,35,955,490,465
COMAL COUNTY,091,9 Years,2412,1256,1156,1366,713,653,44,22,22,14,8,6,74,42,32,914,471,443
COMAL COUNTY,091,10 Years,2376,1216,1160,1363,708,655,43,21,22,10,5,5,62,36,26,898,446,452
COMAL COUNTY,091,11 Years,2412,1225,1187,1390,720,670,40,22,18,14,4,10,56,32,24,912,447,465
COMAL COUNTY,091,12 Years,2283,1134,1149,1287,665,622,36,9,27,11,6,5,49,20,29,900,434,466
COMAL COUNTY,091,13 Years,2390,1232,1158,1367,694,673,33,16,17,10,8,2,52,22,30,928,492,436
COMAL COUNTY,091,14 Years,2512,1310,1202,1413,740,673,46,24,22,21,6,15,54,27,27,978,513,465
COMAL COUNTY,091,15 Years,2492,1288,1204,1413,738,675,50,23,27,17,6,11,52,29,23,960,492,468
COMAL COUNTY,091,16 Years,2459,1234,1225,1398,703,695,48,23,25,14,8,6,60,31,29,939,469,470
COMAL COUNTY,091,17 Years,2445,1213,1232,1389,695,694,44,22,22,24,12,12,52,25,27,936,459,477
COMAL COUNTY,091,18 Years,2441,1239,1202,1379,720,659,36,12,24,30,13,17,40,19,21,956,475,481
COMAL COUNTY,091,19 Years,2418,1241,1177,1398,737,661,36,13,23,28,12,16,49,23,26,907,456,451
COMAL COUNTY,091,20 Years,2279,1148,1131,1328,667,661,38,17,21,19,8,11,47,24,23,847,432,415
COMAL COUNTY,091,21 Years,2205,1113,1092,1261,634,627,48,26,22,12,5,7,43,23,20,841,425,416
COMAL COUNTY,091,22 Years,2110,1105,1005,1205,635,570,51,31,20,13,4,9,47,25,22,794,410,384
COMAL COUNTY,091,23 Years,1871,966,905,1036,541,495,53,34,19,14,2,12,43,20,23,725,369,356
COMAL COUNTY,091,24 Years,1870,956,914,1023,526,497,47,30,17,18,5,13,38,19,19,744,376,368
COMAL COUNTY,091,25 Years,1984,1011,973,1146,602,544,44,23,21,13,6,7,40,16,24,741,364,377
COMAL COUNTY,091,26 Years,2075,1057,1018,1237,639,598,45,21,24,11,10,1,44,16,28,738,371,367
COMAL COUNTY,091,27 Years,2168,1092,1076,1297,649,648,51,24,27,8,6,2,45,17,28,767,396,371
COMAL COUNTY,091,28 Years,2090,1036,1054,1229,608,621,58,28,30,27,10,17,52,25,27,724,365,359
COMAL COUNTY,091,29 Years,2150,1082,1068,1279,637,642,62,37,25,27,12,15,59,33,26,723,363,360
COMAL COUNTY,091,30 Years,2184,1146,1038,1326,677,649,53,38,15,22,12,10,51,31,20,732,388,344
COMAL COUNTY,091,31 Years,2032,1050,982,1193,612,581,41,20,21,12,7,5,31,19,12,755,392,363
COMAL COUNTY,091,32 Years,2016,1017,999,1143,564,579,65,33,32,5,1,4,27,12,15,776,407,369
COMAL COUNTY,091,33 Years,2281,1094,1187,1340,653,687,77,36,41,29,14,15,44,13,31,791,378,413
COMAL COUNTY,091,34 Years,2261,1073,1188,1376,666,710,52,26,26,36,13,23,37,10,27,760,358,402
COMAL COUNTY,091,35 Years,2223,1072,1151,1313,622,691,63,33,30,20,8,12,28,11,17,799,398,401
COMAL COUNTY,091,36 Years,2273,1127,1146,1340,637,703,52,31,21,23,5,18,29,15,14,829,439,390
COMAL COUNTY,091,37 Years,2282,1143,1139,1348,658,690,43,29,14,18,5,13,29,17,12,844,434,410
COMAL COUNTY,091,38 Years,2519,1293,1226,1482,734,748,67,41,26,28,11,17,34,17,17,908,490,418
COMAL COUNTY,091,39 Years,2536,1252,1284,1552,763,789,54,22,32,26,12,14,31,18,13,873,437,436
COMAL COUNTY,091,40 Years,2476,1208,1268,1548,761,787,50,28,22,28,10,18,31,17,14,819,392,427
COMAL COUNTY,091,41 Years,2482,1232,1250,1548,757,791,36,22,14,37,12,25,31,12,19,830,429,401
COMAL COUNTY,091,42 Years,2505,1250,1255,1549,771,778,50,27,23,27,10,17,31,9,22,848,433,415
COMAL COUNTY,091,43 Years,2374,1131,1243,1458,696,762,51,18,33,16,4,12,30,11,19,819,402,417
COMAL COUNTY,091,44 Years,2352,1206,1146,1460,740,720,55,22,33,15,8,7,32,14,18,790,422,368
COMAL COUNTY,091,45 Years,2361,1242,1119,1457,724,733,51,36,15,30,20,10,25,14,11,798,448,350
COMAL COUNTY,091,46 Years,2329,1211,1118,1423,718,705,46,36,10,24,12,12,27,15,12,809,430,379
COMAL COUNTY,091,47 Years,2409,1218,1191,1450,736,714,58,35,23,29,9,20,38,19,19,834,419,415
COMAL COUNTY,091,48 Years,2390,1197,1193,1486,725,761,48,18,30,25,9,16,35,19,16,796,426,370
COMAL COUNTY,091,49 Years,2448,1218,1230,1539,768,771,73,42,31,18,9,9,33,16,17,785,383,402
COMAL COUNTY,091,50 Years,2500,1241,1259,1589,772,817,63,43,20,32,11,21,28,15,13,788,400,388
COMAL COUNTY,091,51 Years,2582,1269,1313,1688,819,869,61,39,22,30,9,21,31,17,14,772,385,387
COMAL COUNTY,091,52 Years,2618,1297,1321,1772,883,889,70,46,24,21,8,13,37,19,18,718,341,377
COMAL COUNTY,091,53 Years,2506,1266,1240,1696,875,821,75,42,33,20,10,10,33,13,20,682,326,356
COMAL COUNTY,091,54 Years,2420,1223,1197,1626,846,780,71,34,37,20,9,11,37,13,24,666,321,345
COMAL COUNTY,091,55 Years,2335,1207,1128,1586,828,758,82,49,33,17,4,13,31,14,17,619,312,307
COMAL COUNTY,091,56 Years,2406,1213,1193,1656,820,836,94,62,32,12,1,11,31,14,17,613,316,297
COMAL COUNTY,091,57 Years,2538,1255,1283,1781,875,906,85,54,31,23,7,16,33,19,14,616,300,316
COMAL COUNTY,091,58 Years,2613,1234,1379,1892,900,992,76,43,33,25,11,14,30,13,17,590,267,323
COMAL COUNTY,091,59 Years,2676,1244,1432,1981,934,1047,71,34,37,25,9,16,28,10,18,571,257,314
COMAL COUNTY,091,60 Years,2727,1287,1440,2043,975,1068,77,43,34,17,5,12,30,13,17,560,251,309
COMAL COUNTY,091,61 Years,2781,1332,1449,2076,1006,1070,74,36,38,22,6,16,36,16,20,573,268,305
COMAL COUNTY,091,62 Years,2762,1311,1451,2081,994,1087,88,43,45,24,5,19,33,18,15,536,251,285
COMAL COUNTY,091,63 Years,2667,1271,1396,2054,990,1064,73,39,34,20,4,16,29,11,18,491,227,264
COMAL COUNTY,091,64 Years,2646,1294,1352,2048,988,1060,68,42,26,14,4,10,20,7,13,496,253,243
COMAL COUNTY,091,65 Years,2694,1290,1404,2091,987,1104,63,40,23,15,6,9,30,12,18,495,245,250
COMAL COUNTY,091,66 Years,2619,1268,1351,2049,990,1059,53,31,22,16,5,11,35,14,21,466,228,238
COMAL COUNTY,091,67 Years,2519,1212,1307,1976,955,1021,58,29,29,17,5,12,36,16,20,432,207,225
COMAL COUNTY,091,68 Years,2485,1172,1313,1978,936,1042,53,23,30,11,4,7,26,13,13,417,196,221
COMAL COUNTY,091,69 Years,2420,1140,1280,1914,911,1003,40,20,20,14,4,10,25,12,13,427,193,234
COMAL COUNTY,091,70 Years,2291,1103,1188,1826,881,945,37,19,18,16,5,11,28,12,16,384,186,198
COMAL COUNTY,091,71 Years,2163,1033,1130,1753,838,915,37,20,17,16,4,12,27,12,15,330,159,171
COMAL COUNTY,091,72 Years,2096,1005,1091,1714,826,888,28,13,15,14,3,11,22,11,11,318,152,166
COMAL COUNTY,091,73 Years,1951,938,1013,1603,779,824,29,11,18,13,3,10,17,10,7,289,135,154
COMAL COUNTY,091,74 Years,1896,923,973,1563,775,788,31,14,17,12,4,8,12,6,6,278,124,154
COMAL COUNTY,091,75 Years,1883,915,968,1564,788,776,24,14,10,12,4,8,16,6,10,267,103,164
COMAL COUNTY,091,76 Years,1496,710,786,1246,612,634,15,9,6,8,2,6,13,5,8,214,82,132
COMAL COUNTY,091,77 Years,1289,602,687,1074,512,562,10,5,5,5,1,4,12,4,8,188,80,108
COMAL COUNTY,091,78 Years,1248,580,668,1031,492,539,16,6,10,6,1,5,9,3,6,186,78,108
COMAL COUNTY,091,79 Years,1183,550,633,994,475,519,13,6,7,7,1,6,8,5,3,161,63,98
COMAL COUNTY,091,80 Years,1027,494,533,866,426,440,9,5,4,7,0,7,8,5,3,137,58,79
COMAL COUNTY,091,81 Years,872,412,460,734,350,384,9,6,3,6,1,5,6,3,3,117,52,65
COMAL COUNTY,091,82 Years,783,350,433,662,293,369,8,6,2,4,1,3,6,3,3,103,47,56
COMAL COUNTY,091,83 Years,664,298,366,558,248,310,10,5,5,1,0,1,6,3,3,89,42,47
COMAL COUNTY,091,84 Years,590,260,330,503,225,278,7,3,4,1,1,0,4,2,2,75,29,46
COMAL COUNTY,091,85 Years,541,235,306,464,207,257,5,3,2,1,0,1,3,1,2,68,24,44
COMAL COUNTY,091,86 Years,489,209,280,415,182,233,3,2,1,2,0,2,3,1,2,66,24,42
COMAL COUNTY,091,87 Years,455,185,270,383,161,222,3,1,2,5,1,4,4,1,3,60,21,39
COMAL COUNTY,091,88 Years,362,135,227,301,116,185,2,0,2,1,1,0,3,1,2,55,17,38
COMAL COUNTY,091,89 Years,322,119,203,272,105,167,2,0,2,0,0,0,2,1,1,46,13,33
COMAL COUNTY,091,90 Years,269,101,168,226,88,138,1,0,1,1,0,1,3,1,2,38,12,26
COMAL COUNTY,091,91 Years,239,87,152,196,75,121,2,1,1,0,0,0,2,0,2,39,11,28
COMAL COUNTY,091,92 Years,206,78,128,171,65,106,3,2,1,0,0,0,1,1,0,31,10,21
COMAL COUNTY,091,93 Years,163,55,108,138,46,92,1,0,1,0,0,0,2,1,1,22,8,14
COMAL COUNTY,091,94 Years,125,41,84,105,34,71,1,0,1,0,0,0,0,0,0,19,7,12
COMAL COUNTY,091,95 Years +,314,82,232,254,67,187,7,1,6,2,0,2,2,0,2,49,14,35
COMANCHE COUNTY,093,All Ages,14014,7022,6992,9434,4661,4773,26,17,9,32,12,20,230,121,109,4292,2211,2081
COMANCHE COUNTY,093,< 1 Year,162,84,78,84,45,39,1,0,1,0,0,0,5,3,2,72,36,36
COMANCHE COUNTY,093,1 Years,171,87,84,85,43,42,1,0,1,1,1,0,6,4,2,78,39,39
COMANCHE COUNTY,093,2 Years,175,89,86,88,45,43,1,1,0,1,0,1,6,3,3,79,40,39
COMANCHE COUNTY,093,3 Years,169,89,80,87,47,40,0,0,0,1,0,1,1,1,0,80,41,39
COMANCHE COUNTY,093,4 Years,160,85,75,80,44,36,0,0,0,0,0,0,3,2,1,77,39,38
COMANCHE COUNTY,093,5 Years,159,87,72,80,45,35,0,0,0,0,0,0,3,1,2,76,41,35
COMANCHE COUNTY,093,6 Years,163,87,76,84,45,39,0,0,0,0,0,0,5,2,3,74,40,34
COMANCHE COUNTY,093,7 Years,166,87,79,85,45,40,0,0,0,0,0,0,5,2,3,76,40,36
COMANCHE COUNTY,093,8 Years,167,91,76,83,49,34,0,0,0,0,0,0,8,3,5,76,39,37
COMANCHE COUNTY,093,9 Years,161,93,68,83,53,30,0,0,0,0,0,0,3,1,2,75,39,36
COMANCHE COUNTY,093,10 Years,168,92,76,90,55,35,0,0,0,0,0,0,6,1,5,72,36,36
COMANCHE COUNTY,093,11 Years,171,93,78,92,55,37,0,0,0,0,0,0,6,2,4,73,36,37
COMANCHE COUNTY,093,12 Years,183,93,90,99,52,47,0,0,0,0,0,0,3,0,3,81,41,40
COMANCHE COUNTY,093,13 Years,191,100,91,102,49,53,1,1,0,0,0,0,4,2,2,84,48,36
COMANCHE COUNTY,093,14 Years,189,102,87,106,57,49,0,0,0,0,0,0,2,1,1,81,44,37
COMANCHE COUNTY,093,15 Years,197,103,94,106,58,48,0,0,0,0,0,0,2,2,0,89,43,46
COMANCHE COUNTY,093,16 Years,184,93,91,101,53,48,1,0,1,1,0,1,3,3,0,78,37,41
COMANCHE COUNTY,093,17 Years,184,86,98,100,47,53,1,0,1,1,0,1,1,1,0,81,38,43
COMANCHE COUNTY,093,18 Years,182,97,85,102,55,47,0,0,0,0,0,0,1,0,1,79,42,37
COMANCHE COUNTY,093,19 Years,168,88,80,93,51,42,0,0,0,1,1,0,3,2,1,71,34,37
COMANCHE COUNTY,093,20 Years,167,87,80,90,52,38,0,0,0,2,2,0,6,3,3,69,30,39
COMANCHE COUNTY,093,21 Years,156,91,65,80,48,32,0,0,0,1,1,0,6,5,1,69,37,32
COMANCHE COUNTY,093,22 Years,153,79,74,81,45,36,0,0,0,0,0,0,4,2,2,68,32,36
COMANCHE COUNTY,093,23 Years,154,89,65,83,49,34,0,0,0,0,0,0,2,0,2,69,40,29
COMANCHE COUNTY,093,24 Years,154,84,70,81,43,38,0,0,0,0,0,0,2,0,2,71,41,30
COMANCHE COUNTY,093,25 Years,141,66,75,78,32,46,1,0,1,0,0,0,3,2,1,59,32,27
COMANCHE COUNTY,093,26 Years,130,66,64,77,36,41,1,0,1,0,0,0,2,2,0,50,28,22
COMANCHE COUNTY,093,27 Years,143,73,70,82,38,44,1,1,0,0,0,0,2,1,1,58,33,25
COMANCHE COUNTY,093,28 Years,131,71,60,73,36,37,1,1,0,0,0,0,3,2,1,54,32,22
COMANCHE COUNTY,093,29 Years,142,77,65,82,45,37,0,0,0,0,0,0,3,2,1,57,30,27
COMANCHE COUNTY,093,30 Years,138,72,66,79,43,36,1,1,0,0,0,0,2,1,1,56,27,29
COMANCHE COUNTY,093,31 Years,133,64,69,75,36,39,1,1,0,0,0,0,3,0,3,54,27,27
COMANCHE COUNTY,093,32 Years,131,61,70,74,32,42,0,0,0,0,0,0,3,1,2,54,28,26
COMANCHE COUNTY,093,33 Years,135,64,71,87,39,48,0,0,0,0,0,0,2,1,1,46,24,22
COMANCHE COUNTY,093,34 Years,149,79,70,90,44,46,3,3,0,0,0,0,2,1,1,54,31,23
COMANCHE COUNTY,093,35 Years,136,68,68,83,39,44,1,1,0,0,0,0,2,1,1,50,27,23
COMANCHE COUNTY,093,36 Years,136,61,75,80,36,44,0,0,0,0,0,0,2,1,1,54,24,30
COMANCHE COUNTY,093,37 Years,124,59,65,75,34,41,0,0,0,0,0,0,1,1,0,48,24,24
COMANCHE COUNTY,093,38 Years,134,65,69,82,37,45,0,0,0,0,0,0,4,3,1,48,25,23
COMANCHE COUNTY,093,39 Years,137,61,76,84,35,49,0,0,0,0,0,0,2,1,1,51,25,26
COMANCHE COUNTY,093,40 Years,142,65,77,86,39,47,0,0,0,3,0,3,1,0,1,52,26,26
COMANCHE COUNTY,093,41 Years,131,65,66,83,41,42,0,0,0,2,1,1,1,0,1,45,23,22
COMANCHE COUNTY,093,42 Years,129,65,64,80,39,41,0,0,0,1,1,0,1,1,0,47,24,23
COMANCHE COUNTY,093,43 Years,131,69,62,84,44,40,0,0,0,0,0,0,2,2,0,45,23,22
COMANCHE COUNTY,093,44 Years,135,69,66,94,47,47,0,0,0,0,0,0,1,1,0,40,21,19
COMANCHE COUNTY,093,45 Years,143,71,72,95,43,52,0,0,0,0,0,0,1,1,0,47,27,20
COMANCHE COUNTY,093,46 Years,143,74,69,85,39,46,0,0,0,1,0,1,1,1,0,56,34,22
COMANCHE COUNTY,093,47 Years,140,74,66,86,45,41,0,0,0,1,0,1,4,1,3,49,28,21
COMANCHE COUNTY,093,48 Years,140,61,79,97,41,56,0,0,0,1,1,0,1,0,1,41,19,22
COMANCHE COUNTY,093,49 Years,132,49,83,94,33,61,0,0,0,0,0,0,0,0,0,38,16,22
COMANCHE COUNTY,093,50 Years,143,53,90,95,34,61,0,0,0,0,0,0,0,0,0,48,19,29
COMANCHE COUNTY,093,51 Years,164,69,95,106,43,63,0,0,0,0,0,0,4,1,3,54,25,29
COMANCHE COUNTY,093,52 Years,176,85,91,115,59,56,0,0,0,0,0,0,2,1,1,59,25,34
COMANCHE COUNTY,093,53 Years,166,85,81,115,60,55,0,0,0,0,0,0,3,2,1,48,23,25
COMANCHE COUNTY,093,54 Years,169,79,90,118,54,64,1,0,1,0,0,0,2,1,1,48,24,24
COMANCHE COUNTY,093,55 Years,192,90,102,128,54,74,1,0,1,0,0,0,2,2,0,61,34,27
COMANCHE COUNTY,093,56 Years,180,97,83,122,62,60,2,2,0,0,0,0,1,1,0,55,32,23
COMANCHE COUNTY,093,57 Years,181,100,81,125,66,59,1,1,0,0,0,0,1,1,0,54,32,22
COMANCHE COUNTY,093,58 Years,211,107,104,152,73,79,2,1,1,0,0,0,2,0,2,55,33,22
COMANCHE COUNTY,093,59 Years,205,104,101,149,69,80,1,1,0,1,0,1,2,0,2,52,34,18
COMANCHE COUNTY,093,60 Years,207,103,104,156,75,81,1,1,0,1,0,1,4,2,2,45,25,20
COMANCHE COUNTY,093,61 Years,210,108,102,161,81,80,1,1,0,1,0,1,5,3,2,42,23,19
COMANCHE COUNTY,093,62 Years,203,104,99,158,84,74,0,0,0,1,0,1,4,2,2,40,18,22
COMANCHE COUNTY,093,63 Years,190,102,88,147,81,66,0,0,0,0,0,0,2,1,1,41,20,21
COMANCHE COUNTY,093,64 Years,210,116,94,172,96,76,0,0,0,0,0,0,3,2,1,35,18,17
COMANCHE COUNTY,093,65 Years,192,105,87,158,84,74,0,0,0,0,0,0,5,4,1,29,17,12
COMANCHE COUNTY,093,66 Years,194,101,93,159,82,77,0,0,0,1,1,0,4,3,1,30,15,15
COMANCHE COUNTY,093,67 Years,184,89,95,150,74,76,0,0,0,2,0,2,3,1,2,29,14,15
COMANCHE COUNTY,093,68 Years,176,80,96,148,66,82,0,0,0,1,0,1,3,1,2,24,13,11
COMANCHE COUNTY,093,69 Years,173,93,80,146,75,71,0,0,0,0,0,0,4,3,1,23,15,8
COMANCHE COUNTY,093,70 Years,188,101,87,161,86,75,0,0,0,1,0,1,3,2,1,23,13,10
COMANCHE COUNTY,093,71 Years,195,96,99,167,82,85,0,0,0,0,0,0,4,2,2,24,12,12
COMANCHE COUNTY,093,72 Years,191,90,101,160,76,84,0,0,0,1,0,1,3,2,1,27,12,15
COMANCHE COUNTY,093,73 Years,189,83,106,158,71,87,0,0,0,1,0,1,2,1,1,28,11,17
COMANCHE COUNTY,093,74 Years,180,85,95,156,75,81,0,0,0,0,0,0,1,0,1,23,10,13
COMANCHE COUNTY,093,75 Years,184,90,94,154,75,79,0,0,0,1,1,0,4,2,2,25,12,13
COMANCHE COUNTY,093,76 Years,154,75,79,131,62,69,0,0,0,1,1,0,3,2,1,19,10,9
COMANCHE COUNTY,093,77 Years,145,68,77,128,60,68,0,0,0,1,1,0,1,1,0,15,6,9
COMANCHE COUNTY,093,78 Years,146,70,76,131,62,69,0,0,0,0,0,0,0,0,0,15,8,7
COMANCHE COUNTY,093,79 Years,142,68,74,128,61,67,0,0,0,0,0,0,0,0,0,14,7,7
COMANCHE COUNTY,093,80 Years,126,58,68,118,55,63,0,0,0,0,0,0,0,0,0,8,3,5
COMANCHE COUNTY,093,81 Years,107,47,60,101,45,56,0,0,0,0,0,0,0,0,0,6,2,4
COMANCHE COUNTY,093,82 Years,99,44,55,94,43,51,0,0,0,0,0,0,0,0,0,5,1,4
COMANCHE COUNTY,093,83 Years,90,41,49,83,39,44,0,0,0,0,0,0,0,0,0,7,2,5
COMANCHE COUNTY,093,84 Years,75,35,40,68,33,35,0,0,0,0,0,0,1,0,1,6,2,4
COMANCHE COUNTY,093,85 Years,66,31,35,61,29,32,0,0,0,0,0,0,0,0,0,5,2,3
COMANCHE COUNTY,093,86 Years,60,25,35,56,24,32,0,0,0,0,0,0,1,0,1,3,1,2
COMANCHE COUNTY,093,87 Years,53,24,29,51,23,28,0,0,0,0,0,0,0,0,0,2,1,1
COMANCHE COUNTY,093,88 Years,48,22,26,45,21,24,0,0,0,0,0,0,0,0,0,3,1,2
COMANCHE COUNTY,093,89 Years,37,18,19,35,16,19,0,0,0,0,0,0,1,1,0,1,1,0
COMANCHE COUNTY,093,90 Years,31,14,17,28,12,16,0,0,0,0,0,0,1,1,0,2,1,1
COMANCHE COUNTY,093,91 Years,30,13,17,27,11,16,0,0,0,0,0,0,1,1,0,2,1,1
COMANCHE COUNTY,093,92 Years,23,8,15,21,7,14,0,0,0,0,0,0,0,0,0,2,1,1
COMANCHE COUNTY,093,93 Years,17,5,12,16,5,11,0,0,0,0,0,0,0,0,0,1,0,1
COMANCHE COUNTY,093,94 Years,15,5,10,14,4,10,0,0,0,0,0,0,1,1,0,0,0,0
COMANCHE COUNTY,093,95 Years +,37,11,26,32,9,23,0,0,0,0,0,0,2,1,1,3,1,2
CONCHO COUNTY,095,All Ages,3338,1929,1409,1275,610,665,68,53,15,4,4,0,25,16,9,1966,1246,720
CONCHO COUNTY,095,< 1 Year,25,11,14,7,3,4,1,0,1,0,0,0,1,0,1,16,8,8
CONCHO COUNTY,095,1 Years,31,16,15,9,5,4,0,0,0,0,0,0,1,0,1,21,11,10
CONCHO COUNTY,095,2 Years,33,17,16,9,4,5,0,0,0,0,0,0,1,1,0,23,12,11
CONCHO COUNTY,095,3 Years,32,19,13,14,8,6,0,0,0,0,0,0,0,0,0,18,11,7
CONCHO COUNTY,095,4 Years,34,18,16,14,8,6,0,0,0,0,0,0,0,0,0,20,10,10
CONCHO COUNTY,095,5 Years,34,19,15,14,9,5,0,0,0,0,0,0,0,0,0,20,10,10
CONCHO COUNTY,095,6 Years,36,18,18,12,7,5,1,1,0,0,0,0,0,0,0,23,10,13
CONCHO COUNTY,095,7 Years,34,15,19,11,5,6,1,1,0,0,0,0,0,0,0,22,9,13
CONCHO COUNTY,095,8 Years,27,15,12,8,5,3,1,1,0,0,0,0,0,0,0,18,9,9
CONCHO COUNTY,095,9 Years,22,12,10,6,3,3,1,1,0,0,0,0,0,0,0,15,8,7
CONCHO COUNTY,095,10 Years,24,13,11,7,4,3,1,1,0,0,0,0,0,0,0,16,8,8
CONCHO COUNTY,095,11 Years,26,14,12,7,4,3,1,1,0,0,0,0,0,0,0,18,9,9
CONCHO COUNTY,095,12 Years,24,14,10,7,5,2,1,1,0,0,0,0,0,0,0,16,8,8
CONCHO COUNTY,095,13 Years,37,25,12,10,5,5,3,3,0,0,0,0,0,0,0,24,17,7
CONCHO COUNTY,095,14 Years,39,24,15,14,6,8,1,1,0,0,0,0,0,0,0,24,17,7
CONCHO COUNTY,095,15 Years,36,16,20,14,6,8,0,0,0,0,0,0,0,0,0,22,10,12
CONCHO COUNTY,095,16 Years,29,10,19,11,4,7,0,0,0,0,0,0,0,0,0,18,6,12
CONCHO COUNTY,095,17 Years,44,23,21,10,3,7,0,0,0,0,0,0,0,0,0,34,20,14
CONCHO COUNTY,095,18 Years,45,24,21,12,7,5,2,1,1,0,0,0,0,0,0,31,16,15
CONCHO COUNTY,095,19 Years,42,20,22,15,6,9,2,1,1,0,0,0,0,0,0,25,13,12
CONCHO COUNTY,095,20 Years,44,27,17,13,8,5,2,1,1,0,0,0,1,1,0,28,17,11
CONCHO COUNTY,095,21 Years,33,22,11,11,6,5,1,0,1,0,0,0,1,1,0,20,15,5
CONCHO COUNTY,095,22 Years,55,41,14,9,4,5,1,1,0,0,0,0,1,1,0,44,35,9
CONCHO COUNTY,095,23 Years,43,25,18,10,4,6,3,3,0,0,0,0,1,1,0,29,17,12
CONCHO COUNTY,095,24 Years,28,14,14,8,2,6,1,1,0,0,0,0,1,1,0,18,10,8
CONCHO COUNTY,095,25 Years,50,40,10,7,2,5,2,2,0,0,0,0,0,0,0,41,36,5
CONCHO COUNTY,095,26 Years,46,31,15,7,1,6,1,1,0,0,0,0,0,0,0,38,29,9
CONCHO COUNTY,095,27 Years,50,34,16,10,4,6,3,2,1,0,0,0,0,0,0,37,28,9
CONCHO COUNTY,095,28 Years,49,35,14,10,5,5,1,1,0,0,0,0,0,0,0,38,29,9
CONCHO COUNTY,095,29 Years,34,21,13,8,3,5,0,0,0,0,0,0,1,1,0,25,17,8
CONCHO COUNTY,095,30 Years,51,37,14,12,6,6,0,0,0,0,0,0,2,1,1,37,30,7
CONCHO COUNTY,095,31 Years,40,25,15,12,4,8,0,0,0,0,0,0,0,0,0,28,21,7
CONCHO COUNTY,095,32 Years,33,21,12,7,3,4,1,1,0,0,0,0,0,0,0,25,17,8
CONCHO COUNTY,095,33 Years,40,26,14,8,4,4,0,0,0,0,0,0,1,0,1,31,22,9
CONCHO COUNTY,095,34 Years,48,35,13,10,5,5,1,1,0,0,0,0,0,0,0,37,29,8
CONCHO COUNTY,095,35 Years,55,36,19,11,7,4,1,1,0,0,0,0,1,1,0,42,27,15
CONCHO COUNTY,095,36 Years,41,29,12,9,5,4,1,1,0,0,0,0,0,0,0,31,23,8
CONCHO COUNTY,095,37 Years,28,17,11,6,3,3,0,0,0,0,0,0,0,0,0,22,14,8
CONCHO COUNTY,095,38 Years,50,33,17,7,2,5,0,0,0,0,0,0,1,1,0,42,30,12
CONCHO COUNTY,095,39 Years,58,41,17,8,3,5,2,2,0,0,0,0,0,0,0,48,36,12
CONCHO COUNTY,095,40 Years,43,28,15,9,4,5,1,1,0,0,0,0,0,0,0,33,23,10
CONCHO COUNTY,095,41 Years,65,46,19,12,4,8,2,2,0,0,0,0,1,1,0,50,39,11
CONCHO COUNTY,095,42 Years,58,43,15,12,6,6,1,1,0,1,1,0,0,0,0,44,35,9
CONCHO COUNTY,095,43 Years,44,27,17,9,4,5,1,0,1,0,0,0,0,0,0,34,23,11
CONCHO COUNTY,095,44 Years,41,27,14,8,4,4,1,1,0,0,0,0,1,1,0,31,21,10
CONCHO COUNTY,095,45 Years,33,23,10,6,3,3,2,2,0,0,0,0,0,0,0,25,18,7
CONCHO COUNTY,095,46 Years,45,36,9,8,3,5,2,2,0,0,0,0,0,0,0,35,31,4
CONCHO COUNTY,095,47 Years,42,28,14,11,5,6,1,1,0,0,0,0,0,0,0,30,22,8
CONCHO COUNTY,095,48 Years,42,26,16,15,7,8,0,0,0,0,0,0,0,0,0,27,19,8
CONCHO COUNTY,095,49 Years,47,28,19,14,5,9,1,0,1,0,0,0,1,1,0,31,22,9
CONCHO COUNTY,095,50 Years,34,12,22,19,5,14,1,0,1,0,0,0,0,0,0,14,7,7
CONCHO COUNTY,095,51 Years,27,11,16,14,5,9,1,0,1,0,0,0,0,0,0,12,6,6
CONCHO COUNTY,095,52 Years,25,10,15,14,5,9,2,1,1,0,0,0,0,0,0,9,4,5
CONCHO COUNTY,095,53 Years,39,24,15,12,6,6,1,1,0,1,1,0,0,0,0,25,16,9
CONCHO COUNTY,095,54 Years,42,24,18,14,8,6,1,1,0,1,1,0,0,0,0,26,14,12
CONCHO COUNTY,095,55 Years,48,31,17,12,8,4,2,2,0,0,0,0,0,0,0,34,21,13
CONCHO COUNTY,095,56 Years,36,23,13,13,9,4,1,1,0,1,1,0,1,1,0,20,11,9
CONCHO COUNTY,095,57 Years,37,20,17,19,10,9,1,1,0,0,0,0,0,0,0,17,9,8
CONCHO COUNTY,095,58 Years,49,20,29,26,10,16,0,0,0,0,0,0,2,0,2,21,10,11
CONCHO COUNTY,095,59 Years,44,22,22,24,11,13,2,2,0,0,0,0,0,0,0,18,9,9
CONCHO COUNTY,095,60 Years,40,25,15,20,11,9,1,1,0,0,0,0,1,1,0,18,12,6
CONCHO COUNTY,095,61 Years,32,21,11,19,11,8,1,1,0,0,0,0,0,0,0,12,9,3
CONCHO COUNTY,095,62 Years,34,20,14,25,14,11,1,0,1,0,0,0,0,0,0,8,6,2
CONCHO COUNTY,095,63 Years,43,22,21,27,13,14,0,0,0,0,0,0,0,0,0,16,9,7
CONCHO COUNTY,095,64 Years,43,17,26,26,12,14,1,0,1,0,0,0,1,0,1,15,5,10
CONCHO COUNTY,095,65 Years,43,17,26,27,12,15,1,0,1,0,0,0,1,0,1,14,5,9
CONCHO COUNTY,095,66 Years,44,19,25,30,14,16,0,0,0,0,0,0,0,0,0,14,5,9
CONCHO COUNTY,095,67 Years,43,22,21,29,14,15,0,0,0,0,0,0,0,0,0,14,8,6
CONCHO COUNTY,095,68 Years,52,27,25,27,11,16,1,1,0,0,0,0,0,0,0,24,15,9
CONCHO COUNTY,095,69 Years,40,20,20,20,9,11,0,0,0,0,0,0,0,0,0,20,11,9
CONCHO COUNTY,095,70 Years,36,21,15,19,13,6,0,0,0,0,0,0,0,0,0,17,8,9
CONCHO COUNTY,095,71 Years,41,24,17,23,12,11,0,0,0,0,0,0,0,0,0,18,12,6
CONCHO COUNTY,095,72 Years,45,22,23,24,9,15,0,0,0,0,0,0,0,0,0,21,13,8
CONCHO COUNTY,095,73 Years,44,21,23,28,13,15,0,0,0,0,0,0,1,0,1,15,8,7
CONCHO COUNTY,095,74 Years,44,23,21,32,17,15,0,0,0,0,0,0,0,0,0,12,6,6
CONCHO COUNTY,095,75 Years,37,17,20,24,13,11,0,0,0,0,0,0,0,0,0,13,4,9
CONCHO COUNTY,095,76 Years,25,11,14,20,10,10,0,0,0,0,0,0,0,0,0,5,1,4
CONCHO COUNTY,095,77 Years,35,20,15,19,9,10,0,0,0,0,0,0,0,0,0,16,11,5
CONCHO COUNTY,095,78 Years,26,18,8,17,11,6,0,0,0,0,0,0,0,0,0,9,7,2
CONCHO COUNTY,095,79 Years,26,15,11,18,11,7,1,0,1,0,0,0,0,0,0,7,4,3
CONCHO COUNTY,095,80 Years,22,14,8,16,9,7,0,0,0,0,0,0,0,0,0,6,5,1
CONCHO COUNTY,095,81 Years,18,10,8,13,7,6,0,0,0,0,0,0,0,0,0,5,3,2
CONCHO COUNTY,095,82 Years,17,8,9,13,7,6,0,0,0,0,0,0,0,0,0,4,1,3
CONCHO COUNTY,095,83 Years,18,6,12,12,5,7,0,0,0,0,0,0,0,0,0,6,1,5
CONCHO COUNTY,095,84 Years,18,8,10,10,5,5,0,0,0,0,0,0,0,0,0,8,3,5
CONCHO COUNTY,095,85 Years,17,9,8,11,6,5,0,0,0,0,0,0,1,1,0,5,2,3
CONCHO COUNTY,095,86 Years,15,9,6,12,6,6,0,0,0,0,0,0,0,0,0,3,3,0
CONCHO COUNTY,095,87 Years,11,3,8,9,3,6,0,0,0,0,0,0,0,0,0,2,0,2
CONCHO COUNTY,095,88 Years,7,2,5,6,2,4,0,0,0,0,0,0,0,0,0,1,0,1
CONCHO COUNTY,095,89 Years,8,2,6,5,1,4,0,0,0,0,0,0,0,0,0,3,1,2
CONCHO COUNTY,095,90 Years,9,3,6,6,2,4,0,0,0,0,0,0,0,0,0,3,1,2
CONCHO COUNTY,095,91 Years,5,2,3,4,2,2,0,0,0,0,0,0,0,0,0,1,0,1
CONCHO COUNTY,095,92 Years,5,2,3,4,2,2,0,0,0,0,0,0,0,0,0,1,0,1
CONCHO COUNTY,095,93 Years,4,1,3,3,1,2,0,0,0,0,0,0,0,0,0,1,0,1
CONCHO COUNTY,095,94 Years,4,1,3,4,1,3,0,0,0,0,0,0,0,0,0,0,0,0
CONCHO COUNTY,095,95 Years +,16,5,11,8,2,6,0,0,0,0,0,0,0,0,0,8,3,5
COOKE COUNTY,097,All Ages,43561,21585,21976,31732,15577,16155,1307,703,604,352,144,208,1260,619,641,8910,4542,4368
COOKE COUNTY,097,< 1 Year,525,268,257,296,151,145,16,9,7,4,2,2,30,15,15,179,91,88
COOKE COUNTY,097,1 Years,513,260,253,285,146,139,18,9,9,5,2,3,25,12,13,180,91,89
COOKE COUNTY,097,2 Years,515,265,250,290,148,142,17,9,8,5,3,2,25,13,12,178,92,86
COOKE COUNTY,097,3 Years,556,275,281,320,158,162,15,8,7,3,1,2,25,14,11,193,94,99
COOKE COUNTY,097,4 Years,569,280,289,326,160,166,15,7,8,2,1,1,26,14,12,200,98,102
COOKE COUNTY,097,5 Years,594,301,293,336,169,167,16,8,8,3,2,1,33,17,16,206,105,101
COOKE COUNTY,097,6 Years,606,313,293,338,177,161,19,9,10,4,3,1,37,17,20,208,107,101
COOKE COUNTY,097,7 Years,608,319,289,345,184,161,20,10,10,4,3,1,34,15,19,205,107,98
COOKE COUNTY,097,8 Years,585,306,279,346,185,161,21,9,12,1,1,0,31,14,17,186,97,89
COOKE COUNTY,097,9 Years,582,312,270,354,188,166,20,10,10,4,3,1,25,14,11,179,97,82
COOKE COUNTY,097,10 Years,562,295,267,341,176,165,19,10,9,3,3,0,25,14,11,174,92,82
COOKE COUNTY,097,11 Years,549,287,262,335,175,160,16,9,7,2,1,1,25,12,13,171,90,81
COOKE COUNTY,097,12 Years,536,278,258,329,181,148,15,7,8,2,0,2,24,12,12,166,78,88
COOKE COUNTY,097,13 Years,523,271,252,319,175,144,15,8,7,3,0,3,20,10,10,166,78,88
COOKE COUNTY,097,14 Years,539,277,262,328,175,153,12,6,6,4,1,3,19,8,11,176,87,89
COOKE COUNTY,097,15 Years,581,307,274,348,179,169,24,18,6,5,1,4,21,10,11,183,99,84
COOKE COUNTY,097,16 Years,601,325,276,360,187,173,38,31,7,4,1,3,20,11,9,179,95,84
COOKE COUNTY,097,17 Years,578,324,254,337,188,149,47,39,8,3,0,3,21,12,9,170,85,85
COOKE COUNTY,097,18 Years,514,283,231,295,165,130,33,24,9,2,0,2,16,9,7,168,85,83
COOKE COUNTY,097,19 Years,521,290,231,301,158,143,32,23,9,3,1,2,16,7,9,169,101,68
COOKE COUNTY,097,20 Years,509,271,238,299,150,149,26,16,10,8,6,2,14,5,9,162,94,68
COOKE COUNTY,097,21 Years,506,255,251,298,147,151,22,13,9,5,2,3,14,5,9,167,88,79
COOKE COUNTY,097,22 Years,469,233,236,275,136,139,18,9,9,2,1,1,14,5,9,160,82,78
COOKE COUNTY,097,23 Years,450,230,220,274,139,135,14,8,6,1,0,1,17,8,9,144,75,69
COOKE COUNTY,097,24 Years,493,250,243,316,162,154,18,8,10,5,1,4,16,9,7,138,70,68
COOKE COUNTY,097,25 Years,525,270,255,350,178,172,14,7,7,5,1,4,23,16,7,133,68,65
COOKE COUNTY,097,26 Years,549,276,273,375,188,187,15,9,6,7,3,4,22,15,7,130,61,69
COOKE COUNTY,097,27 Years,547,269,278,372,186,186,17,9,8,7,4,3,14,8,6,137,62,75
COOKE COUNTY,097,28 Years,527,270,257,346,178,168,14,9,5,7,3,4,12,5,7,148,75,73
COOKE COUNTY,097,29 Years,514,271,243,338,168,170,17,12,5,8,3,5,13,5,8,138,83,55
COOKE COUNTY,097,30 Years,552,287,265,373,196,177,19,9,10,4,3,1,22,11,11,134,68,66
COOKE COUNTY,097,31 Years,579,274,305,408,201,207,14,4,10,6,2,4,20,10,10,131,57,74
COOKE COUNTY,097,32 Years,578,280,298,418,208,210,18,7,11,3,2,1,15,9,6,124,54,70
COOKE COUNTY,097,33 Years,545,276,269,392,202,190,22,11,11,5,2,3,14,9,5,112,52,60
COOKE COUNTY,097,34 Years,537,265,272,382,194,188,19,10,9,6,3,3,15,8,7,115,50,65
COOKE COUNTY,097,35 Years,509,252,257,371,183,188,14,9,5,4,1,3,10,4,6,110,55,55
COOKE COUNTY,097,36 Years,496,257,239,351,173,178,15,9,6,6,2,4,13,4,9,111,69,42
COOKE COUNTY,097,37 Years,463,236,227,327,164,163,15,8,7,6,3,3,10,4,6,105,57,48
COOKE COUNTY,097,38 Years,462,232,230,336,173,163,14,5,9,4,2,2,7,3,4,101,49,52
COOKE COUNTY,097,39 Years,502,237,265,365,176,189,17,7,10,8,2,6,11,4,7,101,48,53
COOKE COUNTY,097,40 Years,496,238,258,353,165,188,16,8,8,6,1,5,10,5,5,111,59,52
COOKE COUNTY,097,41 Years,484,244,240,354,175,179,12,8,4,4,2,2,16,6,10,98,53,45
COOKE COUNTY,097,42 Years,482,243,239,351,176,175,10,6,4,5,3,2,14,5,9,102,53,49
COOKE COUNTY,097,43 Years,484,239,245,334,167,167,9,5,4,5,2,3,13,3,10,123,62,61
COOKE COUNTY,097,44 Years,485,239,246,336,165,171,14,10,4,4,2,2,13,6,7,118,56,62
COOKE COUNTY,097,45 Years,459,224,235,322,155,167,14,7,7,8,2,6,9,7,2,106,53,53
COOKE COUNTY,097,46 Years,445,214,231,306,147,159,15,9,6,7,1,6,11,7,4,106,50,56
COOKE COUNTY,097,47 Years,465,222,243,327,156,171,20,12,8,8,1,7,13,7,6,97,46,51
COOKE COUNTY,097,48 Years,473,226,247,343,169,174,12,8,4,9,4,5,8,2,6,101,43,58
COOKE COUNTY,097,49 Years,456,223,233,338,167,171,8,5,3,6,3,3,6,1,5,98,47,51
COOKE COUNTY,097,50 Years,468,233,235,353,166,187,11,7,4,5,3,2,11,7,4,88,50,38
COOKE COUNTY,097,51 Years,499,236,263,394,178,216,11,6,5,5,3,2,12,8,4,77,41,36
COOKE COUNTY,097,52 Years,508,241,267,413,191,222,12,6,6,2,1,1,7,3,4,74,40,34
COOKE COUNTY,097,53 Years,501,231,270,403,186,217,18,7,11,1,0,1,10,4,6,69,34,35
COOKE COUNTY,097,54 Years,498,247,251,392,194,198,18,10,8,6,1,5,9,6,3,73,36,37
COOKE COUNTY,097,55 Years,522,261,261,416,211,205,17,7,10,7,3,4,8,4,4,74,36,38
COOKE COUNTY,097,56 Years,538,253,285,435,206,229,15,4,11,4,1,3,14,6,8,70,36,34
COOKE COUNTY,097,57 Years,538,257,281,441,207,234,11,2,9,4,1,3,13,9,4,69,38,31
COOKE COUNTY,097,58 Years,570,278,292,463,225,238,12,5,7,3,1,2,16,10,6,76,37,39
COOKE COUNTY,097,59 Years,630,299,331,516,244,272,13,8,5,5,2,3,14,6,8,82,39,43
COOKE COUNTY,097,60 Years,609,312,297,495,248,247,13,8,5,6,3,3,15,9,6,80,44,36
COOKE COUNTY,097,61 Years,614,310,304,516,251,265,17,12,5,4,3,1,13,9,4,64,35,29
COOKE COUNTY,097,62 Years,625,311,314,520,254,266,19,10,9,5,3,2,11,7,4,70,37,33
COOKE COUNTY,097,63 Years,642,294,348,545,248,297,17,5,12,6,3,3,12,6,6,62,32,30
COOKE COUNTY,097,64 Years,647,297,350,558,258,300,15,4,11,5,0,5,13,4,9,56,31,25
COOKE COUNTY,097,65 Years,604,288,316,523,246,277,17,7,10,5,2,3,13,6,7,46,27,19
COOKE COUNTY,097,66 Years,585,283,302,507,244,263,18,8,10,3,1,2,10,4,6,47,26,21
COOKE COUNTY,097,67 Years,589,289,300,500,245,255,23,10,13,4,3,1,10,3,7,52,28,24
COOKE COUNTY,097,68 Years,566,279,287,501,245,256,13,6,7,4,3,1,8,4,4,40,21,19
COOKE COUNTY,097,69 Years,537,258,279,479,229,250,9,5,4,3,1,2,8,4,4,38,19,19
COOKE COUNTY,097,70 Years,504,242,262,445,212,233,7,3,4,5,4,1,12,7,5,35,16,19
COOKE COUNTY,097,71 Years,464,232,232,414,210,204,7,3,4,3,1,2,10,6,4,30,12,18
COOKE COUNTY,097,72 Years,455,225,230,408,207,201,10,3,7,3,0,3,5,3,2,29,12,17
COOKE COUNTY,097,73 Years,456,221,235,407,198,209,12,5,7,1,0,1,10,5,5,26,13,13
COOKE COUNTY,097,74 Years,418,191,227,377,173,204,7,2,5,4,2,2,8,4,4,22,10,12
COOKE COUNTY,097,75 Years,416,198,218,377,180,197,10,5,5,2,1,1,8,4,4,19,8,11
COOKE COUNTY,097,76 Years,372,178,194,337,162,175,11,5,6,0,0,0,9,4,5,15,7,8
COOKE COUNTY,097,77 Years,337,160,177,309,147,162,8,4,4,1,0,1,7,3,4,12,6,6
COOKE COUNTY,097,78 Years,310,133,177,291,126,165,2,1,1,2,0,2,4,2,2,11,4,7
COOKE COUNTY,097,79 Years,295,131,164,273,121,152,4,2,2,2,1,1,3,2,1,13,5,8
COOKE COUNTY,097,80 Years,256,117,139,235,108,127,4,2,2,2,1,1,4,1,3,11,5,6
COOKE COUNTY,097,81 Years,228,100,128,208,91,117,3,1,2,1,0,1,6,2,4,10,6,4
COOKE COUNTY,097,82 Years,217,93,124,204,89,115,3,1,2,0,0,0,4,0,4,6,3,3
COOKE COUNTY,097,83 Years,196,90,106,180,82,98,3,1,2,0,0,0,4,0,4,9,7,2
COOKE COUNTY,097,84 Years,174,81,93,157,70,87,4,2,2,0,0,0,4,2,2,9,7,2
COOKE COUNTY,097,85 Years,156,69,87,140,61,79,4,2,2,0,0,0,5,2,3,7,4,3
COOKE COUNTY,097,86 Years,143,62,81,133,58,75,1,0,1,0,0,0,4,2,2,5,2,3
COOKE COUNTY,097,87 Years,126,54,72,118,51,67,1,0,1,0,0,0,1,1,0,6,2,4
COOKE COUNTY,097,88 Years,111,49,62,103,43,60,1,1,0,0,0,0,2,1,1,5,4,1
COOKE COUNTY,097,89 Years,92,40,52,82,34,48,1,1,0,1,0,1,3,1,2,5,4,1
COOKE COUNTY,097,90 Years,75,32,43,66,27,39,1,1,0,1,0,1,3,1,2,4,3,1
COOKE COUNTY,097,91 Years,65,24,41,57,22,35,1,0,1,1,0,1,3,1,2,3,1,2
COOKE COUNTY,097,92 Years,51,19,32,46,18,28,0,0,0,0,0,0,2,0,2,3,1,2
COOKE COUNTY,097,93 Years,38,13,25,35,13,22,0,0,0,0,0,0,1,0,1,2,0,2
COOKE COUNTY,097,94 Years,32,10,22,29,9,20,0,0,0,0,0,0,1,0,1,2,1,1
COOKE COUNTY,097,95 Years +,86,25,61,72,20,52,3,1,2,1,0,1,3,0,3,7,4,3
CORYELL COUNTY,099,All Ages,84045,42147,41898,45917,22890,23027,13478,6708,6770,1612,694,918,6134,3168,2966,16904,8687,8217
CORYELL COUNTY,099,< 1 Year,1034,527,507,435,221,214,160,80,80,22,11,11,109,56,53,308,159,149
CORYELL COUNTY,099,1 Years,1040,531,509,427,218,209,175,89,86,16,9,7,86,44,42,336,171,165
CORYELL COUNTY,099,2 Years,1059,539,520,439,223,216,179,91,88,16,9,7,85,43,42,340,173,167
CORYELL COUNTY,099,3 Years,1140,584,556,493,255,238,158,83,75,15,9,6,147,71,76,327,166,161
CORYELL COUNTY,099,4 Years,1168,592,576,508,260,248,160,80,80,13,7,6,166,83,83,321,162,159
CORYELL COUNTY,099,5 Years,1144,567,577,500,250,250,160,77,83,12,6,6,168,81,87,304,153,151
CORYELL COUNTY,099,6 Years,1185,582,603,526,260,266,163,76,87,17,7,10,196,96,100,283,143,140
CORYELL COUNTY,099,7 Years,1222,603,619,560,278,282,162,74,88,15,6,9,225,112,113,260,133,127
CORYELL COUNTY,099,8 Years,1235,631,604,566,285,281,166,82,84,14,7,7,184,94,90,305,163,142
CORYELL COUNTY,099,9 Years,1179,613,566,546,279,267,152,78,74,16,9,7,155,82,73,310,165,145
CORYELL COUNTY,099,10 Years,1131,595,536,534,271,263,139,79,60,16,9,7,153,80,73,289,156,133
CORYELL COUNTY,099,11 Years,1078,576,502,500,256,244,131,74,57,17,12,5,160,90,70,270,144,126
CORYELL COUNTY,099,12 Years,1122,557,565,521,258,263,140,64,76,17,10,7,172,88,84,272,137,135
CORYELL COUNTY,099,13 Years,953,473,480,449,224,225,138,62,76,10,5,5,126,62,64,230,120,110
CORYELL COUNTY,099,14 Years,869,438,431,415,205,210,126,62,64,8,4,4,107,52,55,213,115,98
CORYELL COUNTY,099,15 Years,865,448,417,425,225,200,117,58,59,10,5,5,111,56,55,202,104,98
CORYELL COUNTY,099,16 Years,904,477,427,445,241,204,127,62,65,12,8,4,108,53,55,212,113,99
CORYELL COUNTY,099,17 Years,960,551,409,475,285,190,138,75,63,13,7,6,102,54,48,232,130,102
CORYELL COUNTY,099,18 Years,901,507,394,462,271,191,125,65,60,14,6,8,97,54,43,203,111,92
CORYELL COUNTY,099,19 Years,936,516,420,475,269,206,138,71,67,12,6,6,107,58,49,204,112,92
CORYELL COUNTY,099,20 Years,1363,877,486,716,485,231,254,163,91,23,14,9,105,58,47,265,157,108
CORYELL COUNTY,099,21 Years,1467,969,498,780,553,227,257,167,90,24,19,5,117,63,54,289,167,122
CORYELL COUNTY,099,22 Years,1525,926,599,857,553,304,236,133,103,27,20,7,105,50,55,300,170,130
CORYELL COUNTY,099,23 Years,1770,1070,700,1022,653,369,233,116,117,43,31,12,129,77,52,343,193,150
CORYELL COUNTY,099,24 Years,1792,1033,759,1041,643,398,207,84,123,46,32,14,145,85,60,353,189,164
CORYELL COUNTY,099,25 Years,1528,825,703,759,422,337,267,135,132,38,25,13,128,71,57,336,172,164
CORYELL COUNTY,099,26 Years,1643,862,781,813,426,387,308,158,150,36,27,9,122,67,55,364,184,180
CORYELL COUNTY,099,27 Years,1589,855,734,666,357,309,362,185,177,34,21,13,138,87,51,389,205,184
CORYELL COUNTY,099,28 Years,1800,983,817,823,443,380,387,212,175,42,25,17,134,82,52,414,221,193
CORYELL COUNTY,099,29 Years,1773,937,836,862,454,408,373,198,175,30,19,11,126,74,52,382,192,190
CORYELL COUNTY,099,30 Years,1640,847,793,780,394,386,342,193,149,41,23,18,122,69,53,355,168,187
CORYELL COUNTY,099,31 Years,1758,931,827,880,450,430,347,193,154,49,22,27,110,65,45,372,201,171
CORYELL COUNTY,099,32 Years,1674,837,837,934,473,461,258,109,149,41,14,27,93,54,39,348,187,161
CORYELL COUNTY,099,33 Years,1455,718,737,806,405,401,219,89,130,25,13,12,81,40,41,324,171,153
CORYELL COUNTY,099,34 Years,1498,753,745,757,372,385,292,153,139,21,13,8,94,43,51,334,172,162
CORYELL COUNTY,099,35 Years,1460,712,748,719,341,378,302,157,145,21,11,10,91,43,48,327,160,167
CORYELL COUNTY,099,36 Years,1402,659,743,712,324,388,279,145,134,22,11,11,79,36,43,310,143,167
CORYELL COUNTY,099,37 Years,1441,736,705,757,384,373,264,139,125,26,14,12,74,31,43,320,168,152
CORYELL COUNTY,099,38 Years,1326,668,658,697,335,362,254,133,121,23,12,11,65,28,37,287,160,127
CORYELL COUNTY,099,39 Years,1302,652,650,676,321,355,253,128,125,19,9,10,60,35,25,294,159,135
CORYELL COUNTY,099,40 Years,1271,611,660,646,292,354,237,117,120,25,7,18,75,39,36,288,156,132
CORYELL COUNTY,099,41 Years,1184,556,628,619,276,343,229,107,122,20,5,15,59,30,29,257,138,119
CORYELL COUNTY,099,42 Years,1207,570,637,624,285,339,234,109,125,21,8,13,62,34,28,266,134,132
CORYELL COUNTY,099,43 Years,1153,549,604,582,273,309,227,109,118,23,8,15,64,36,28,257,123,134
CORYELL COUNTY,099,44 Years,1106,513,593,565,255,310,223,108,115,18,4,14,62,30,32,238,116,122
CORYELL COUNTY,099,45 Years,1023,480,543,525,241,284,213,101,112,16,6,10,58,29,29,211,103,108
CORYELL COUNTY,099,46 Years,956,434,522,488,211,277,195,91,104,19,7,12,45,22,23,209,103,106
CORYELL COUNTY,099,47 Years,913,408,505,492,217,275,170,77,93,18,4,14,47,20,27,186,90,96
CORYELL COUNTY,099,48 Years,951,441,510,527,238,289,179,81,98,18,5,13,39,19,20,188,98,90
CORYELL COUNTY,099,49 Years,971,459,512,536,253,283,194,86,108,18,3,15,42,20,22,181,97,84
CORYELL COUNTY,099,50 Years,923,443,480,528,249,279,182,88,94,19,5,14,34,18,16,160,83,77
CORYELL COUNTY,099,51 Years,923,430,493,543,252,291,174,78,96,19,6,13,33,18,15,154,76,78
CORYELL COUNTY,099,52 Years,869,390,479,532,243,289,155,63,92,20,5,15,31,17,14,131,62,69
CORYELL COUNTY,099,53 Years,777,347,430,498,216,282,132,59,73,14,6,8,26,15,11,107,51,56
CORYELL COUNTY,099,54 Years,739,337,402,472,211,261,131,58,73,10,5,5,29,15,14,97,48,49
CORYELL COUNTY,099,55 Years,678,326,352,421,200,221,127,57,70,10,6,4,23,12,11,97,51,46
CORYELL COUNTY,099,56 Years,653,306,347,409,189,220,115,51,64,9,3,6,21,11,10,99,52,47
CORYELL COUNTY,099,57 Years,686,327,359,437,208,229,114,50,64,12,5,7,26,15,11,97,49,48
CORYELL COUNTY,099,58 Years,755,356,399,494,229,265,121,54,67,10,3,7,27,14,13,103,56,47
CORYELL COUNTY,099,59 Years,738,333,405,495,224,271,109,45,64,8,2,6,28,13,15,98,49,49
CORYELL COUNTY,099,60 Years,704,317,387,479,218,261,103,44,59,5,2,3,23,9,14,94,44,50
CORYELL COUNTY,099,61 Years,676,308,368,452,209,243,96,42,54,10,1,9,27,13,14,91,43,48
CORYELL COUNTY,099,62 Years,680,308,372,458,208,250,91,42,49,19,3,16,26,13,13,86,42,44
CORYELL COUNTY,099,63 Years,698,310,388,468,214,254,91,47,44,25,4,21,24,9,15,90,36,54
CORYELL COUNTY,099,64 Years,690,306,384,471,220,251,89,43,46,21,5,16,27,8,19,82,30,52
CORYELL COUNTY,099,65 Years,673,301,372,470,207,263,83,42,41,19,7,12,23,11,12,78,34,44
CORYELL COUNTY,099,66 Years,628,287,341,446,202,244,79,42,37,17,3,14,23,12,11,63,28,35
CORYELL COUNTY,099,67 Years,618,289,329,432,204,228,78,39,39,19,3,16,22,10,12,67,33,34
CORYELL COUNTY,099,68 Years,621,280,341,426,192,234,72,40,32,24,6,18,22,6,16,77,36,41
CORYELL COUNTY,099,69 Years,584,261,323,428,195,233,59,30,29,22,4,18,20,6,14,55,26,29
CORYELL COUNTY,099,70 Years,552,257,295,413,196,217,54,27,27,15,2,13,17,5,12,53,27,26
CORYELL COUNTY,099,71 Years,527,244,283,387,186,201,50,24,26,13,3,10,19,9,10,58,22,36
CORYELL COUNTY,099,72 Years,492,219,273,371,171,200,47,24,23,13,3,10,14,6,8,47,15,32
CORYELL COUNTY,099,73 Years,470,206,264,369,166,203,37,17,20,14,3,11,12,6,6,38,14,24
CORYELL COUNTY,099,74 Years,474,202,272,374,162,212,31,14,17,13,1,12,14,6,8,42,19,23
CORYELL COUNTY,099,75 Years,488,214,274,386,174,212,32,14,18,13,1,12,15,6,9,42,19,23
CORYELL COUNTY,099,76 Years,393,167,226,311,136,175,23,11,12,10,2,8,10,4,6,39,14,25
CORYELL COUNTY,099,77 Years,365,151,214,280,120,160,32,14,18,11,2,9,8,4,4,34,11,23
CORYELL COUNTY,099,78 Years,350,148,202,278,121,157,29,13,16,10,0,10,9,4,5,24,10,14
CORYELL COUNTY,099,79 Years,335,148,187,265,117,148,26,11,15,10,1,9,9,6,3,25,13,12
CORYELL COUNTY,099,80 Years,309,136,173,244,110,134,24,10,14,9,1,8,8,3,5,24,12,12
CORYELL COUNTY,099,81 Years,277,117,160,225,97,128,18,10,8,5,0,5,8,2,6,21,8,13
CORYELL COUNTY,099,82 Years,243,99,144,190,81,109,21,11,10,7,0,7,8,2,6,17,5,12
CORYELL COUNTY,099,83 Years,217,76,141,161,57,104,23,9,14,6,1,5,8,3,5,19,6,13
CORYELL COUNTY,099,84 Years,203,73,130,157,59,98,21,6,15,6,1,5,5,3,2,14,4,10
CORYELL COUNTY,099,85 Years,188,68,120,154,56,98,13,4,9,6,2,4,4,2,2,11,4,7
CORYELL COUNTY,099,86 Years,152,51,101,123,40,83,9,4,5,4,1,3,5,2,3,11,4,7
CORYELL COUNTY,099,87 Years,127,42,85,104,34,70,8,3,5,3,1,2,4,1,3,8,3,5
CORYELL COUNTY,099,88 Years,99,39,60,83,35,48,5,2,3,3,0,3,2,0,2,6,2,4
CORYELL COUNTY,099,89 Years,83,37,46,68,31,37,3,1,2,5,1,4,2,1,1,5,3,2
CORYELL COUNTY,099,90 Years,74,30,44,59,24,35,4,2,2,3,0,3,1,0,1,7,4,3
CORYELL COUNTY,099,91 Years,62,23,39,49,18,31,4,2,2,3,0,3,0,0,0,6,3,3
CORYELL COUNTY,099,92 Years,50,18,32,41,14,27,3,1,2,1,0,1,1,1,0,4,2,2
CORYELL COUNTY,099,93 Years,38,13,25,31,10,21,2,1,1,1,0,1,0,0,0,4,2,2
CORYELL COUNTY,099,94 Years,29,8,21,24,7,17,1,0,1,1,0,1,0,0,0,3,1,2
CORYELL COUNTY,099,95 Years +,69,21,48,49,15,34,8,1,7,3,0,3,1,1,0,8,4,4
COTTLE COUNTY,101,All Ages,1334,665,669,822,391,431,140,67,73,0,0,0,16,9,7,356,198,158
COTTLE COUNTY,101,< 1 Year,15,5,10,8,3,5,1,0,1,0,0,0,2,0,2,4,2,2
COTTLE COUNTY,101,1 Years,14,7,7,7,4,3,1,0,1,0,0,0,1,0,1,5,3,2
COTTLE COUNTY,101,2 Years,13,7,6,7,4,3,1,0,1,0,0,0,1,0,1,4,3,1
COTTLE COUNTY,101,3 Years,14,7,7,8,5,3,1,0,1,0,0,0,1,0,1,4,2,2
COTTLE COUNTY,101,4 Years,12,6,6,7,5,2,1,0,1,0,0,0,0,0,0,4,1,3
COTTLE COUNTY,101,5 Years,14,7,7,7,4,3,2,1,1,0,0,0,0,0,0,5,2,3
COTTLE COUNTY,101,6 Years,12,6,6,6,3,3,1,1,0,0,0,0,0,0,0,5,2,3
COTTLE COUNTY,101,7 Years,11,7,4,6,4,2,2,1,1,0,0,0,0,0,0,3,2,1
COTTLE COUNTY,101,8 Years,15,9,6,7,4,3,3,2,1,0,0,0,1,1,0,4,2,2
COTTLE COUNTY,101,9 Years,16,10,6,7,4,3,3,2,1,0,0,0,1,1,0,5,3,2
COTTLE COUNTY,101,10 Years,16,10,6,8,5,3,2,1,1,0,0,0,1,1,0,5,3,2
COTTLE COUNTY,101,11 Years,16,9,7,8,4,4,1,0,1,0,0,0,1,1,0,6,4,2
COTTLE COUNTY,101,12 Years,17,8,9,9,3,6,0,0,0,0,0,0,2,1,1,6,4,2
COTTLE COUNTY,101,13 Years,19,11,8,11,6,5,0,0,0,0,0,0,1,1,0,7,4,3
COTTLE COUNTY,101,14 Years,13,8,5,8,5,3,0,0,0,0,0,0,0,0,0,5,3,2
COTTLE COUNTY,101,15 Years,13,9,4,7,5,2,0,0,0,0,0,0,0,0,0,6,4,2
COTTLE COUNTY,101,16 Years,15,6,9,7,3,4,1,0,1,0,0,0,0,0,0,7,3,4
COTTLE COUNTY,101,17 Years,15,6,9,9,4,5,1,0,1,0,0,0,0,0,0,5,2,3
COTTLE COUNTY,101,18 Years,16,10,6,11,7,4,1,1,0,0,0,0,0,0,0,4,2,2
COTTLE COUNTY,101,19 Years,21,14,7,14,9,5,1,1,0,0,0,0,0,0,0,6,4,2
COTTLE COUNTY,101,20 Years,22,15,7,14,9,5,3,3,0,0,0,0,0,0,0,5,3,2
COTTLE COUNTY,101,21 Years,20,12,8,12,6,6,1,1,0,0,0,0,0,0,0,7,5,2
COTTLE COUNTY,101,22 Years,16,9,7,9,5,4,0,0,0,0,0,0,0,0,0,7,4,3
COTTLE COUNTY,101,23 Years,11,4,7,6,3,3,1,0,1,0,0,0,0,0,0,4,1,3
COTTLE COUNTY,101,24 Years,10,5,5,6,3,3,2,1,1,0,0,0,0,0,0,2,1,1
COTTLE COUNTY,101,25 Years,10,5,5,7,3,4,1,1,0,0,0,0,0,0,0,2,1,1
COTTLE COUNTY,101,26 Years,9,4,5,7,3,4,0,0,0,0,0,0,0,0,0,2,1,1
COTTLE COUNTY,101,27 Years,9,5,4,5,3,2,2,1,1,0,0,0,0,0,0,2,1,1
COTTLE COUNTY,101,28 Years,10,6,4,5,2,3,3,2,1,0,0,0,0,0,0,2,2,0
COTTLE COUNTY,101,29 Years,12,7,5,5,2,3,4,3,1,0,0,0,0,0,0,3,2,1
COTTLE COUNTY,101,30 Years,11,7,4,6,3,3,2,2,0,0,0,0,0,0,0,3,2,1
COTTLE COUNTY,101,31 Years,9,6,3,5,3,2,1,1,0,0,0,0,0,0,0,3,2,1
COTTLE COUNTY,101,32 Years,8,4,4,5,2,3,0,0,0,0,0,0,0,0,0,3,2,1
COTTLE COUNTY,101,33 Years,7,5,2,4,2,2,0,0,0,0,0,0,0,0,0,3,3,0
COTTLE COUNTY,101,34 Years,7,3,4,3,1,2,1,0,1,0,0,0,0,0,0,3,2,1
COTTLE COUNTY,101,35 Years,7,5,2,4,3,1,1,1,0,0,0,0,0,0,0,2,1,1
COTTLE COUNTY,101,36 Years,13,6,7,7,4,3,3,2,1,0,0,0,0,0,0,3,0,3
COTTLE COUNTY,101,37 Years,13,6,7,8,4,4,1,0,1,0,0,0,0,0,0,4,2,2
COTTLE COUNTY,101,38 Years,16,8,8,8,3,5,2,0,2,0,0,0,0,0,0,6,5,1
COTTLE COUNTY,101,39 Years,23,12,11,8,4,4,3,0,3,0,0,0,0,0,0,12,8,4
COTTLE COUNTY,101,40 Years,21,9,12,12,6,6,2,0,2,0,0,0,1,0,1,6,3,3
COTTLE COUNTY,101,41 Years,17,6,11,9,2,7,0,0,0,0,0,0,0,0,0,8,4,4
COTTLE COUNTY,101,42 Years,20,9,11,10,4,6,0,0,0,0,0,0,0,0,0,10,5,5
COTTLE COUNTY,101,43 Years,19,10,9,9,5,4,1,0,1,0,0,0,0,0,0,9,5,4
COTTLE COUNTY,101,44 Years,18,10,8,8,4,4,1,0,1,0,0,0,0,0,0,9,6,3
COTTLE COUNTY,101,45 Years,14,6,8,6,2,4,1,0,1,0,0,0,0,0,0,7,4,3
COTTLE COUNTY,101,46 Years,13,7,6,6,3,3,2,1,1,0,0,0,0,0,0,5,3,2
COTTLE COUNTY,101,47 Years,16,7,9,9,4,5,3,2,1,0,0,0,0,0,0,4,1,3
COTTLE COUNTY,101,48 Years,20,7,13,11,3,8,4,2,2,0,0,0,0,0,0,5,2,3
COTTLE COUNTY,101,49 Years,14,8,6,6,2,4,4,3,1,0,0,0,0,0,0,4,3,1
COTTLE COUNTY,101,50 Years,10,6,4,5,2,3,2,2,0,0,0,0,0,0,0,3,2,1
COTTLE COUNTY,101,51 Years,11,5,6,6,3,3,4,2,2,0,0,0,0,0,0,1,0,1
COTTLE COUNTY,101,52 Years,13,4,9,7,3,4,3,1,2,0,0,0,0,0,0,3,0,3
COTTLE COUNTY,101,53 Years,13,5,8,7,3,4,2,1,1,0,0,0,0,0,0,4,1,3
COTTLE COUNTY,101,54 Years,18,7,11,12,4,8,2,1,1,0,0,0,0,0,0,4,2,2
COTTLE COUNTY,101,55 Years,17,8,9,10,5,5,2,0,2,0,0,0,0,0,0,5,3,2
COTTLE COUNTY,101,56 Years,12,5,7,7,3,4,1,0,1,0,0,0,0,0,0,4,2,2
COTTLE COUNTY,101,57 Years,15,7,8,8,5,3,3,0,3,0,0,0,0,0,0,4,2,2
COTTLE COUNTY,101,58 Years,18,8,10,13,7,6,3,0,3,0,0,0,0,0,0,2,1,1
COTTLE COUNTY,101,59 Years,21,10,11,14,7,7,3,1,2,0,0,0,1,1,0,3,1,2
COTTLE COUNTY,101,60 Years,21,10,11,14,6,8,3,1,2,0,0,0,1,1,0,3,2,1
COTTLE COUNTY,101,61 Years,21,11,10,15,8,7,3,1,2,0,0,0,0,0,0,3,2,1
COTTLE COUNTY,101,62 Years,21,9,12,15,7,8,3,1,2,0,0,0,0,0,0,3,1,2
COTTLE COUNTY,101,63 Years,21,12,9,16,9,7,1,0,1,0,0,0,0,0,0,4,3,1
COTTLE COUNTY,101,64 Years,20,12,8,13,7,6,2,1,1,0,0,0,0,0,0,5,4,1
COTTLE COUNTY,101,65 Years,22,10,12,15,6,9,4,2,2,0,0,0,0,0,0,3,2,1
COTTLE COUNTY,101,66 Years,17,9,8,11,5,6,3,2,1,0,0,0,0,0,0,3,2,1
COTTLE COUNTY,101,67 Years,21,10,11,12,4,8,3,2,1,0,0,0,0,0,0,6,4,2
COTTLE COUNTY,101,68 Years,19,9,10,12,5,7,1,1,0,0,0,0,0,0,0,6,3,3
COTTLE COUNTY,101,69 Years,16,6,10,13,5,8,1,0,1,0,0,0,0,0,0,2,1,1
COTTLE COUNTY,101,70 Years,17,7,10,13,5,8,2,1,1,0,0,0,0,0,0,2,1,1
COTTLE COUNTY,101,71 Years,23,12,11,18,9,9,2,1,1,0,0,0,0,0,0,3,2,1
COTTLE COUNTY,101,72 Years,21,12,9,17,10,7,1,1,0,0,0,0,0,0,0,3,1,2
COTTLE COUNTY,101,73 Years,18,8,10,13,6,7,1,1,0,0,0,0,0,0,0,4,1,3
COTTLE COUNTY,101,74 Years,18,9,9,16,7,9,1,1,0,0,0,0,0,0,0,1,1,0
COTTLE COUNTY,101,75 Years,17,7,10,16,6,10,0,0,0,0,0,0,0,0,0,1,1,0
COTTLE COUNTY,101,76 Years,17,8,9,15,7,8,1,1,0,0,0,0,0,0,0,1,0,1
COTTLE COUNTY,101,77 Years,15,10,5,12,8,4,1,1,0,0,0,0,0,0,0,2,1,1
COTTLE COUNTY,101,78 Years,17,8,9,12,5,7,1,0,1,0,0,0,0,0,0,4,3,1
COTTLE COUNTY,101,79 Years,15,7,8,11,4,7,1,0,1,0,0,0,0,0,0,3,3,0
COTTLE COUNTY,101,80 Years,13,7,6,11,5,6,1,1,0,0,0,0,0,0,0,1,1,0
COTTLE COUNTY,101,81 Years,14,7,7,12,5,7,0,0,0,0,0,0,0,0,0,2,2,0
COTTLE COUNTY,101,82 Years,12,4,8,9,3,6,2,1,1,0,0,0,0,0,0,1,0,1
COTTLE COUNTY,101,83 Years,13,5,8,8,3,5,3,1,2,0,0,0,1,1,0,1,0,1
COTTLE COUNTY,101,84 Years,8,3,5,6,2,4,1,1,0,0,0,0,0,0,0,1,0,1
COTTLE COUNTY,101,85 Years,7,2,5,6,2,4,0,0,0,0,0,0,0,0,0,1,0,1
COTTLE COUNTY,101,86 Years,7,3,4,7,3,4,0,0,0,0,0,0,0,0,0,0,0,0
COTTLE COUNTY,101,87 Years,6,2,4,6,2,4,0,0,0,0,0,0,0,0,0,0,0,0
COTTLE COUNTY,101,88 Years,3,0,3,2,0,2,0,0,0,0,0,0,0,0,0,1,0,1
COTTLE COUNTY,101,89 Years,3,1,2,2,1,1,0,0,0,0,0,0,0,0,0,1,0,1
COTTLE COUNTY,101,90 Years,3,1,2,1,0,1,0,0,0,0,0,0,0,0,0,2,1,1
COTTLE COUNTY,101,91 Years,4,2,2,1,0,1,1,1,0,0,0,0,0,0,0,2,1,1
COTTLE COUNTY,101,92 Years,1,1,0,0,0,0,0,0,0,0,0,0,0,0,0,1,1,0
COTTLE COUNTY,101,93 Years,0,0,0,0,0,0,0,0,0,0,0,0,0,0,0,0,0,0
COTTLE COUNTY,101,94 Years,0,0,0,0,0,0,0,0,0,0,0,0,0,0,0,0,0,0
COTTLE COUNTY,101,95 Years +,3,1,2,1,0,1,0,0,0,0,0,0,0,0,0,2,1,1
CRANE COUNTY,103,All Ages,4757,2426,2331,1351,659,692,117,68,49,3,0,3,43,30,13,3243,1669,1574
CRANE COUNTY,103,< 1 Year,72,36,36,13,7,6,0,0,0,0,0,0,2,0,2,57,29,28
CRANE COUNTY,103,1 Years,69,36,33,14,7,7,1,1,0,0,0,0,1,1,0,53,27,26
CRANE COUNTY,103,2 Years,69,36,33,14,7,7,1,1,0,0,0,0,1,1,0,53,27,26
CRANE COUNTY,103,3 Years,62,31,31,14,7,7,0,0,0,0,0,0,0,0,0,48,24,24
CRANE COUNTY,103,4 Years,64,31,33,14,7,7,2,1,1,0,0,0,0,0,0,48,23,25
CRANE COUNTY,103,5 Years,62,31,31,12,6,6,1,1,0,0,0,0,0,0,0,49,24,25
CRANE COUNTY,103,6 Years,69,37,32,13,6,7,2,1,1,0,0,0,0,0,0,54,30,24
CRANE COUNTY,103,7 Years,79,45,34,16,7,9,2,1,1,0,0,0,0,0,0,61,37,24
CRANE COUNTY,103,8 Years,77,44,33,16,9,7,2,1,1,0,0,0,0,0,0,59,34,25
CRANE COUNTY,103,9 Years,78,40,38,17,9,8,0,0,0,0,0,0,0,0,0,61,31,30
CRANE COUNTY,103,10 Years,76,37,39,16,9,7,0,0,0,0,0,0,0,0,0,60,28,32
CRANE COUNTY,103,11 Years,74,34,40,14,8,6,2,1,1,0,0,0,0,0,0,58,25,33
CRANE COUNTY,103,12 Years,81,34,47,15,7,8,3,0,3,0,0,0,0,0,0,63,27,36
CRANE COUNTY,103,13 Years,85,39,46,16,6,10,3,1,2,0,0,0,1,1,0,65,31,34
CRANE COUNTY,103,14 Years,83,42,41,19,7,12,1,0,1,0,0,0,1,1,0,62,34,28
CRANE COUNTY,103,15 Years,74,37,37,15,8,7,2,1,1,0,0,0,1,1,0,56,27,29
CRANE COUNTY,103,16 Years,73,34,39,13,7,6,2,0,2,0,0,0,0,0,0,58,27,31
CRANE COUNTY,103,17 Years,85,44,41,20,10,10,1,0,1,0,0,0,0,0,0,64,34,30
CRANE COUNTY,103,18 Years,86,40,46,19,10,9,0,0,0,0,0,0,0,0,0,67,30,37
CRANE COUNTY,103,19 Years,78,39,39,19,12,7,2,2,0,0,0,0,0,0,0,57,25,32
CRANE COUNTY,103,20 Years,66,37,29,20,10,10,2,2,0,0,0,0,0,0,0,44,25,19
CRANE COUNTY,103,21 Years,73,40,33,20,10,10,2,2,0,0,0,0,1,0,1,50,28,22
CRANE COUNTY,103,22 Years,85,42,43,23,9,14,0,0,0,0,0,0,1,0,1,61,33,28
CRANE COUNTY,103,23 Years,67,37,30,17,8,9,1,1,0,0,0,0,0,0,0,49,28,21
CRANE COUNTY,103,24 Years,60,34,26,13,7,6,2,2,0,0,0,0,0,0,0,45,25,20
CRANE COUNTY,103,25 Years,56,29,27,11,6,5,2,1,1,0,0,0,0,0,0,43,22,21
CRANE COUNTY,103,26 Years,57,30,27,13,7,6,3,2,1,0,0,0,0,0,0,41,21,20
CRANE COUNTY,103,27 Years,59,30,29,14,7,7,1,0,1,0,0,0,2,2,0,42,21,21
CRANE COUNTY,103,28 Years,67,34,33,16,8,8,1,0,1,0,0,0,2,2,0,48,24,24
CRANE COUNTY,103,29 Years,65,34,31,14,6,8,1,1,0,0,0,0,1,1,0,49,26,23
CRANE COUNTY,103,30 Years,68,36,32,13,7,6,1,1,0,1,0,1,2,2,0,51,26,25
CRANE COUNTY,103,31 Years,61,35,26,11,8,3,1,1,0,0,0,0,2,2,0,47,24,23
CRANE COUNTY,103,32 Years,47,27,20,8,4,4,1,1,0,0,0,0,1,1,0,37,21,16
CRANE COUNTY,103,33 Years,54,30,24,14,7,7,0,0,0,0,0,0,1,1,0,39,22,17
CRANE COUNTY,103,34 Years,61,34,27,16,10,6,0,0,0,0,0,0,1,1,0,44,23,21
CRANE COUNTY,103,35 Years,50,30,20,10,6,4,3,3,0,0,0,0,1,0,1,36,21,15
CRANE COUNTY,103,36 Years,57,34,23,14,8,6,3,3,0,0,0,0,0,0,0,40,23,17
CRANE COUNTY,103,37 Years,61,32,29,16,8,8,2,2,0,0,0,0,1,1,0,42,21,21
CRANE COUNTY,103,38 Years,72,38,34,15,8,7,1,1,0,0,0,0,1,0,1,55,29,26
CRANE COUNTY,103,39 Years,74,37,37,14,8,6,2,2,0,0,0,0,1,0,1,57,27,30
CRANE COUNTY,103,40 Years,65,36,29,16,7,9,3,3,0,0,0,0,1,1,0,45,25,20
CRANE COUNTY,103,41 Years,75,44,31,22,11,11,2,2,0,0,0,0,1,1,0,50,30,20
CRANE COUNTY,103,42 Years,59,31,28,19,11,8,2,0,2,0,0,0,1,1,0,37,19,18
CRANE COUNTY,103,43 Years,49,26,23,15,9,6,2,1,1,0,0,0,0,0,0,32,16,16
CRANE COUNTY,103,44 Years,61,29,32,18,7,11,2,0,2,0,0,0,1,1,0,40,21,19
CRANE COUNTY,103,45 Years,59,30,29,15,4,11,2,1,1,0,0,0,1,1,0,41,24,17
CRANE COUNTY,103,46 Years,67,31,36,12,5,7,2,2,0,0,0,0,0,0,0,53,24,29
CRANE COUNTY,103,47 Years,71,30,41,12,5,7,1,1,0,0,0,0,0,0,0,58,24,34
CRANE COUNTY,103,48 Years,51,30,21,8,4,4,2,2,0,0,0,0,0,0,0,41,24,17
CRANE COUNTY,103,49 Years,47,27,20,12,4,8,2,2,0,0,0,0,0,0,0,33,21,12
CRANE COUNTY,103,50 Years,58,31,27,15,6,9,2,2,0,0,0,0,0,0,0,41,23,18
CRANE COUNTY,103,51 Years,68,29,39,21,6,15,2,2,0,0,0,0,0,0,0,45,21,24
CRANE COUNTY,103,52 Years,52,20,32,20,7,13,3,1,2,0,0,0,0,0,0,29,12,17
CRANE COUNTY,103,53 Years,44,26,18,16,8,8,2,1,1,0,0,0,1,1,0,25,16,9
CRANE COUNTY,103,54 Years,44,25,19,17,8,9,1,0,1,0,0,0,0,0,0,26,17,9
CRANE COUNTY,103,55 Years,51,27,24,21,11,10,0,0,0,0,0,0,0,0,0,30,16,14
CRANE COUNTY,103,56 Years,57,27,30,21,11,10,2,2,0,0,0,0,0,0,0,34,14,20
CRANE COUNTY,103,57 Years,52,26,26,21,10,11,3,2,1,0,0,0,0,0,0,28,14,14
CRANE COUNTY,103,58 Years,55,26,29,21,9,12,2,0,2,0,0,0,1,0,1,31,17,14
CRANE COUNTY,103,59 Years,60,30,30,26,14,12,2,1,1,0,0,0,0,0,0,32,15,17
CRANE COUNTY,103,60 Years,56,31,25,27,15,12,1,1,0,0,0,0,0,0,0,28,15,13
CRANE COUNTY,103,61 Years,49,28,21,22,12,10,1,0,1,0,0,0,1,0,1,25,16,9
CRANE COUNTY,103,62 Years,49,29,20,21,11,10,1,1,0,0,0,0,1,0,1,26,17,9
CRANE COUNTY,103,63 Years,52,25,27,21,9,12,0,0,0,0,0,0,1,1,0,30,15,15
CRANE COUNTY,103,64 Years,43,22,21,22,11,11,0,0,0,0,0,0,0,0,0,21,11,10
CRANE COUNTY,103,65 Years,42,18,24,19,10,9,0,0,0,1,0,1,1,1,0,21,7,14
CRANE COUNTY,103,66 Years,43,21,22,19,10,9,1,0,1,1,0,1,0,0,0,22,11,11
CRANE COUNTY,103,67 Years,40,22,18,17,8,9,1,0,1,0,0,0,0,0,0,22,14,8
CRANE COUNTY,103,68 Years,38,20,18,16,8,8,1,0,1,0,0,0,0,0,0,21,12,9
CRANE COUNTY,103,69 Years,35,19,16,15,7,8,1,1,0,0,0,0,1,1,0,18,10,8
CRANE COUNTY,103,70 Years,35,19,16,16,9,7,1,0,1,0,0,0,1,1,0,17,9,8
CRANE COUNTY,103,71 Years,31,19,12,15,9,6,1,1,0,0,0,0,0,0,0,15,9,6
CRANE COUNTY,103,72 Years,34,16,18,14,7,7,1,0,1,0,0,0,1,0,1,18,9,9
CRANE COUNTY,103,73 Years,32,15,17,11,6,5,2,1,1,0,0,0,2,0,2,17,8,9
CRANE COUNTY,103,74 Years,25,12,13,13,6,7,3,1,2,0,0,0,1,1,0,8,4,4
CRANE COUNTY,103,75 Years,23,10,13,15,6,9,1,0,1,0,0,0,1,1,0,6,3,3
CRANE COUNTY,103,76 Years,24,11,13,13,6,7,0,0,0,0,0,0,0,0,0,11,5,6
CRANE COUNTY,103,77 Years,22,10,12,10,5,5,1,0,1,0,0,0,0,0,0,11,5,6
CRANE COUNTY,103,78 Years,18,6,12,8,3,5,0,0,0,0,0,0,0,0,0,10,3,7
CRANE COUNTY,103,79 Years,17,6,11,8,3,5,0,0,0,0,0,0,0,0,0,9,3,6
CRANE COUNTY,103,80 Years,12,5,7,7,3,4,0,0,0,0,0,0,0,0,0,5,2,3
CRANE COUNTY,103,81 Years,16,6,10,7,3,4,1,0,1,0,0,0,0,0,0,8,3,5
CRANE COUNTY,103,82 Years,16,7,9,7,3,4,1,0,1,0,0,0,0,0,0,8,4,4
CRANE COUNTY,103,83 Years,15,7,8,8,4,4,1,0,1,0,0,0,0,0,0,6,3,3
CRANE COUNTY,103,84 Years,12,6,6,7,3,4,0,0,0,0,0,0,0,0,0,5,3,2
CRANE COUNTY,103,85 Years,10,6,4,4,3,1,0,0,0,0,0,0,0,0,0,6,3,3
CRANE COUNTY,103,86 Years,11,5,6,4,2,2,0,0,0,0,0,0,0,0,0,7,3,4
CRANE COUNTY,103,87 Years,11,4,7,6,2,4,0,0,0,0,0,0,0,0,0,5,2,3
CRANE COUNTY,103,88 Years,8,2,6,5,1,4,0,0,0,0,0,0,0,0,0,3,1,2
CRANE COUNTY,103,89 Years,6,2,4,5,2,3,0,0,0,0,0,0,0,0,0,1,0,1
CRANE COUNTY,103,90 Years,6,3,3,4,2,2,0,0,0,0,0,0,0,0,0,2,1,1
CRANE COUNTY,103,91 Years,5,2,3,4,2,2,0,0,0,0,0,0,0,0,0,1,0,1
CRANE COUNTY,103,92 Years,5,1,4,3,1,2,0,0,0,0,0,0,0,0,0,2,0,2
CRANE COUNTY,103,93 Years,2,1,1,2,1,1,0,0,0,0,0,0,0,0,0,0,0,0
CRANE COUNTY,103,94 Years,1,0,1,1,0,1,0,0,0,0,0,0,0,0,0,0,0,0
CRANE COUNTY,103,95 Years +,12,2,10,6,1,5,2,0,2,0,0,0,0,0,0,4,1,3
CROCKETT COUNTY,105,All Ages,2960,1497,1463,1003,497,506,2,2,0,2,0,2,17,12,5,1936,986,950
CROCKETT COUNTY,105,< 1 Year,40,21,19,11,6,5,0,0,0,0,0,0,2,1,1,27,14,13
CROCKETT COUNTY,105,1 Years,41,22,19,11,6,5,0,0,0,0,0,0,1,1,0,29,15,14
CROCKETT COUNTY,105,2 Years,41,21,20,11,6,5,0,0,0,0,0,0,1,0,1,29,15,14
CROCKETT COUNTY,105,3 Years,35,19,16,8,5,3,0,0,0,0,0,0,1,0,1,26,14,12
CROCKETT COUNTY,105,4 Years,31,17,14,7,4,3,0,0,0,0,0,0,0,0,0,24,13,11
CROCKETT COUNTY,105,5 Years,29,14,15,7,3,4,0,0,0,0,0,0,0,0,0,22,11,11
CROCKETT COUNTY,105,6 Years,34,16,18,8,5,3,0,0,0,0,0,0,0,0,0,26,11,15
CROCKETT COUNTY,105,7 Years,40,19,21,9,5,4,0,0,0,0,0,0,0,0,0,31,14,17
CROCKETT COUNTY,105,8 Years,45,23,22,9,5,4,0,0,0,0,0,0,1,1,0,35,17,18
CROCKETT COUNTY,105,9 Years,44,22,22,10,4,6,0,0,0,0,0,0,0,0,0,34,18,16
CROCKETT COUNTY,105,10 Years,44,23,21,11,5,6,0,0,0,0,0,0,0,0,0,33,18,15
CROCKETT COUNTY,105,11 Years,45,24,21,13,5,8,0,0,0,0,0,0,0,0,0,32,19,13
CROCKETT COUNTY,105,12 Years,42,23,19,12,5,7,0,0,0,0,0,0,0,0,0,30,18,12
CROCKETT COUNTY,105,13 Years,44,24,20,12,6,6,0,0,0,0,0,0,2,0,2,30,18,12
CROCKETT COUNTY,105,14 Years,44,23,21,13,6,7,0,0,0,0,0,0,0,0,0,31,17,14
CROCKETT COUNTY,105,15 Years,48,25,23,14,7,7,0,0,0,0,0,0,0,0,0,34,18,16
CROCKETT COUNTY,105,16 Years,44,21,23,12,7,5,0,0,0,0,0,0,0,0,0,32,14,18
CROCKETT COUNTY,105,17 Years,41,20,21,9,5,4,0,0,0,0,0,0,0,0,0,32,15,17
CROCKETT COUNTY,105,18 Years,44,21,23,12,6,6,0,0,0,0,0,0,1,1,0,31,14,17
CROCKETT COUNTY,105,19 Years,41,18,23,9,5,4,0,0,0,0,0,0,0,0,0,32,13,19
CROCKETT COUNTY,105,20 Years,36,15,21,7,3,4,0,0,0,0,0,0,0,0,0,29,12,17
CROCKETT COUNTY,105,21 Years,32,15,17,7,3,4,0,0,0,0,0,0,1,1,0,24,11,13
CROCKETT COUNTY,105,22 Years,28,14,14,7,4,3,0,0,0,0,0,0,0,0,0,21,10,11
CROCKETT COUNTY,105,23 Years,26,14,12,6,3,3,0,0,0,0,0,0,0,0,0,20,11,9
CROCKETT COUNTY,105,24 Years,28,15,13,7,5,2,0,0,0,0,0,0,0,0,0,21,10,11
CROCKETT COUNTY,105,25 Years,30,14,16,7,3,4,0,0,0,0,0,0,0,0,0,23,11,12
CROCKETT COUNTY,105,26 Years,30,14,16,6,3,3,0,0,0,0,0,0,0,0,0,24,11,13
CROCKETT COUNTY,105,27 Years,29,12,17,5,2,3,0,0,0,0,0,0,0,0,0,24,10,14
CROCKETT COUNTY,105,28 Years,34,15,19,8,3,5,0,0,0,0,0,0,0,0,0,26,12,14
CROCKETT COUNTY,105,29 Years,33,15,18,10,4,6,0,0,0,0,0,0,0,0,0,23,11,12
CROCKETT COUNTY,105,30 Years,35,16,19,13,6,7,0,0,0,0,0,0,0,0,0,22,10,12
CROCKETT COUNTY,105,31 Years,29,13,16,12,5,7,0,0,0,0,0,0,0,0,0,17,8,9
CROCKETT COUNTY,105,32 Years,24,11,13,11,5,6,0,0,0,0,0,0,0,0,0,13,6,7
CROCKETT COUNTY,105,33 Years,21,13,8,8,6,2,0,0,0,0,0,0,0,0,0,13,7,6
CROCKETT COUNTY,105,34 Years,30,20,10,11,7,4,0,0,0,0,0,0,0,0,0,19,13,6
CROCKETT COUNTY,105,35 Years,36,21,15,14,9,5,0,0,0,0,0,0,0,0,0,22,12,10
CROCKETT COUNTY,105,36 Years,35,17,18,10,6,4,0,0,0,0,0,0,0,0,0,25,11,14
CROCKETT COUNTY,105,37 Years,35,20,15,10,4,6,0,0,0,0,0,0,0,0,0,25,16,9
CROCKETT COUNTY,105,38 Years,31,17,14,11,5,6,0,0,0,0,0,0,0,0,0,20,12,8
CROCKETT COUNTY,105,39 Years,34,15,19,12,6,6,0,0,0,0,0,0,0,0,0,22,9,13
CROCKETT COUNTY,105,40 Years,42,20,22,14,7,7,0,0,0,0,0,0,0,0,0,28,13,15
CROCKETT COUNTY,105,41 Years,43,24,19,16,9,7,0,0,0,0,0,0,0,0,0,27,15,12
CROCKETT COUNTY,105,42 Years,43,21,22,15,7,8,0,0,0,0,0,0,0,0,0,28,14,14
CROCKETT COUNTY,105,43 Years,33,15,18,10,4,6,0,0,0,0,0,0,0,0,0,23,11,12
CROCKETT COUNTY,105,44 Years,29,15,14,7,4,3,0,0,0,0,0,0,0,0,0,22,11,11
CROCKETT COUNTY,105,45 Years,31,16,15,5,3,2,0,0,0,0,0,0,0,0,0,26,13,13
CROCKETT COUNTY,105,46 Years,35,18,17,5,2,3,0,0,0,0,0,0,0,0,0,30,16,14
CROCKETT COUNTY,105,47 Years,31,17,14,5,2,3,0,0,0,0,0,0,0,0,0,26,15,11
CROCKETT COUNTY,105,48 Years,28,16,12,8,5,3,0,0,0,0,0,0,1,1,0,19,10,9
CROCKETT COUNTY,105,49 Years,38,21,17,13,6,7,0,0,0,0,0,0,1,1,0,24,14,10
CROCKETT COUNTY,105,50 Years,42,22,20,15,8,7,0,0,0,1,0,1,0,0,0,26,14,12
CROCKETT COUNTY,105,51 Years,41,25,16,13,8,5,0,0,0,1,0,1,0,0,0,27,17,10
CROCKETT COUNTY,105,52 Years,33,20,13,10,6,4,0,0,0,0,0,0,0,0,0,23,14,9
CROCKETT COUNTY,105,53 Years,33,18,15,10,5,5,0,0,0,0,0,0,0,0,0,23,13,10
CROCKETT COUNTY,105,54 Years,32,17,15,9,4,5,0,0,0,0,0,0,0,0,0,23,13,10
CROCKETT COUNTY,105,55 Years,31,15,16,7,4,3,0,0,0,0,0,0,0,0,0,24,11,13
CROCKETT COUNTY,105,56 Years,38,21,17,11,7,4,0,0,0,0,0,0,1,1,0,26,13,13
CROCKETT COUNTY,105,57 Years,37,18,19,14,5,9,1,1,0,0,0,0,1,1,0,21,11,10
CROCKETT COUNTY,105,58 Years,36,15,21,18,7,11,1,1,0,0,0,0,0,0,0,17,7,10
CROCKETT COUNTY,105,59 Years,39,19,20,21,10,11,0,0,0,0,0,0,0,0,0,18,9,9
CROCKETT COUNTY,105,60 Years,38,23,15,16,10,6,0,0,0,0,0,0,0,0,0,22,13,9
CROCKETT COUNTY,105,61 Years,39,22,17,18,10,8,0,0,0,0,0,0,1,1,0,20,11,9
CROCKETT COUNTY,105,62 Years,43,23,20,21,11,10,0,0,0,0,0,0,1,1,0,21,11,10
CROCKETT COUNTY,105,63 Years,38,20,18,21,11,10,0,0,0,0,0,0,0,0,0,17,9,8
CROCKETT COUNTY,105,64 Years,38,20,18,18,8,10,0,0,0,0,0,0,0,0,0,20,12,8
CROCKETT COUNTY,105,65 Years,36,20,16,17,9,8,0,0,0,0,0,0,0,0,0,19,11,8
CROCKETT COUNTY,105,66 Years,40,23,17,21,11,10,0,0,0,0,0,0,0,0,0,19,12,7
CROCKETT COUNTY,105,67 Years,43,24,19,22,11,11,0,0,0,0,0,0,0,0,0,21,13,8
CROCKETT COUNTY,105,68 Years,41,23,18,21,10,11,0,0,0,0,0,0,0,0,0,20,13,7
CROCKETT COUNTY,105,69 Years,41,19,22,17,7,10,0,0,0,0,0,0,0,0,0,24,12,12
CROCKETT COUNTY,105,70 Years,36,17,19,15,8,7,0,0,0,0,0,0,0,0,0,21,9,12
CROCKETT COUNTY,105,71 Years,33,16,17,15,6,9,0,0,0,0,0,0,1,1,0,17,9,8
CROCKETT COUNTY,105,72 Years,33,14,19,15,5,10,0,0,0,0,0,0,0,0,0,18,9,9
CROCKETT COUNTY,105,73 Years,29,12,17,16,6,10,0,0,0,0,0,0,0,0,0,13,6,7
CROCKETT COUNTY,105,74 Years,26,13,13,16,8,8,0,0,0,0,0,0,0,0,0,10,5,5
CROCKETT COUNTY,105,75 Years,26,12,14,14,7,7,0,0,0,0,0,0,0,0,0,12,5,7
CROCKETT COUNTY,105,76 Years,22,9,13,9,4,5,0,0,0,0,0,0,0,0,0,13,5,8
CROCKETT COUNTY,105,77 Years,22,10,12,12,6,6,0,0,0,0,0,0,0,0,0,10,4,6
CROCKETT COUNTY,105,78 Years,26,11,15,12,6,6,0,0,0,0,0,0,0,0,0,14,5,9
CROCKETT COUNTY,105,79 Years,25,11,14,12,6,6,0,0,0,0,0,0,0,0,0,13,5,8
CROCKETT COUNTY,105,80 Years,21,10,11,11,5,6,0,0,0,0,0,0,0,0,0,10,5,5
CROCKETT COUNTY,105,81 Years,17,6,11,9,3,6,0,0,0,0,0,0,0,0,0,8,3,5
CROCKETT COUNTY,105,82 Years,16,4,12,7,1,6,0,0,0,0,0,0,0,0,0,9,3,6
CROCKETT COUNTY,105,83 Years,11,5,6,5,2,3,0,0,0,0,0,0,0,0,0,6,3,3
CROCKETT COUNTY,105,84 Years,9,5,4,3,2,1,0,0,0,0,0,0,0,0,0,6,3,3
CROCKETT COUNTY,105,85 Years,8,5,3,4,2,2,0,0,0,0,0,0,0,0,0,4,3,1
CROCKETT COUNTY,105,86 Years,8,5,3,4,3,1,0,0,0,0,0,0,0,0,0,4,2,2
CROCKETT COUNTY,105,87 Years,8,4,4,4,2,2,0,0,0,0,0,0,0,0,0,4,2,2
CROCKETT COUNTY,105,88 Years,6,2,4,2,1,1,0,0,0,0,0,0,0,0,0,4,1,3
CROCKETT COUNTY,105,89 Years,6,3,3,2,1,1,0,0,0,0,0,0,0,0,0,4,2,2
CROCKETT COUNTY,105,90 Years,6,2,4,2,1,1,0,0,0,0,0,0,0,0,0,4,1,3
CROCKETT COUNTY,105,91 Years,6,3,3,3,2,1,0,0,0,0,0,0,0,0,0,3,1,2
CROCKETT COUNTY,105,92 Years,4,1,3,1,0,1,0,0,0,0,0,0,0,0,0,3,1,2
CROCKETT COUNTY,105,93 Years,1,1,0,0,0,0,0,0,0,0,0,0,0,0,0,1,1,0
CROCKETT COUNTY,105,94 Years,2,1,1,0,0,0,0,0,0,0,0,0,0,0,0,2,1,1
CROCKETT COUNTY,105,95 Years +,8,3,5,2,1,1,0,0,0,0,0,0,0,0,0,6,2,4
CROSBY COUNTY,107,All Ages,4832,2412,2420,1706,837,869,145,62,83,0,0,0,59,37,22,2922,1476,1446
CROSBY COUNTY,107,< 1 Year,54,25,29,14,7,7,1,0,1,0,0,0,1,0,1,38,18,20
CROSBY COUNTY,107,1 Years,55,29,26,12,6,6,1,1,0,0,0,0,1,1,0,41,21,20
CROSBY COUNTY,107,2 Years,57,29,28,13,7,6,2,1,1,0,0,0,1,0,1,41,21,20
CROSBY COUNTY,107,3 Years,59,28,31,13,5,8,0,0,0,0,0,0,2,1,1,44,22,22
CROSBY COUNTY,107,4 Years,59,26,33,11,5,6,1,0,1,0,0,0,3,1,2,44,20,24
CROSBY COUNTY,107,5 Years,60,30,30,11,6,5,1,1,0,0,0,0,2,1,1,46,22,24
CROSBY COUNTY,107,6 Years,64,34,30,12,7,5,1,1,0,0,0,0,1,1,0,50,25,25
CROSBY COUNTY,107,7 Years,72,37,35,16,8,8,2,1,1,0,0,0,0,0,0,54,28,26
CROSBY COUNTY,107,8 Years,75,41,34,18,10,8,4,1,3,0,0,0,1,1,0,52,29,23
CROSBY COUNTY,107,9 Years,70,36,34,17,9,8,1,0,1,0,0,0,3,2,1,49,25,24
CROSBY COUNTY,107,10 Years,63,31,32,17,9,8,0,0,0,0,0,0,2,1,1,44,21,23
CROSBY COUNTY,107,11 Years,66,31,35,15,7,8,1,1,0,0,0,0,1,0,1,49,23,26
CROSBY COUNTY,107,12 Years,81,46,35,18,10,8,1,1,0,0,0,0,2,1,1,60,34,26
CROSBY COUNTY,107,13 Years,72,38,34,20,10,10,1,0,1,0,0,0,1,0,1,50,28,22
CROSBY COUNTY,107,14 Years,73,41,32,21,14,7,2,0,2,0,0,0,0,0,0,50,27,23
CROSBY COUNTY,107,15 Years,77,39,38,22,13,9,2,0,2,0,0,0,2,0,2,51,26,25
CROSBY COUNTY,107,16 Years,79,40,39,21,10,11,1,0,1,0,0,0,3,2,1,54,28,26
CROSBY COUNTY,107,17 Years,74,43,31,20,11,9,1,0,1,0,0,0,2,2,0,51,30,21
CROSBY COUNTY,107,18 Years,79,40,39,20,10,10,3,1,2,0,0,0,0,0,0,56,29,27
CROSBY COUNTY,107,19 Years,77,39,38,20,10,10,2,1,1,0,0,0,0,0,0,55,28,27
CROSBY COUNTY,107,20 Years,75,38,37,16,7,9,4,3,1,0,0,0,0,0,0,55,28,27
CROSBY COUNTY,107,21 Years,67,35,32,16,9,7,3,2,1,0,0,0,0,0,0,48,24,24
CROSBY COUNTY,107,22 Years,62,31,31,13,6,7,2,1,1,0,0,0,1,0,1,46,24,22
CROSBY COUNTY,107,23 Years,49,22,27,10,3,7,2,1,1,0,0,0,0,0,0,37,18,19
CROSBY COUNTY,107,24 Years,47,21,26,10,4,6,2,1,1,0,0,0,0,0,0,35,16,19
CROSBY COUNTY,107,25 Years,53,30,23,11,5,6,4,3,1,0,0,0,3,3,0,35,19,16
CROSBY COUNTY,107,26 Years,50,25,25,11,5,6,3,2,1,0,0,0,1,1,0,35,17,18
CROSBY COUNTY,107,27 Years,52,26,26,12,8,4,1,1,0,0,0,0,2,0,2,37,17,20
CROSBY COUNTY,107,28 Years,55,29,26,17,11,6,1,1,0,0,0,0,1,0,1,36,17,19
CROSBY COUNTY,107,29 Years,66,33,33,23,12,11,1,0,1,0,0,0,0,0,0,42,21,21
CROSBY COUNTY,107,30 Years,67,35,32,24,13,11,1,1,0,0,0,0,0,0,0,42,21,21
CROSBY COUNTY,107,31 Years,52,27,25,15,8,7,1,1,0,0,0,0,0,0,0,36,18,18
CROSBY COUNTY,107,32 Years,44,22,22,10,4,6,1,1,0,0,0,0,1,1,0,32,16,16
CROSBY COUNTY,107,33 Years,57,34,23,17,11,6,1,0,1,0,0,0,2,2,0,37,21,16
CROSBY COUNTY,107,34 Years,50,29,21,11,6,5,1,1,0,0,0,0,0,0,0,38,22,16
CROSBY COUNTY,107,35 Years,46,24,22,11,5,6,3,1,2,0,0,0,0,0,0,32,18,14
CROSBY COUNTY,107,36 Years,40,23,17,12,5,7,2,1,1,0,0,0,0,0,0,26,17,9
CROSBY COUNTY,107,37 Years,44,21,23,17,7,10,2,1,1,0,0,0,0,0,0,25,13,12
CROSBY COUNTY,107,38 Years,61,32,29,24,13,11,2,0,2,0,0,0,1,1,0,34,18,16
CROSBY COUNTY,107,39 Years,63,34,29,24,14,10,1,0,1,0,0,0,1,1,0,37,19,18
CROSBY COUNTY,107,40 Years,62,31,31,25,11,14,1,0,1,0,0,0,0,0,0,36,20,16
CROSBY COUNTY,107,41 Years,59,30,29,21,8,13,2,1,1,0,0,0,0,0,0,36,21,15
CROSBY COUNTY,107,42 Years,58,31,27,18,8,10,1,0,1,0,0,0,0,0,0,39,23,16
CROSBY COUNTY,107,43 Years,56,31,25,20,12,8,2,1,1,0,0,0,0,0,0,34,18,16
CROSBY COUNTY,107,44 Years,62,29,33,19,10,9,5,2,3,0,0,0,1,0,1,37,17,20
CROSBY COUNTY,107,45 Years,62,26,36,17,7,10,2,0,2,0,0,0,0,0,0,43,19,24
CROSBY COUNTY,107,46 Years,55,27,28,18,9,9,1,1,0,0,0,0,0,0,0,36,17,19
CROSBY COUNTY,107,47 Years,50,24,26,16,7,9,1,1,0,0,0,0,0,0,0,33,16,17
CROSBY COUNTY,107,48 Years,42,20,22,12,6,6,2,1,1,0,0,0,1,1,0,27,12,15
CROSBY COUNTY,107,49 Years,52,27,25,15,6,9,2,1,1,0,0,0,2,2,0,33,18,15
CROSBY COUNTY,107,50 Years,51,25,26,16,8,8,1,0,1,0,0,0,0,0,0,34,17,17
CROSBY COUNTY,107,51 Years,57,28,29,18,8,10,2,1,1,0,0,0,0,0,0,37,19,18
CROSBY COUNTY,107,52 Years,53,26,27,17,7,10,2,1,1,0,0,0,0,0,0,34,18,16
CROSBY COUNTY,107,53 Years,48,19,29,15,6,9,2,0,2,0,0,0,0,0,0,31,13,18
CROSBY COUNTY,107,54 Years,52,22,30,20,8,12,0,0,0,0,0,0,0,0,0,32,14,18
CROSBY COUNTY,107,55 Years,50,22,28,16,7,9,1,1,0,0,0,0,0,0,0,33,14,19
CROSBY COUNTY,107,56 Years,53,26,27,15,7,8,3,1,2,0,0,0,0,0,0,35,18,17
CROSBY COUNTY,107,57 Years,54,25,29,20,8,12,2,1,1,0,0,0,0,0,0,32,16,16
CROSBY COUNTY,107,58 Years,54,26,28,25,13,12,1,1,0,0,0,0,2,0,2,26,12,14
CROSBY COUNTY,107,59 Years,56,25,31,28,13,15,1,1,0,0,0,0,2,1,1,25,10,15
CROSBY COUNTY,107,60 Years,63,28,35,27,14,13,4,1,3,0,0,0,0,0,0,32,13,19
CROSBY COUNTY,107,61 Years,63,32,31,28,16,12,1,0,1,0,0,0,1,1,0,33,15,18
CROSBY COUNTY,107,62 Years,73,37,36,34,17,17,1,0,1,0,0,0,1,1,0,37,19,18
CROSBY COUNTY,107,63 Years,61,30,31,31,14,17,1,1,0,0,0,0,0,0,0,29,15,14
CROSBY COUNTY,107,64 Years,61,29,32,31,14,17,5,3,2,0,0,0,0,0,0,25,12,13
CROSBY COUNTY,107,65 Years,63,32,31,32,16,16,3,1,2,0,0,0,0,0,0,28,15,13
CROSBY COUNTY,107,66 Years,69,37,32,39,23,16,2,1,1,0,0,0,0,0,0,28,13,15
CROSBY COUNTY,107,67 Years,57,30,27,33,18,15,1,0,1,0,0,0,0,0,0,23,12,11
CROSBY COUNTY,107,68 Years,57,30,27,27,13,14,2,2,0,0,0,0,0,0,0,28,15,13
CROSBY COUNTY,107,69 Years,55,29,26,28,15,13,2,1,1,0,0,0,1,1,0,24,12,12
CROSBY COUNTY,107,70 Years,55,30,25,27,14,13,2,0,2,0,0,0,1,1,0,25,15,10
CROSBY COUNTY,107,71 Years,56,30,26,31,16,15,2,0,2,0,0,0,0,0,0,23,14,9
CROSBY COUNTY,107,72 Years,49,25,24,30,15,15,1,0,1,0,0,0,0,0,0,18,10,8
CROSBY COUNTY,107,73 Years,45,22,23,27,13,14,1,0,1,0,0,0,0,0,0,17,9,8
CROSBY COUNTY,107,74 Years,45,21,24,26,12,14,1,0,1,0,0,0,0,0,0,18,9,9
CROSBY COUNTY,107,75 Years,34,18,16,19,10,9,2,2,0,0,0,0,0,0,0,13,6,7
CROSBY COUNTY,107,76 Years,30,18,12,16,10,6,1,0,1,0,0,0,0,0,0,13,8,5
CROSBY COUNTY,107,77 Years,38,17,21,21,10,11,1,0,1,0,0,0,0,0,0,16,7,9
CROSBY COUNTY,107,78 Years,39,16,23,22,10,12,1,0,1,0,0,0,2,2,0,14,4,10
CROSBY COUNTY,107,79 Years,38,16,22,21,9,12,2,1,1,0,0,0,1,1,0,14,5,9
CROSBY COUNTY,107,80 Years,34,15,19,20,9,11,3,1,2,0,0,0,0,0,0,11,5,6
CROSBY COUNTY,107,81 Years,27,11,16,15,7,8,2,0,2,0,0,0,0,0,0,10,4,6
CROSBY COUNTY,107,82 Years,24,9,15,13,6,7,1,0,1,0,0,0,0,0,0,10,3,7
CROSBY COUNTY,107,83 Years,23,8,15,15,5,10,1,0,1,0,0,0,1,1,0,6,2,4
CROSBY COUNTY,107,84 Years,17,7,10,12,4,8,0,0,0,0,0,0,1,1,0,4,2,2
CROSBY COUNTY,107,85 Years,18,8,10,11,4,7,1,1,0,0,0,0,1,1,0,5,2,3
CROSBY COUNTY,107,86 Years,15,6,9,10,4,6,0,0,0,0,0,0,0,0,0,5,2,3
CROSBY COUNTY,107,87 Years,13,6,7,9,4,5,1,0,1,0,0,0,0,0,0,3,2,1
CROSBY COUNTY,107,88 Years,10,6,4,7,4,3,0,0,0,0,0,0,0,0,0,3,2,1
CROSBY COUNTY,107,89 Years,6,2,4,5,2,3,0,0,0,0,0,0,0,0,0,1,0,1
CROSBY COUNTY,107,90 Years,10,3,7,7,2,5,0,0,0,0,0,0,0,0,0,3,1,2
CROSBY COUNTY,107,91 Years,8,1,7,6,1,5,0,0,0,0,0,0,0,0,0,2,0,2
CROSBY COUNTY,107,92 Years,5,1,4,4,1,3,0,0,0,0,0,0,0,0,0,1,0,1
CROSBY COUNTY,107,93 Years,4,2,2,4,2,2,0,0,0,0,0,0,0,0,0,0,0,0
CROSBY COUNTY,107,94 Years,3,0,3,3,0,3,0,0,0,0,0,0,0,0,0,0,0,0
CROSBY COUNTY,107,95 Years +,12,6,6,9,4,5,0,0,0,0,0,0,0,0,0,3,2,1
CULBERSON COUNTY,109,All Ages,2208,1102,1106,504,267,237,0,0,0,17,5,12,44,26,18,1643,804,839
CULBERSON COUNTY,109,< 1 Year,32,15,17,6,3,3,0,0,0,1,0,1,2,1,1,23,11,12
CULBERSON COUNTY,109,1 Years,31,16,15,6,3,3,0,0,0,0,0,0,1,1,0,24,12,12
CULBERSON COUNTY,109,2 Years,32,16,16,6,3,3,0,0,0,0,0,0,1,0,1,25,13,12
CULBERSON COUNTY,109,3 Years,30,16,14,3,2,1,0,0,0,0,0,0,0,0,0,27,14,13
CULBERSON COUNTY,109,4 Years,32,14,18,2,1,1,0,0,0,1,0,1,0,0,0,29,13,16
CULBERSON COUNTY,109,5 Years,31,14,17,4,1,3,0,0,0,0,0,0,0,0,0,27,13,14
CULBERSON COUNTY,109,6 Years,34,16,18,5,1,4,0,0,0,0,0,0,0,0,0,29,15,14
CULBERSON COUNTY,109,7 Years,31,17,14,6,2,4,0,0,0,0,0,0,0,0,0,25,15,10
CULBERSON COUNTY,109,8 Years,30,20,10,5,3,2,0,0,0,0,0,0,0,0,0,25,17,8
CULBERSON COUNTY,109,9 Years,28,19,9,5,3,2,0,0,0,0,0,0,0,0,0,23,16,7
CULBERSON COUNTY,109,10 Years,25,16,9,5,3,2,0,0,0,0,0,0,0,0,0,20,13,7
CULBERSON COUNTY,109,11 Years,21,12,9,4,2,2,0,0,0,0,0,0,0,0,0,17,10,7
CULBERSON COUNTY,109,12 Years,22,10,12,3,1,2,0,0,0,0,0,0,0,0,0,19,9,10
CULBERSON COUNTY,109,13 Years,31,14,17,7,4,3,0,0,0,0,0,0,1,1,0,23,9,14
CULBERSON COUNTY,109,14 Years,35,21,14,7,5,2,0,0,0,0,0,0,1,1,0,27,15,12
CULBERSON COUNTY,109,15 Years,29,16,13,5,2,3,0,0,0,0,0,0,0,0,0,24,14,10
CULBERSON COUNTY,109,16 Years,27,12,15,6,2,4,0,0,0,0,0,0,1,1,0,20,9,11
CULBERSON COUNTY,109,17 Years,23,10,13,4,1,3,0,0,0,0,0,0,1,1,0,18,8,10
CULBERSON COUNTY,109,18 Years,24,11,13,2,0,2,0,0,0,0,0,0,1,1,0,21,10,11
CULBERSON COUNTY,109,19 Years,27,13,14,4,2,2,0,0,0,0,0,0,0,0,0,23,11,12
CULBERSON COUNTY,109,20 Years,26,14,12,5,3,2,0,0,0,0,0,0,0,0,0,21,11,10
CULBERSON COUNTY,109,21 Years,28,17,11,7,5,2,0,0,0,0,0,0,0,0,0,21,12,9
CULBERSON COUNTY,109,22 Years,25,13,12,6,3,3,0,0,0,0,0,0,0,0,0,19,10,9
CULBERSON COUNTY,109,23 Years,22,14,8,6,5,1,0,0,0,0,0,0,1,1,0,15,8,7
CULBERSON COUNTY,109,24 Years,23,13,10,4,3,1,0,0,0,0,0,0,1,1,0,18,9,9
CULBERSON COUNTY,109,25 Years,24,14,10,7,5,2,0,0,0,0,0,0,2,2,0,15,7,8
CULBERSON COUNTY,109,26 Years,25,12,13,5,2,3,0,0,0,0,0,0,2,2,0,18,8,10
CULBERSON COUNTY,109,27 Years,29,13,16,5,2,3,0,0,0,0,0,0,1,1,0,23,10,13
CULBERSON COUNTY,109,28 Years,29,19,10,10,7,3,0,0,0,0,0,0,1,1,0,18,11,7
CULBERSON COUNTY,109,29 Years,27,20,7,9,8,1,0,0,0,1,1,0,1,1,0,16,10,6
CULBERSON COUNTY,109,30 Years,29,18,11,12,8,4,0,0,0,0,0,0,0,0,0,17,10,7
CULBERSON COUNTY,109,31 Years,27,13,14,9,4,5,0,0,0,0,0,0,0,0,0,18,9,9
CULBERSON COUNTY,109,32 Years,31,17,14,6,1,5,0,0,0,0,0,0,1,1,0,24,15,9
CULBERSON COUNTY,109,33 Years,35,17,18,7,4,3,0,0,0,0,0,0,2,0,2,26,13,13
CULBERSON COUNTY,109,34 Years,28,13,15,5,3,2,0,0,0,0,0,0,1,0,1,22,10,12
CULBERSON COUNTY,109,35 Years,24,13,11,5,3,2,0,0,0,0,0,0,0,0,0,19,10,9
CULBERSON COUNTY,109,36 Years,26,12,14,8,2,6,0,0,0,0,0,0,0,0,0,18,10,8
CULBERSON COUNTY,109,37 Years,25,10,15,10,4,6,0,0,0,0,0,0,0,0,0,15,6,9
CULBERSON COUNTY,109,38 Years,20,13,7,6,5,1,0,0,0,0,0,0,0,0,0,14,8,6
CULBERSON COUNTY,109,39 Years,23,14,9,3,3,0,0,0,0,1,0,1,1,1,0,18,10,8
CULBERSON COUNTY,109,40 Years,28,18,10,3,2,1,0,0,0,0,0,0,1,1,0,24,15,9
CULBERSON COUNTY,109,41 Years,26,15,11,4,3,1,0,0,0,2,1,1,0,0,0,20,11,9
CULBERSON COUNTY,109,42 Years,28,14,14,4,2,2,0,0,0,1,0,1,2,0,2,21,12,9
CULBERSON COUNTY,109,43 Years,20,10,10,1,0,1,0,0,0,1,0,1,1,0,1,17,10,7
CULBERSON COUNTY,109,44 Years,18,9,9,3,2,1,0,0,0,1,0,1,0,0,0,14,7,7
CULBERSON COUNTY,109,45 Years,19,9,10,4,2,2,0,0,0,1,0,1,0,0,0,14,7,7
CULBERSON COUNTY,109,46 Years,17,11,6,5,3,2,0,0,0,0,0,0,0,0,0,12,8,4
CULBERSON COUNTY,109,47 Years,15,8,7,2,1,1,0,0,0,1,1,0,0,0,0,12,6,6
CULBERSON COUNTY,109,48 Years,20,8,12,4,1,3,0,0,0,1,1,0,0,0,0,15,6,9
CULBERSON COUNTY,109,49 Years,21,10,11,3,2,1,0,0,0,0,0,0,0,0,0,18,8,10
CULBERSON COUNTY,109,50 Years,23,11,12,4,2,2,0,0,0,0,0,0,0,0,0,19,9,10
CULBERSON COUNTY,109,51 Years,21,12,9,4,3,1,0,0,0,0,0,0,0,0,0,17,9,8
CULBERSON COUNTY,109,52 Years,20,9,11,4,3,1,0,0,0,0,0,0,1,0,1,15,6,9
CULBERSON COUNTY,109,53 Years,19,8,11,4,3,1,0,0,0,0,0,0,1,0,1,14,5,9
CULBERSON COUNTY,109,54 Years,22,11,11,4,3,1,0,0,0,0,0,0,0,0,0,18,8,10
CULBERSON COUNTY,109,55 Years,26,13,13,7,5,2,0,0,0,0,0,0,1,0,1,18,8,10
CULBERSON COUNTY,109,56 Years,30,14,16,10,6,4,0,0,0,0,0,0,1,0,1,19,8,11
CULBERSON COUNTY,109,57 Years,31,15,16,11,6,5,0,0,0,0,0,0,0,0,0,20,9,11
CULBERSON COUNTY,109,58 Years,32,14,18,8,4,4,0,0,0,0,0,0,0,0,0,24,10,14
CULBERSON COUNTY,109,59 Years,31,14,17,9,4,5,0,0,0,0,0,0,1,0,1,21,10,11
CULBERSON COUNTY,109,60 Years,34,19,15,10,6,4,0,0,0,1,1,0,1,0,1,22,12,10
CULBERSON COUNTY,109,61 Years,34,18,16,6,3,3,0,0,0,0,0,0,0,0,0,28,15,13
CULBERSON COUNTY,109,62 Years,28,13,15,5,3,2,0,0,0,0,0,0,0,0,0,23,10,13
CULBERSON COUNTY,109,63 Years,24,13,11,6,3,3,0,0,0,0,0,0,0,0,0,18,10,8
CULBERSON COUNTY,109,64 Years,28,16,12,9,4,5,0,0,0,0,0,0,1,1,0,18,11,7
CULBERSON COUNTY,109,65 Years,26,12,14,7,2,5,0,0,0,0,0,0,1,0,1,18,10,8
CULBERSON COUNTY,109,66 Years,26,14,12,9,5,4,0,0,0,0,0,0,0,0,0,17,9,8
CULBERSON COUNTY,109,67 Years,27,13,14,9,5,4,0,0,0,0,0,0,0,0,0,18,8,10
CULBERSON COUNTY,109,68 Years,24,10,14,7,4,3,0,0,0,0,0,0,1,1,0,16,5,11
CULBERSON COUNTY,109,69 Years,24,8,16,7,3,4,0,0,0,0,0,0,1,1,0,16,4,12
CULBERSON COUNTY,109,70 Years,27,10,17,7,3,4,0,0,0,0,0,0,1,1,0,19,6,13
CULBERSON COUNTY,109,71 Years,27,10,17,6,2,4,0,0,0,1,0,1,1,1,0,19,7,12
CULBERSON COUNTY,109,72 Years,27,11,16,7,3,4,0,0,0,1,0,1,1,1,0,18,7,11
CULBERSON COUNTY,109,73 Years,27,12,15,8,4,4,0,0,0,0,0,0,0,0,0,19,8,11
CULBERSON COUNTY,109,74 Years,25,12,13,7,5,2,0,0,0,0,0,0,0,0,0,18,7,11
CULBERSON COUNTY,109,75 Years,23,8,15,6,4,2,0,0,0,0,0,0,2,0,2,15,4,11
CULBERSON COUNTY,109,76 Years,21,6,15,6,3,3,0,0,0,0,0,0,1,0,1,14,3,11
CULBERSON COUNTY,109,77 Years,16,5,11,5,2,3,0,0,0,0,0,0,0,0,0,11,3,8
CULBERSON COUNTY,109,78 Years,22,11,11,8,4,4,0,0,0,0,0,0,1,1,0,13,6,7
CULBERSON COUNTY,109,79 Years,18,8,10,4,2,2,0,0,0,0,0,0,0,0,0,14,6,8
CULBERSON COUNTY,109,80 Years,16,8,8,5,2,3,0,0,0,0,0,0,0,0,0,11,6,5
CULBERSON COUNTY,109,81 Years,15,6,9,4,1,3,0,0,0,0,0,0,0,0,0,11,5,6
CULBERSON COUNTY,109,82 Years,12,3,9,2,0,2,0,0,0,0,0,0,0,0,0,10,3,7
CULBERSON COUNTY,109,83 Years,8,4,4,2,2,0,0,0,0,0,0,0,0,0,0,6,2,4
CULBERSON COUNTY,109,84 Years,8,3,5,2,1,1,0,0,0,0,0,0,0,0,0,6,2,4
CULBERSON COUNTY,109,85 Years,10,4,6,3,2,1,0,0,0,1,0,1,0,0,0,6,2,4
CULBERSON COUNTY,109,86 Years,9,2,7,2,0,2,0,0,0,1,0,1,0,0,0,6,2,4
CULBERSON COUNTY,109,87 Years,8,3,5,1,0,1,0,0,0,0,0,0,0,0,0,7,3,4
CULBERSON COUNTY,109,88 Years,5,1,4,1,0,1,0,0,0,0,0,0,0,0,0,4,1,3
CULBERSON COUNTY,109,89 Years,5,2,3,2,1,1,0,0,0,0,0,0,0,0,0,3,1,2
CULBERSON COUNTY,109,90 Years,6,4,2,2,2,0,0,0,0,0,0,0,0,0,0,4,2,2
CULBERSON COUNTY,109,91 Years,6,2,4,2,1,1,0,0,0,0,0,0,0,0,0,4,1,3
CULBERSON COUNTY,109,92 Years,6,3,3,3,1,2,0,0,0,0,0,0,0,0,0,3,2,1
CULBERSON COUNTY,109,93 Years,4,3,1,2,2,0,0,0,0,0,0,0,0,0,0,2,1,1
CULBERSON COUNTY,109,94 Years,4,1,3,1,0,1,0,0,0,0,0,0,0,0,0,3,1,2
CULBERSON COUNTY,109,95 Years +,10,4,6,3,1,2,0,0,0,0,0,0,0,0,0,7,3,4
DALLAM COUNTY,111,All Ages,7256,3833,3423,3379,1736,1643,96,54,42,30,18,12,308,177,131,3443,1848,1595
DALLAM COUNTY,111,< 1 Year,136,70,66,44,22,22,3,2,1,8,4,4,17,9,8,64,33,31
DALLAM COUNTY,111,1 Years,102,52,50,41,21,20,1,1,0,1,0,1,5,2,3,54,28,26
DALLAM COUNTY,111,2 Years,102,52,50,42,22,20,1,0,1,1,0,1,5,2,3,53,28,25
DALLAM COUNTY,111,3 Years,131,65,66,54,30,24,2,1,1,0,0,0,5,2,3,70,32,38
DALLAM COUNTY,111,4 Years,136,70,66,52,29,23,2,1,1,0,0,0,4,2,2,78,38,40
DALLAM COUNTY,111,5 Years,144,74,70,51,27,24,2,1,1,0,0,0,3,1,2,88,45,43
DALLAM COUNTY,111,6 Years,151,78,73,52,27,25,2,1,1,0,0,0,2,1,1,95,49,46
DALLAM COUNTY,111,7 Years,151,77,74,55,28,27,2,1,1,0,0,0,2,1,1,92,47,45
DALLAM COUNTY,111,8 Years,133,69,64,53,26,27,1,0,1,0,0,0,4,3,1,75,40,35
DALLAM COUNTY,111,9 Years,126,64,62,55,26,29,0,0,0,0,0,0,5,4,1,66,34,32
DALLAM COUNTY,111,10 Years,136,70,66,60,29,31,5,4,1,0,0,0,3,2,1,68,35,33
DALLAM COUNTY,111,11 Years,142,66,76,67,30,37,3,1,2,0,0,0,3,2,1,69,33,36
DALLAM COUNTY,111,12 Years,123,57,66,57,26,31,1,0,1,0,0,0,2,1,1,63,30,33
DALLAM COUNTY,111,13 Years,117,63,54,48,25,23,0,0,0,0,0,0,2,2,0,67,36,31
DALLAM COUNTY,111,14 Years,118,69,49,45,24,21,0,0,0,0,0,0,5,4,1,68,41,27
DALLAM COUNTY,111,15 Years,119,62,57,43,22,21,3,0,3,0,0,0,6,5,1,67,35,32
DALLAM COUNTY,111,16 Years,127,66,61,47,24,23,2,1,1,0,0,0,6,4,2,72,37,35
DALLAM COUNTY,111,17 Years,109,60,49,45,25,20,1,1,0,0,0,0,8,5,3,55,29,26
DALLAM COUNTY,111,18 Years,116,68,48,42,25,17,1,1,0,0,0,0,9,5,4,64,37,27
DALLAM COUNTY,111,19 Years,121,69,52,46,28,18,2,1,1,0,0,0,7,3,4,66,37,29
DALLAM COUNTY,111,20 Years,116,69,47,43,27,16,2,1,1,0,0,0,5,2,3,66,39,27
DALLAM COUNTY,111,21 Years,101,58,43,36,21,15,1,0,1,0,0,0,5,1,4,59,36,23
DALLAM COUNTY,111,22 Years,97,48,49,39,19,20,2,0,2,0,0,0,7,1,6,49,28,21
DALLAM COUNTY,111,23 Years,83,44,39,32,16,16,1,0,1,1,1,0,6,3,3,43,24,19
DALLAM COUNTY,111,24 Years,77,42,35,27,13,14,0,0,0,1,1,0,6,3,3,43,25,18
DALLAM COUNTY,111,25 Years,75,41,34,28,12,16,2,2,0,0,0,0,4,3,1,41,24,17
DALLAM COUNTY,111,26 Years,80,43,37,33,15,18,2,1,1,0,0,0,4,3,1,41,24,17
DALLAM COUNTY,111,27 Years,85,49,36,34,18,16,2,0,2,0,0,0,4,4,0,45,27,18
DALLAM COUNTY,111,28 Years,99,60,39,43,25,18,4,3,1,0,0,0,3,3,0,49,29,20
DALLAM COUNTY,111,29 Years,119,69,50,56,28,28,2,2,0,0,0,0,7,5,2,54,34,20
DALLAM COUNTY,111,30 Years,112,63,49,55,27,28,1,1,0,0,0,0,5,3,2,51,32,19
DALLAM COUNTY,111,31 Years,103,58,45,48,23,25,0,0,0,0,0,0,1,1,0,54,34,20
DALLAM COUNTY,111,32 Years,98,55,43,38,18,20,0,0,0,0,0,0,2,2,0,58,35,23
DALLAM COUNTY,111,33 Years,94,57,37,38,22,16,2,2,0,0,0,0,2,2,0,52,31,21
DALLAM COUNTY,111,34 Years,92,55,37,44,27,17,2,2,0,0,0,0,2,2,0,44,24,20
DALLAM COUNTY,111,35 Years,82,45,37,39,23,16,0,0,0,3,1,2,1,1,0,39,20,19
DALLAM COUNTY,111,36 Years,95,50,45,47,23,24,2,2,0,1,1,0,3,2,1,42,22,20
DALLAM COUNTY,111,37 Years,99,55,44,52,25,27,2,2,0,1,1,0,6,5,1,38,22,16
DALLAM COUNTY,111,38 Years,96,45,51,50,20,30,1,1,0,1,1,0,3,3,0,41,20,21
DALLAM COUNTY,111,39 Years,91,38,53,48,18,30,0,0,0,1,1,0,1,1,0,41,18,23
DALLAM COUNTY,111,40 Years,81,39,42,41,18,23,0,0,0,0,0,0,2,1,1,38,20,18
DALLAM COUNTY,111,41 Years,81,41,40,38,18,20,0,0,0,1,1,0,1,1,0,41,21,20
DALLAM COUNTY,111,42 Years,87,47,40,39,23,16,3,1,2,1,1,0,1,1,0,43,21,22
DALLAM COUNTY,111,43 Years,75,40,35,38,22,16,1,0,1,0,0,0,3,0,3,33,18,15
DALLAM COUNTY,111,44 Years,73,37,36,34,17,17,0,0,0,2,2,0,3,0,3,34,18,16
DALLAM COUNTY,111,45 Years,67,32,35,30,13,17,1,1,0,1,1,0,6,2,4,29,15,14
DALLAM COUNTY,111,46 Years,65,33,32,28,14,14,0,0,0,0,0,0,3,2,1,34,17,17
DALLAM COUNTY,111,47 Years,75,43,32,37,22,15,0,0,0,0,0,0,0,0,0,38,21,17
DALLAM COUNTY,111,48 Years,87,44,43,40,20,20,5,3,2,0,0,0,1,0,1,41,21,20
DALLAM COUNTY,111,49 Years,94,50,44,42,23,19,2,1,1,0,0,0,5,3,2,45,23,22
DALLAM COUNTY,111,50 Years,92,48,44,43,22,21,0,0,0,0,0,0,8,4,4,41,22,19
DALLAM COUNTY,111,51 Years,88,46,42,41,19,22,2,0,2,0,0,0,6,4,2,39,23,16
DALLAM COUNTY,111,52 Years,85,48,37,40,21,19,0,0,0,0,0,0,7,4,3,38,23,15
DALLAM COUNTY,111,53 Years,80,49,31,42,24,18,1,1,0,0,0,0,3,3,0,34,21,13
DALLAM COUNTY,111,54 Years,82,44,38,44,25,19,1,1,0,0,0,0,2,2,0,35,16,19
DALLAM COUNTY,111,55 Years,78,36,42,41,22,19,0,0,0,1,1,0,4,1,3,32,12,20
DALLAM COUNTY,111,56 Years,75,40,35,37,19,18,0,0,0,1,1,0,4,3,1,33,17,16
DALLAM COUNTY,111,57 Years,77,46,31,41,22,19,2,2,0,0,0,0,3,3,0,31,19,12
DALLAM COUNTY,111,58 Years,74,41,33,41,21,20,2,2,0,0,0,0,5,3,2,26,15,11
DALLAM COUNTY,111,59 Years,82,47,35,43,22,21,2,2,0,1,0,1,2,2,0,34,21,13
DALLAM COUNTY,111,60 Years,79,44,35,46,26,20,1,1,0,2,0,2,0,0,0,30,17,13
DALLAM COUNTY,111,61 Years,66,37,29,38,20,18,1,1,0,0,0,0,3,2,1,24,14,10
DALLAM COUNTY,111,62 Years,61,33,28,34,17,17,1,0,1,0,0,0,3,2,1,23,14,9
DALLAM COUNTY,111,63 Years,65,33,32,39,22,17,1,0,1,0,0,0,2,1,1,23,10,13
DALLAM COUNTY,111,64 Years,64,33,31,40,24,16,0,0,0,0,0,0,3,0,3,21,9,12
DALLAM COUNTY,111,65 Years,64,30,34,38,19,19,0,0,0,0,0,0,3,1,2,23,10,13
DALLAM COUNTY,111,66 Years,56,28,28,33,17,16,0,0,0,0,0,0,2,1,1,21,10,11
DALLAM COUNTY,111,67 Years,51,26,25,29,16,13,1,0,1,0,0,0,2,0,2,19,10,9
DALLAM COUNTY,111,68 Years,68,36,32,43,21,22,1,0,1,1,0,1,4,2,2,19,13,6
DALLAM COUNTY,111,69 Years,70,39,31,46,26,20,1,0,1,0,0,0,5,2,3,18,11,7
DALLAM COUNTY,111,70 Years,54,31,23,36,21,15,1,0,1,0,0,0,2,1,1,15,9,6
DALLAM COUNTY,111,71 Years,48,24,24,30,16,14,1,0,1,0,0,0,4,2,2,13,6,7
DALLAM COUNTY,111,72 Years,46,24,22,30,16,14,0,0,0,0,0,0,3,2,1,13,6,7
DALLAM COUNTY,111,73 Years,48,25,23,33,17,16,0,0,0,0,0,0,3,2,1,12,6,6
DALLAM COUNTY,111,74 Years,43,19,24,31,14,17,0,0,0,0,0,0,1,0,1,11,5,6
DALLAM COUNTY,111,75 Years,38,19,19,25,12,13,0,0,0,0,0,0,3,2,1,10,5,5
DALLAM COUNTY,111,76 Years,27,14,13,16,8,8,0,0,0,0,0,0,2,1,1,9,5,4
DALLAM COUNTY,111,77 Years,26,13,13,16,9,7,1,0,1,0,0,0,1,0,1,8,4,4
DALLAM COUNTY,111,78 Years,30,14,16,20,9,11,0,0,0,0,0,0,1,0,1,9,5,4
DALLAM COUNTY,111,79 Years,31,12,19,21,6,15,0,0,0,0,0,0,0,0,0,10,6,4
DALLAM COUNTY,111,80 Years,27,12,15,19,8,11,0,0,0,0,0,0,0,0,0,8,4,4
DALLAM COUNTY,111,81 Years,26,13,13,17,9,8,0,0,0,0,0,0,1,1,0,8,3,5
DALLAM COUNTY,111,82 Years,20,12,8,11,6,5,0,0,0,0,0,0,2,2,0,7,4,3
DALLAM COUNTY,111,83 Years,15,8,7,11,5,6,0,0,0,0,0,0,1,1,0,3,2,1
DALLAM COUNTY,111,84 Years,12,4,8,10,4,6,0,0,0,0,0,0,0,0,0,2,0,2
DALLAM COUNTY,111,85 Years,14,6,8,11,5,6,0,0,0,0,0,0,0,0,0,3,1,2
DALLAM COUNTY,111,86 Years,12,5,7,10,5,5,0,0,0,0,0,0,0,0,0,2,0,2
DALLAM COUNTY,111,87 Years,9,5,4,6,4,2,0,0,0,0,0,0,0,0,0,3,1,2
DALLAM COUNTY,111,88 Years,6,3,3,4,2,2,1,1,0,0,0,0,0,0,0,1,0,1
DALLAM COUNTY,111,89 Years,7,4,3,3,1,2,1,1,0,0,0,0,1,1,0,2,1,1
DALLAM COUNTY,111,90 Years,8,5,3,5,3,2,0,0,0,0,0,0,2,2,0,1,0,1
DALLAM COUNTY,111,91 Years,5,1,4,3,1,2,0,0,0,0,0,0,0,0,0,2,0,2
DALLAM COUNTY,111,92 Years,6,1,5,4,1,3,0,0,0,0,0,0,0,0,0,2,0,2
DALLAM COUNTY,111,93 Years,7,1,6,5,1,4,0,0,0,0,0,0,1,0,1,1,0,1
DALLAM COUNTY,111,94 Years,3,0,3,1,0,1,0,0,0,0,0,0,1,0,1,1,0,1
DALLAM COUNTY,111,95 Years +,12,3,9,6,2,4,0,0,0,0,0,0,3,0,3,3,1,2
DALLAS COUNTY,113,All Ages,2628504,1294494,1334010,713782,352418,361364,593216,275472,317744,186037,93182,92855,59335,29070,30265,1076134,544352,531782
DALLAS COUNTY,113,< 1 Year,37980,19373,18607,7409,3760,3649,7673,3915,3758,2175,1127,1048,2560,1327,1233,18163,9244,8919
DALLAS COUNTY,113,1 Years,36695,18698,17997,7650,3900,3750,7859,4003,3856,2044,1039,1005,1615,821,794,17527,8935,8592
DALLAS COUNTY,113,2 Years,35998,18357,17641,7588,3869,3719,7749,3951,3798,1940,991,949,1575,804,771,17146,8742,8404
DALLAS COUNTY,113,3 Years,36199,18468,17731,6793,3473,3320,7628,3865,3763,1866,975,891,1498,780,718,18414,9375,9039
DALLAS COUNTY,113,4 Years,36658,18695,17963,6538,3337,3201,7652,3902,3750,1952,1017,935,1506,779,727,19010,9660,9350
DALLAS COUNTY,113,5 Years,37603,19234,18369,6678,3420,3258,7852,4014,3838,2073,1072,1001,1565,801,764,19435,9927,9508
DALLAS COUNTY,113,6 Years,38427,19656,18771,6834,3503,3331,8040,4116,3924,2267,1165,1102,1602,816,786,19684,10056,9628
DALLAS COUNTY,113,7 Years,38727,19797,18930,6955,3579,3376,8139,4149,3990,2388,1224,1164,1585,810,775,19660,10035,9625
DALLAS COUNTY,113,8 Years,37354,19055,18299,6351,3290,3061,8007,4057,3950,2317,1177,1140,1405,730,675,19274,9801,9473
DALLAS COUNTY,113,9 Years,36643,18729,17914,6044,3149,2895,7928,4035,3893,2274,1157,1117,1324,693,631,19073,9695,9378
DALLAS COUNTY,113,10 Years,36340,18566,17774,5928,3080,2848,7906,4035,3871,2232,1144,1088,1269,669,600,19005,9638,9367
DALLAS COUNTY,113,11 Years,36534,18585,17949,5872,3039,2833,8016,4084,3932,2207,1128,1079,1202,635,567,19237,9699,9538
DALLAS COUNTY,113,12 Years,34446,17402,17044,5414,2807,2607,7600,3873,3727,1972,1003,969,1038,534,504,18422,9185,9237
DALLAS COUNTY,113,13 Years,35163,17743,17420,5245,2685,2560,7961,4012,3949,1948,985,963,1010,508,502,18999,9553,9446
DALLAS COUNTY,113,14 Years,36278,18408,17870,5275,2670,2605,8246,4190,4056,1992,998,994,1029,521,508,19736,10029,9707
DALLAS COUNTY,113,15 Years,36451,18569,17882,5284,2716,2568,8283,4241,4042,1975,978,997,957,475,482,19952,10159,9793
DALLAS COUNTY,113,16 Years,35987,18265,17722,5197,2680,2517,8204,4158,4046,1959,978,981,896,448,448,19731,10001,9730
DALLAS COUNTY,113,17 Years,35162,17795,17367,5138,2637,2501,7950,4002,3948,1932,973,959,812,411,401,19330,9772,9558
DALLAS COUNTY,113,18 Years,34366,17448,16918,5253,2705,2548,7773,3907,3866,1842,954,888,838,422,416,18660,9460,9200
DALLAS COUNTY,113,19 Years,33685,17091,16594,5217,2688,2529,7525,3770,3755,1862,953,909,836,424,412,18245,9256,8989
DALLAS COUNTY,113,20 Years,34393,17423,16970,5456,2805,2651,7644,3830,3814,1941,979,962,787,400,387,18565,9409,9156
DALLAS COUNTY,113,21 Years,35191,17871,17320,5757,2992,2765,7730,3908,3822,2115,1077,1038,775,379,396,18814,9515,9299
DALLAS COUNTY,113,22 Years,34709,17572,17137,5789,2981,2808,7827,3927,3900,2115,1063,1052,776,386,390,18202,9215,8987
DALLAS COUNTY,113,23 Years,35606,17946,17660,6533,3258,3275,7655,3827,3828,2277,1139,1138,799,380,419,18342,9342,9000
DALLAS COUNTY,113,24 Years,36334,18263,18071,7154,3541,3613,7861,3949,3912,2418,1208,1210,857,403,454,18044,9162,8882
DALLAS COUNTY,113,25 Years,37468,18637,18831,7960,3908,4052,8328,4100,4228,2628,1257,1371,871,413,458,17681,8959,8722
DALLAS COUNTY,113,26 Years,39757,19626,20131,9061,4422,4639,8969,4426,4543,3007,1422,1585,943,460,483,17777,8896,8881
DALLAS COUNTY,113,27 Years,42776,21171,21605,10335,5085,5250,9938,4884,5054,3425,1652,1773,1063,509,554,18015,9041,8974
DALLAS COUNTY,113,28 Years,47946,23861,24085,13028,6564,6464,10497,5130,5367,4414,2120,2294,1168,574,594,18839,9473,9366
DALLAS COUNTY,113,29 Years,49450,24602,24848,13759,6978,6781,11118,5389,5729,4443,2159,2284,1193,568,625,18937,9508,9429
DALLAS COUNTY,113,30 Years,49079,24469,24610,13867,7033,6834,11275,5481,5794,4297,2104,2193,1127,539,588,18513,9312,9201
DALLAS COUNTY,113,31 Years,48419,24213,24206,13820,7020,6800,11141,5372,5769,4282,2178,2104,1075,531,544,18101,9112,8989
DALLAS COUNTY,113,32 Years,47524,23881,23643,13697,7044,6653,10887,5155,5732,4383,2237,2146,1038,512,526,17519,8933,8586
DALLAS COUNTY,113,33 Years,42720,21682,21038,11770,6169,5601,10236,4862,5374,4088,2086,2002,900,435,465,15726,8130,7596
DALLAS COUNTY,113,34 Years,41362,21164,20198,11466,5987,5479,9687,4583,5104,4052,2222,1830,855,407,448,15302,7965,7337
DALLAS COUNTY,113,35 Years,41511,21122,20389,11900,6131,5769,9294,4373,4921,4046,2187,1859,825,372,453,15446,8059,7387
DALLAS COUNTY,113,36 Years,41127,20764,20363,12046,6176,5870,9001,4164,4837,4066,2138,1928,814,393,421,15200,7893,7307
DALLAS COUNTY,113,37 Years,39444,20020,19424,11571,5939,5632,8539,3943,4596,3881,2136,1745,758,375,383,14695,7627,7068
DALLAS COUNTY,113,38 Years,35945,18098,17847,10099,5198,4901,8132,3732,4400,3468,1857,1611,658,312,346,13588,6999,6589
DALLAS COUNTY,113,39 Years,35460,17734,17726,9611,4983,4628,8114,3670,4444,3436,1795,1641,662,304,358,13637,6982,6655
DALLAS COUNTY,113,40 Years,35264,17713,17551,9365,4864,4501,8029,3623,4406,3360,1788,1572,672,309,363,13838,7129,6709
DALLAS COUNTY,113,41 Years,34766,17404,17362,9063,4689,4374,7970,3577,4393,3153,1645,1508,597,283,314,13983,7210,6773
DALLAS COUNTY,113,42 Years,34437,17242,17195,8650,4497,4153,7910,3517,4393,3066,1619,1447,588,288,300,14223,7321,6902
DALLAS COUNTY,113,43 Years,32454,16121,16333,7984,4127,3857,7628,3369,4259,2834,1443,1391,544,269,275,13464,6913,6551
DALLAS COUNTY,113,44 Years,31257,15431,15826,7588,3889,3699,7244,3162,4082,2629,1327,1302,491,228,263,13305,6825,6480
DALLAS COUNTY,113,45 Years,30764,15071,15693,7411,3823,3588,7045,3047,3998,2508,1258,1250,467,213,254,13333,6730,6603
DALLAS COUNTY,113,46 Years,30581,14818,15763,7314,3758,3556,6859,2922,3937,2589,1276,1313,457,218,239,13362,6644,6718
DALLAS COUNTY,113,47 Years,30999,15096,15903,7447,3816,3631,6830,2930,3900,2607,1304,1303,449,213,236,13666,6833,6833
DALLAS COUNTY,113,48 Years,30982,14841,16141,7451,3742,3709,7037,2962,4075,2674,1330,1344,428,204,224,13392,6603,6789
DALLAS COUNTY,113,49 Years,30809,14745,16064,7550,3805,3745,7183,3031,4152,2614,1283,1331,451,214,237,13011,6412,6599
DALLAS COUNTY,113,50 Years,31038,14906,16132,7902,3978,3924,7361,3145,4216,2530,1257,1273,446,212,234,12799,6314,6485
DALLAS COUNTY,113,51 Years,31539,15102,16437,8558,4312,4246,7583,3223,4360,2481,1248,1233,451,205,246,12466,6114,6352
DALLAS COUNTY,113,52 Years,31760,15250,16510,8927,4503,4424,7552,3210,4342,2391,1166,1225,454,210,244,12436,6161,6275
DALLAS COUNTY,113,53 Years,31010,15185,15825,8866,4467,4399,7183,3138,4045,2298,1168,1130,429,195,234,12234,6217,6017
DALLAS COUNTY,113,54 Years,30002,14735,15267,8615,4319,4296,7060,3107,3953,2146,1115,1031,423,187,236,11758,6007,5751
DALLAS COUNTY,113,55 Years,29129,14278,14851,8516,4282,4234,6995,3065,3930,1946,971,975,391,177,214,11281,5783,5498
DALLAS COUNTY,113,56 Years,28835,14137,14698,8613,4329,4284,7107,3097,4010,1842,915,927,381,177,204,10892,5619,5273
DALLAS COUNTY,113,57 Years,29565,14550,15015,9271,4689,4582,7448,3239,4209,1832,925,907,417,189,228,10597,5508,5089
DALLAS COUNTY,113,58 Years,30178,14955,15223,10161,5134,5027,7511,3299,4212,1817,904,913,436,208,228,10253,5410,4843
DALLAS COUNTY,113,59 Years,30034,14733,15301,10784,5418,5366,7356,3211,4145,1777,860,917,437,209,228,9680,5035,4645
DALLAS COUNTY,113,60 Years,29455,14340,15115,11168,5544,5624,7194,3167,4027,1659,789,870,397,185,212,9037,4655,4382
DALLAS COUNTY,113,61 Years,29050,14151,14899,11258,5571,5687,7114,3141,3973,1624,784,840,391,176,215,8663,4479,4184
DALLAS COUNTY,113,62 Years,28671,13976,14695,11290,5569,5721,7015,3107,3908,1644,776,868,394,187,207,8328,4337,3991
DALLAS COUNTY,113,63 Years,27526,13344,14182,11136,5489,5647,6776,2996,3780,1562,715,847,353,174,179,7699,3970,3729
DALLAS COUNTY,113,64 Years,26450,12735,13715,11043,5430,5613,6497,2864,3633,1547,708,839,347,173,174,7016,3560,3456
DALLAS COUNTY,113,65 Years,25419,12118,13301,10788,5239,5549,6217,2702,3515,1569,734,835,338,164,174,6507,3279,3228
DALLAS COUNTY,113,66 Years,24154,11487,12667,10440,5074,5366,5829,2518,3311,1500,695,805,324,159,165,6061,3041,3020
DALLAS COUNTY,113,67 Years,22804,10814,11990,10145,4902,5243,5393,2320,3073,1411,664,747,300,140,160,5555,2788,2767
DALLAS COUNTY,113,68 Years,21194,9823,11371,9790,4614,5176,4811,2006,2805,1334,607,727,277,124,153,4982,2472,2510
DALLAS COUNTY,113,69 Years,19968,9145,10823,9448,4427,5021,4423,1806,2617,1330,591,739,271,117,154,4496,2204,2292
DALLAS COUNTY,113,70 Years,18691,8442,10249,8964,4166,4798,4196,1663,2533,1208,544,664,255,113,142,4068,1956,2112
DALLAS COUNTY,113,71 Years,17554,7888,9666,8366,3876,4490,4063,1583,2480,1140,512,628,224,103,121,3761,1814,1947
DALLAS COUNTY,113,72 Years,16460,7350,9110,7946,3652,4294,3811,1491,2320,1092,491,601,204,90,114,3407,1626,1781
DALLAS COUNTY,113,73 Years,15438,6888,8550,7590,3464,4126,3537,1390,2147,992,455,537,207,88,119,3112,1491,1621
DALLAS COUNTY,113,74 Years,14810,6549,8261,7603,3439,4164,3322,1316,2006,865,396,469,196,87,109,2824,1311,1513
DALLAS COUNTY,113,75 Years,14069,6171,7898,7630,3451,4179,2944,1150,1794,756,348,408,185,77,108,2554,1145,1409
DALLAS COUNTY,113,76 Years,11962,5198,6764,6375,2854,3521,2504,964,1540,654,298,356,148,63,85,2281,1019,1262
DALLAS COUNTY,113,77 Years,10695,4563,6132,5604,2447,3157,2316,859,1457,615,283,332,138,56,82,2022,918,1104
DALLAS COUNTY,113,78 Years,10063,4286,5777,5420,2378,3042,2108,790,1318,571,262,309,151,59,92,1813,797,1016
DALLAS COUNTY,113,79 Years,9364,3939,5425,5223,2251,2972,1902,713,1189,533,246,287,123,51,72,1583,678,905
DALLAS COUNTY,113,80 Years,8262,3405,4857,4663,1960,2703,1679,617,1062,458,203,255,99,40,59,1363,585,778
DALLAS COUNTY,113,81 Years,7410,3002,4408,4181,1734,2447,1491,521,970,399,176,223,82,32,50,1257,539,718
DALLAS COUNTY,113,82 Years,6679,2683,3996,3786,1553,2233,1303,454,849,365,166,199,71,26,45,1154,484,670
DALLAS COUNTY,113,83 Years,5977,2383,3594,3436,1412,2024,1138,395,743,326,144,182,60,22,38,1017,410,607
DALLAS COUNTY,113,84 Years,5347,2121,3226,3116,1273,1843,994,343,651,288,128,160,49,19,30,900,358,542
DALLAS COUNTY,113,85 Years,4764,1840,2924,2784,1106,1678,889,293,596,262,112,150,42,17,25,787,312,475
DALLAS COUNTY,113,86 Years,4295,1624,2671,2542,992,1550,792,246,546,228,98,130,39,14,25,694,274,420
DALLAS COUNTY,113,87 Years,3939,1437,2502,2379,884,1495,718,229,489,185,78,107,33,9,24,624,237,387
DALLAS COUNTY,113,88 Years,3478,1250,2228,2106,759,1347,640,208,432,151,65,86,27,7,20,554,211,343
DALLAS COUNTY,113,89 Years,3032,1064,1968,1855,659,1196,563,169,394,125,54,71,24,6,18,465,176,289
DALLAS COUNTY,113,90 Years,2646,912,1734,1663,582,1081,454,131,323,112,43,69,20,5,15,397,151,246
DALLAS COUNTY,113,91 Years,2296,769,1527,1449,492,957,383,107,276,93,34,59,19,4,15,352,132,220
DALLAS COUNTY,113,92 Years,1980,637,1343,1243,404,839,335,88,247,83,30,53,17,4,13,302,111,191
DALLAS COUNTY,113,93 Years,1627,499,1128,1038,329,709,281,66,215,69,24,45,13,2,11,226,78,148
DALLAS COUNTY,113,94 Years,1257,375,882,811,242,569,209,54,155,54,23,31,12,2,10,171,54,117
DALLAS COUNTY,113,95 Years +,3398,920,2478,2125,558,1567,620,147,473,140,50,90,30,7,23,483,158,325
DAWSON COUNTY,115,All Ages,11999,6706,5293,4033,2196,1837,812,612,200,50,21,29,212,116,96,6892,3761,3131
DAWSON COUNTY,115,< 1 Year,150,74,76,39,19,20,5,3,2,1,0,1,5,3,2,100,49,51
DAWSON COUNTY,115,1 Years,145,74,71,35,18,17,5,3,2,1,0,1,4,2,2,100,51,49
DAWSON COUNTY,115,2 Years,148,75,73,37,18,19,5,3,2,1,0,1,4,2,2,101,52,49
DAWSON COUNTY,115,3 Years,176,92,84,48,21,27,7,3,4,2,1,1,1,1,0,118,66,52
DAWSON COUNTY,115,4 Years,184,97,87,50,24,26,7,4,3,2,1,1,3,2,1,122,66,56
DAWSON COUNTY,115,5 Years,183,93,90,46,22,24,8,4,4,1,1,0,4,2,2,124,64,60
DAWSON COUNTY,115,6 Years,184,91,93,46,23,23,8,4,4,2,1,1,6,2,4,122,61,61
DAWSON COUNTY,115,7 Years,178,89,89,44,21,23,8,5,3,1,1,0,6,2,4,119,60,59
DAWSON COUNTY,115,8 Years,172,87,85,40,20,20,8,7,1,0,0,0,9,4,5,115,56,59
DAWSON COUNTY,115,9 Years,170,86,84,40,21,19,7,6,1,4,0,4,7,4,3,112,55,57
DAWSON COUNTY,115,10 Years,168,90,78,41,23,18,7,6,1,1,0,1,5,4,1,114,57,57
DAWSON COUNTY,115,11 Years,168,91,77,43,23,20,7,6,1,0,0,0,4,3,1,114,59,55
DAWSON COUNTY,115,12 Years,170,91,79,39,23,16,3,2,1,0,0,0,4,2,2,124,64,60
DAWSON COUNTY,115,13 Years,172,90,82,43,24,19,5,3,2,2,0,2,4,2,2,118,61,57
DAWSON COUNTY,115,14 Years,172,90,82,41,22,19,6,4,2,2,0,2,3,1,2,120,63,57
DAWSON COUNTY,115,15 Years,172,88,84,35,19,16,5,2,3,2,0,2,2,0,2,128,67,61
DAWSON COUNTY,115,16 Years,168,85,83,38,21,17,4,2,2,1,0,1,2,0,2,123,62,61
DAWSON COUNTY,115,17 Years,153,76,77,38,20,18,4,2,2,2,0,2,3,1,2,106,53,53
DAWSON COUNTY,115,18 Years,149,86,63,38,23,15,5,1,4,1,1,0,3,2,1,102,59,43
DAWSON COUNTY,115,19 Years,160,96,64,35,22,13,16,12,4,0,0,0,4,4,0,105,58,47
DAWSON COUNTY,115,20 Years,178,113,65,47,33,14,14,11,3,0,0,0,2,1,1,115,68,47
DAWSON COUNTY,115,21 Years,205,133,72,54,39,15,26,22,4,0,0,0,3,2,1,122,70,52
DAWSON COUNTY,115,22 Years,208,142,66,55,37,18,35,30,5,0,0,0,4,2,2,114,73,41
DAWSON COUNTY,115,23 Years,189,127,62,54,35,19,26,22,4,0,0,0,6,4,2,103,66,37
DAWSON COUNTY,115,24 Years,202,146,56,60,46,14,26,24,2,2,2,0,4,2,2,110,72,38
DAWSON COUNTY,115,25 Years,211,156,55,61,48,13,29,27,2,2,2,0,2,0,2,117,79,38
DAWSON COUNTY,115,26 Years,205,140,65,55,37,18,25,22,3,0,0,0,6,4,2,119,77,42
DAWSON COUNTY,115,27 Years,209,143,66,60,41,19,25,22,3,0,0,0,2,0,2,122,80,42
DAWSON COUNTY,115,28 Years,206,150,56,63,48,15,29,27,2,1,1,0,4,4,0,109,70,39
DAWSON COUNTY,115,29 Years,211,152,59,68,49,19,24,22,2,2,2,0,6,6,0,111,73,38
DAWSON COUNTY,115,30 Years,178,118,60,61,41,20,22,21,1,0,0,0,3,2,1,92,54,38
DAWSON COUNTY,115,31 Years,183,127,56,58,40,18,24,22,2,0,0,0,3,2,1,98,63,35
DAWSON COUNTY,115,32 Years,166,112,54,52,35,17,22,20,2,1,1,0,3,1,2,88,55,33
DAWSON COUNTY,115,33 Years,170,100,70,60,38,22,11,8,3,1,1,0,2,0,2,96,53,43
DAWSON COUNTY,115,34 Years,151,97,54,56,36,20,8,6,2,0,0,0,2,1,1,85,54,31
DAWSON COUNTY,115,35 Years,169,102,67,52,31,21,13,10,3,3,0,3,3,2,1,98,59,39
DAWSON COUNTY,115,36 Years,180,118,62,52,34,18,15,13,2,1,0,1,2,1,1,110,70,40
DAWSON COUNTY,115,37 Years,176,114,62,52,32,20,13,12,1,0,0,0,2,1,1,109,69,40
DAWSON COUNTY,115,38 Years,157,95,62,52,31,21,7,5,2,0,0,0,3,2,1,95,57,38
DAWSON COUNTY,115,39 Years,159,98,61,51,31,20,12,9,3,1,1,0,2,1,1,93,56,37
DAWSON COUNTY,115,40 Years,147,88,59,44,26,18,17,14,3,0,0,0,2,1,1,84,47,37
DAWSON COUNTY,115,41 Years,137,80,57,44,27,17,10,8,2,1,1,0,1,1,0,81,43,38
DAWSON COUNTY,115,42 Years,139,79,60,43,26,17,8,5,3,1,1,0,2,0,2,85,47,38
DAWSON COUNTY,115,43 Years,157,94,63,43,24,19,14,11,3,1,1,0,0,0,0,99,58,41
DAWSON COUNTY,115,44 Years,148,90,58,38,22,16,7,5,2,0,0,0,1,1,0,102,62,40
DAWSON COUNTY,115,45 Years,137,79,58,37,20,17,10,8,2,1,1,0,0,0,0,89,50,39
DAWSON COUNTY,115,46 Years,125,67,58,38,22,16,9,6,3,0,0,0,1,0,1,77,39,38
DAWSON COUNTY,115,47 Years,117,62,55,39,20,19,5,3,2,0,0,0,1,0,1,72,39,33
DAWSON COUNTY,115,48 Years,127,73,54,41,23,18,11,9,2,0,0,0,0,0,0,75,41,34
DAWSON COUNTY,115,49 Years,133,78,55,45,26,19,11,9,2,0,0,0,1,1,0,76,42,34
DAWSON COUNTY,115,50 Years,111,59,52,44,23,21,6,4,2,0,0,0,3,0,3,58,32,26
DAWSON COUNTY,115,51 Years,119,60,59,46,22,24,8,7,1,0,0,0,4,0,4,61,31,30
DAWSON COUNTY,115,52 Years,129,69,60,44,21,23,9,8,1,0,0,0,5,3,2,71,37,34
DAWSON COUNTY,115,53 Years,115,57,58,49,23,26,6,5,1,0,0,0,2,2,0,58,27,31
DAWSON COUNTY,115,54 Years,107,52,55,48,22,26,3,2,1,0,0,0,1,1,0,55,27,28
DAWSON COUNTY,115,55 Years,110,57,53,37,20,17,9,8,1,1,0,1,3,0,3,60,29,31
DAWSON COUNTY,115,56 Years,101,54,47,33,20,13,3,1,2,1,0,1,3,1,2,61,32,29
DAWSON COUNTY,115,57 Years,108,56,52,39,21,18,3,1,2,1,0,1,1,1,0,64,33,31
DAWSON COUNTY,115,58 Years,125,69,56,46,27,19,10,7,3,1,0,1,1,1,0,67,34,33
DAWSON COUNTY,115,59 Years,125,69,56,49,29,20,5,2,3,0,0,0,1,1,0,70,37,33
DAWSON COUNTY,115,60 Years,129,60,69,50,25,25,4,0,4,0,0,0,1,1,0,74,34,40
DAWSON COUNTY,115,61 Years,130,63,67,51,24,27,4,1,3,0,0,0,1,1,0,74,37,37
DAWSON COUNTY,115,62 Years,123,64,59,55,29,26,5,2,3,0,0,0,0,0,0,63,33,30
DAWSON COUNTY,115,63 Years,121,67,54,57,31,26,8,6,2,1,1,0,1,1,0,54,28,26
DAWSON COUNTY,115,64 Years,115,57,58,50,23,27,10,7,3,0,0,0,5,2,3,50,25,25
DAWSON COUNTY,115,65 Years,122,61,61,50,24,26,11,8,3,0,0,0,4,2,2,57,27,30
DAWSON COUNTY,115,66 Years,106,49,57,48,24,24,6,2,4,0,0,0,2,2,0,50,21,29
DAWSON COUNTY,115,67 Years,104,48,56,51,25,26,3,0,3,0,0,0,2,1,1,48,22,26
DAWSON COUNTY,115,68 Years,101,50,51,56,26,30,4,3,1,0,0,0,1,1,0,40,20,20
DAWSON COUNTY,115,69 Years,102,48,54,57,27,30,8,4,4,0,0,0,1,0,1,36,17,19
DAWSON COUNTY,115,70 Years,93,40,53,51,20,31,6,3,3,0,0,0,0,0,0,36,17,19
DAWSON COUNTY,115,71 Years,96,43,53,49,21,28,4,2,2,0,0,0,0,0,0,43,20,23
DAWSON COUNTY,115,72 Years,90,40,50,47,20,27,5,2,3,0,0,0,2,2,0,36,16,20
DAWSON COUNTY,115,73 Years,78,41,37,43,21,22,5,3,2,0,0,0,1,1,0,29,16,13
DAWSON COUNTY,115,74 Years,80,40,40,47,21,26,6,4,2,0,0,0,0,0,0,27,15,12
DAWSON COUNTY,115,75 Years,80,33,47,46,18,28,3,2,1,0,0,0,0,0,0,31,13,18
DAWSON COUNTY,115,76 Years,67,24,43,33,11,22,2,1,1,0,0,0,0,0,0,32,12,20
DAWSON COUNTY,115,77 Years,63,22,41,32,9,23,3,1,2,0,0,0,2,2,0,26,10,16
DAWSON COUNTY,115,78 Years,71,25,46,35,12,23,3,0,3,1,0,1,1,0,1,31,13,18
DAWSON COUNTY,115,79 Years,64,27,37,35,15,20,1,0,1,0,0,0,0,0,0,28,12,16
DAWSON COUNTY,115,80 Years,60,20,40,37,13,24,1,0,1,0,0,0,0,0,0,22,7,15
DAWSON COUNTY,115,81 Years,53,18,35,34,13,21,1,0,1,0,0,0,0,0,0,18,5,13
DAWSON COUNTY,115,82 Years,49,18,31,27,10,17,1,0,1,0,0,0,2,2,0,19,6,13
DAWSON COUNTY,115,83 Years,42,18,24,24,9,15,1,0,1,0,0,0,1,1,0,16,8,8
DAWSON COUNTY,115,84 Years,40,17,23,25,10,15,2,1,1,0,0,0,0,0,0,13,6,7
DAWSON COUNTY,115,85 Years,39,16,23,24,10,14,1,0,1,0,0,0,1,0,1,13,6,7
DAWSON COUNTY,115,86 Years,38,13,25,24,8,16,1,0,1,0,0,0,0,0,0,13,5,8
DAWSON COUNTY,115,87 Years,35,13,22,22,8,14,1,0,1,0,0,0,0,0,0,12,5,7
DAWSON COUNTY,115,88 Years,28,12,16,17,7,10,1,0,1,0,0,0,2,2,0,8,3,5
DAWSON COUNTY,115,89 Years,20,8,12,13,6,7,0,0,0,0,0,0,0,0,0,7,2,5
DAWSON COUNTY,115,90 Years,19,8,11,14,6,8,0,0,0,0,0,0,0,0,0,5,2,3
DAWSON COUNTY,115,91 Years,15,7,8,11,5,6,0,0,0,0,0,0,0,0,0,4,2,2
DAWSON COUNTY,115,92 Years,13,6,7,9,4,5,0,0,0,0,0,0,0,0,0,4,2,2
DAWSON COUNTY,115,93 Years,9,3,6,6,2,4,0,0,0,0,0,0,0,0,0,3,1,2
DAWSON COUNTY,115,94 Years,9,3,6,5,2,3,0,0,0,0,0,0,1,0,1,3,1,2
DAWSON COUNTY,115,95 Years +,23,8,15,12,4,8,1,0,1,0,0,0,1,0,1,9,4,5
DEAF SMITH COUNTY,117,All Ages,18518,9230,9288,3985,1931,2054,190,105,85,57,21,36,190,79,111,14096,7094,7002
DEAF SMITH COUNTY,117,< 1 Year,284,141,143,39,21,18,3,1,2,1,0,1,4,2,2,237,117,120
DEAF SMITH COUNTY,117,1 Years,271,139,132,37,19,18,3,2,1,1,0,1,5,3,2,225,115,110
DEAF SMITH COUNTY,117,2 Years,274,140,134,38,19,19,4,2,2,1,1,0,4,2,2,227,116,111
DEAF SMITH COUNTY,117,3 Years,331,165,166,38,20,18,0,0,0,1,0,1,3,0,3,289,145,144
DEAF SMITH COUNTY,117,4 Years,345,172,173,39,20,19,2,1,1,2,2,0,4,2,2,298,147,151
DEAF SMITH COUNTY,117,5 Years,344,169,175,40,20,20,2,1,1,1,1,0,4,2,2,297,145,152
DEAF SMITH COUNTY,117,6 Years,342,166,176,40,20,20,4,2,2,0,0,0,5,2,3,293,142,151
DEAF SMITH COUNTY,117,7 Years,334,164,170,40,19,21,3,2,1,2,0,2,4,2,2,285,141,144
DEAF SMITH COUNTY,117,8 Years,327,168,159,36,19,17,2,1,1,0,0,0,3,1,2,286,147,139
DEAF SMITH COUNTY,117,9 Years,320,168,152,36,19,17,2,1,1,1,0,1,2,0,2,279,148,131
DEAF SMITH COUNTY,117,10 Years,324,170,154,38,20,18,2,1,1,1,0,1,3,0,3,280,149,131
DEAF SMITH COUNTY,117,11 Years,317,168,149,36,18,18,4,3,1,1,0,1,3,0,3,273,147,126
DEAF SMITH COUNTY,117,12 Years,303,156,147,37,20,17,1,0,1,1,0,1,1,1,0,263,135,128
DEAF SMITH COUNTY,117,13 Years,304,143,161,36,18,18,0,0,0,2,1,1,2,1,1,264,123,141
DEAF SMITH COUNTY,117,14 Years,326,153,173,37,20,17,0,0,0,0,0,0,4,1,3,285,132,153
DEAF SMITH COUNTY,117,15 Years,338,177,161,34,18,16,4,4,0,0,0,0,3,1,2,297,154,143
DEAF SMITH COUNTY,117,16 Years,312,166,146,36,20,16,2,2,0,0,0,0,2,1,1,272,143,129
DEAF SMITH COUNTY,117,17 Years,298,152,146,40,23,17,4,2,2,0,0,0,3,2,1,251,125,126
DEAF SMITH COUNTY,117,18 Years,293,154,139,38,22,16,4,2,2,0,0,0,7,4,3,244,126,118
DEAF SMITH COUNTY,117,19 Years,285,144,141,38,17,21,2,0,2,0,0,0,4,2,2,241,125,116
DEAF SMITH COUNTY,117,20 Years,285,151,134,47,25,22,2,0,2,1,1,0,3,2,1,232,123,109
DEAF SMITH COUNTY,117,21 Years,279,145,134,47,24,23,3,1,2,1,0,1,3,0,3,225,120,105
DEAF SMITH COUNTY,117,22 Years,277,142,135,42,21,21,3,2,1,3,1,2,1,0,1,228,118,110
DEAF SMITH COUNTY,117,23 Years,271,136,135,43,23,20,2,0,2,6,1,5,2,0,2,218,112,106
DEAF SMITH COUNTY,117,24 Years,263,138,125,39,21,18,4,1,3,2,1,1,3,0,3,215,115,100
DEAF SMITH COUNTY,117,25 Years,248,128,120,33,19,14,6,4,2,0,0,0,3,1,2,206,104,102
DEAF SMITH COUNTY,117,26 Years,239,122,117,38,23,15,3,2,1,0,0,0,3,1,2,195,96,99
DEAF SMITH COUNTY,117,27 Years,238,123,115,37,20,17,2,2,0,0,0,0,2,0,2,197,101,96
DEAF SMITH COUNTY,117,28 Years,253,138,115,41,20,21,3,3,0,1,0,1,1,1,0,207,114,93
DEAF SMITH COUNTY,117,29 Years,259,140,119,47,22,25,3,3,0,0,0,0,4,1,3,205,114,91
DEAF SMITH COUNTY,117,30 Years,266,139,127,48,27,21,2,1,1,1,0,1,3,1,2,212,110,102
DEAF SMITH COUNTY,117,31 Years,254,123,131,40,22,18,1,0,1,1,0,1,3,1,2,209,100,109
DEAF SMITH COUNTY,117,32 Years,228,114,114,35,16,19,2,1,1,1,0,1,2,1,1,188,96,92
DEAF SMITH COUNTY,117,33 Years,225,113,112,31,15,16,1,0,1,2,0,2,1,1,0,190,97,93
DEAF SMITH COUNTY,117,34 Years,237,124,113,37,22,15,2,2,0,2,1,1,2,1,1,194,98,96
DEAF SMITH COUNTY,117,35 Years,217,112,105,33,17,16,2,1,1,1,0,1,1,0,1,180,94,86
DEAF SMITH COUNTY,117,36 Years,215,102,113,30,14,16,5,2,3,0,0,0,1,0,1,179,86,93
DEAF SMITH COUNTY,117,37 Years,217,109,108,32,16,16,3,2,1,2,1,1,2,1,1,178,89,89
DEAF SMITH COUNTY,117,38 Years,205,99,106,39,17,22,2,1,1,1,0,1,2,2,0,161,79,82
DEAF SMITH COUNTY,117,39 Years,198,97,101,38,19,19,1,1,0,2,1,1,2,1,1,155,75,80
DEAF SMITH COUNTY,117,40 Years,193,91,102,33,19,14,2,1,1,1,0,1,1,0,1,156,71,85
DEAF SMITH COUNTY,117,41 Years,193,94,99,37,20,17,1,1,0,1,0,1,1,0,1,153,73,80
DEAF SMITH COUNTY,117,42 Years,209,102,107,38,17,21,3,1,2,0,0,0,3,2,1,165,82,83
DEAF SMITH COUNTY,117,43 Years,222,110,112,44,21,23,2,1,1,0,0,0,4,2,2,172,86,86
DEAF SMITH COUNTY,117,44 Years,210,109,101,38,19,19,0,0,0,0,0,0,4,2,2,168,88,80
DEAF SMITH COUNTY,117,45 Years,210,104,106,38,18,20,2,2,0,1,1,0,3,3,0,166,80,86
DEAF SMITH COUNTY,117,46 Years,213,104,109,44,21,23,4,4,0,0,0,0,2,1,1,163,78,85
DEAF SMITH COUNTY,117,47 Years,202,101,101,42,20,22,3,2,1,1,1,0,0,0,0,156,78,78
DEAF SMITH COUNTY,117,48 Years,194,97,97,35,18,17,2,1,1,1,1,0,2,1,1,154,76,78
DEAF SMITH COUNTY,117,49 Years,185,96,89,34,18,16,1,0,1,1,0,1,2,1,1,147,77,70
DEAF SMITH COUNTY,117,50 Years,203,101,102,37,19,18,3,1,2,0,0,0,5,3,2,158,78,80
DEAF SMITH COUNTY,117,51 Years,211,109,102,48,24,24,6,5,1,0,0,0,3,1,2,154,79,75
DEAF SMITH COUNTY,117,52 Years,207,108,99,55,26,29,7,4,3,0,0,0,2,0,2,143,78,65
DEAF SMITH COUNTY,117,53 Years,194,91,103,52,21,31,3,2,1,1,1,0,1,0,1,137,67,70
DEAF SMITH COUNTY,117,54 Years,170,75,95,39,14,25,2,1,1,0,0,0,1,0,1,128,60,68
DEAF SMITH COUNTY,117,55 Years,174,83,91,45,23,22,2,1,1,1,1,0,1,0,1,125,58,67
DEAF SMITH COUNTY,117,56 Years,176,88,88,49,23,26,3,1,2,0,0,0,1,0,1,123,64,59
DEAF SMITH COUNTY,117,57 Years,190,92,98,56,26,30,5,2,3,1,0,1,1,1,0,127,63,64
DEAF SMITH COUNTY,117,58 Years,184,98,86,55,29,26,4,3,1,1,1,0,2,1,1,122,64,58
DEAF SMITH COUNTY,117,59 Years,176,97,79,52,29,23,3,1,2,2,2,0,1,0,1,118,65,53
DEAF SMITH COUNTY,117,60 Years,177,90,87,58,28,30,3,1,2,0,0,0,1,0,1,115,61,54
DEAF SMITH COUNTY,117,61 Years,191,91,100,67,32,35,3,2,1,1,1,0,2,0,2,118,56,62
DEAF SMITH COUNTY,117,62 Years,177,86,91,61,29,32,2,1,1,0,0,0,1,0,1,113,56,57
DEAF SMITH COUNTY,117,63 Years,166,86,80,60,28,32,1,1,0,0,0,0,2,0,2,103,57,46
DEAF SMITH COUNTY,117,64 Years,179,87,92,69,33,36,2,2,0,0,0,0,2,0,2,106,52,54
DEAF SMITH COUNTY,117,65 Years,177,88,89,74,38,36,1,1,0,0,0,0,0,0,0,102,49,53
DEAF SMITH COUNTY,117,66 Years,166,79,87,70,34,36,1,1,0,0,0,0,0,0,0,95,44,51
DEAF SMITH COUNTY,117,67 Years,157,72,85,65,28,37,1,1,0,0,0,0,0,0,0,91,43,48
DEAF SMITH COUNTY,117,68 Years,166,75,91,67,30,37,2,1,1,0,0,0,1,1,0,96,43,53
DEAF SMITH COUNTY,117,69 Years,157,75,82,70,35,35,2,1,1,0,0,0,2,2,0,83,37,46
DEAF SMITH COUNTY,117,70 Years,148,71,77,68,34,34,1,1,0,0,0,0,3,2,1,76,34,42
DEAF SMITH COUNTY,117,71 Years,144,67,77,62,29,33,1,0,1,0,0,0,2,1,1,79,37,42
DEAF SMITH COUNTY,117,72 Years,137,63,74,63,28,35,2,0,2,0,0,0,0,0,0,72,35,37
DEAF SMITH COUNTY,117,73 Years,134,70,64,65,31,34,1,0,1,0,0,0,1,0,1,67,39,28
DEAF SMITH COUNTY,117,74 Years,121,63,58,61,29,32,1,0,1,0,0,0,2,1,1,57,33,24
DEAF SMITH COUNTY,117,75 Years,105,53,52,56,26,30,1,0,1,0,0,0,2,1,1,46,26,20
DEAF SMITH COUNTY,117,76 Years,84,39,45,47,22,25,1,0,1,0,0,0,2,1,1,34,16,18
DEAF SMITH COUNTY,117,77 Years,82,32,50,40,16,24,3,2,1,0,0,0,2,1,1,37,13,24
DEAF SMITH COUNTY,117,78 Years,80,28,52,39,15,24,1,0,1,1,0,1,1,1,0,38,12,26
DEAF SMITH COUNTY,117,79 Years,75,35,40,35,17,18,0,0,0,1,0,1,1,1,0,38,17,21
DEAF SMITH COUNTY,117,80 Years,63,32,31,33,17,16,0,0,0,0,0,0,1,1,0,29,14,15
DEAF SMITH COUNTY,117,81 Years,60,28,32,34,16,18,0,0,0,0,0,0,0,0,0,26,12,14
DEAF SMITH COUNTY,117,82 Years,59,24,35,34,14,20,0,0,0,0,0,0,0,0,0,25,10,15
DEAF SMITH COUNTY,117,83 Years,53,21,32,32,14,18,0,0,0,0,0,0,1,1,0,20,6,14
DEAF SMITH COUNTY,117,84 Years,49,21,28,30,12,18,0,0,0,0,0,0,1,1,0,18,8,10
DEAF SMITH COUNTY,117,85 Years,49,23,26,29,12,17,0,0,0,0,0,0,1,1,0,19,10,9
DEAF SMITH COUNTY,117,86 Years,43,17,26,26,10,16,1,0,1,0,0,0,1,0,1,15,7,8
DEAF SMITH COUNTY,117,87 Years,35,14,21,22,8,14,1,0,1,0,0,0,0,0,0,12,6,6
DEAF SMITH COUNTY,117,88 Years,41,15,26,27,9,18,0,0,0,0,0,0,0,0,0,14,6,8
DEAF SMITH COUNTY,117,89 Years,35,13,22,23,9,14,0,0,0,0,0,0,0,0,0,12,4,8
DEAF SMITH COUNTY,117,90 Years,29,11,18,20,7,13,0,0,0,0,0,0,0,0,0,9,4,5
DEAF SMITH COUNTY,117,91 Years,26,9,17,18,5,13,0,0,0,0,0,0,0,0,0,8,4,4
DEAF SMITH COUNTY,117,92 Years,22,8,14,16,5,11,0,0,0,0,0,0,1,0,1,5,3,2
DEAF SMITH COUNTY,117,93 Years,18,5,13,13,3,10,0,0,0,0,0,0,1,0,1,4,2,2
DEAF SMITH COUNTY,117,94 Years,14,5,9,9,2,7,0,0,0,0,0,0,0,0,0,5,3,2
DEAF SMITH COUNTY,117,95 Years +,37,14,23,21,6,15,0,0,0,0,0,0,2,1,1,14,7,7
DELTA COUNTY,119,All Ages,5559,2736,2823,4372,2107,2265,461,257,204,26,11,15,236,109,127,464,252,212
DELTA COUNTY,119,< 1 Year,60,29,31,41,20,21,5,2,3,0,0,0,5,2,3,9,5,4
DELTA COUNTY,119,1 Years,58,28,30,39,19,20,4,2,2,0,0,0,5,2,3,10,5,5
DELTA COUNTY,119,2 Years,56,29,27,39,20,19,4,2,2,0,0,0,3,1,2,10,6,4
DELTA COUNTY,119,3 Years,76,43,33,52,29,23,5,4,1,0,0,0,8,4,4,11,6,5
DELTA COUNTY,119,4 Years,79,42,37,55,29,26,5,4,1,0,0,0,8,4,4,11,5,6
DELTA COUNTY,119,5 Years,78,39,39,58,28,30,7,5,2,0,0,0,3,2,1,10,4,6
DELTA COUNTY,119,6 Years,78,35,43,57,25,32,7,4,3,0,0,0,4,1,3,10,5,5
DELTA COUNTY,119,7 Years,80,35,45,60,27,33,11,4,7,0,0,0,1,0,1,8,4,4
DELTA COUNTY,119,8 Years,76,41,35,53,29,24,8,3,5,0,0,0,3,1,2,12,8,4
DELTA COUNTY,119,9 Years,71,37,34,49,26,23,7,3,4,0,0,0,4,2,2,11,6,5
DELTA COUNTY,119,10 Years,71,33,38,50,22,28,6,3,3,0,0,0,6,4,2,9,4,5
DELTA COUNTY,119,11 Years,72,31,41,55,24,31,7,3,4,0,0,0,5,4,1,5,0,5
DELTA COUNTY,119,12 Years,74,31,43,58,26,32,6,2,4,0,0,0,5,2,3,5,1,4
DELTA COUNTY,119,13 Years,69,31,38,46,20,26,10,5,5,0,0,0,4,3,1,9,3,6
DELTA COUNTY,119,14 Years,57,30,27,37,16,21,9,7,2,0,0,0,3,3,0,8,4,4
DELTA COUNTY,119,15 Years,63,32,31,44,20,24,11,8,3,1,0,1,2,1,1,5,3,2
DELTA COUNTY,119,16 Years,68,37,31,48,25,23,6,3,3,2,0,2,2,1,1,10,8,2
DELTA COUNTY,119,17 Years,60,30,30,45,23,22,3,0,3,1,0,1,3,2,1,8,5,3
DELTA COUNTY,119,18 Years,64,28,36,46,19,27,3,0,3,0,0,0,4,2,2,11,7,4
DELTA COUNTY,119,19 Years,72,34,38,48,21,27,3,0,3,0,0,0,6,3,3,15,10,5
DELTA COUNTY,119,20 Years,70,38,32,52,26,26,2,2,0,0,0,0,4,2,2,12,8,4
DELTA COUNTY,119,21 Years,61,34,27,45,24,21,5,4,1,0,0,0,5,2,3,6,4,2
DELTA COUNTY,119,22 Years,58,30,28,40,20,20,8,6,2,0,0,0,4,2,2,6,2,4
DELTA COUNTY,119,23 Years,52,25,27,39,20,19,6,3,3,0,0,0,2,0,2,5,2,3
DELTA COUNTY,119,24 Years,46,19,27,35,16,19,4,1,3,0,0,0,3,0,3,4,2,2
DELTA COUNTY,119,25 Years,48,24,24,36,18,18,5,3,2,0,0,0,4,1,3,3,2,1
DELTA COUNTY,119,26 Years,55,30,25,42,22,20,6,4,2,0,0,0,2,0,2,5,4,1
DELTA COUNTY,119,27 Years,61,31,30,45,23,22,8,3,5,0,0,0,2,1,1,6,4,2
DELTA COUNTY,119,28 Years,62,27,35,46,20,26,8,3,5,0,0,0,2,1,1,6,3,3
DELTA COUNTY,119,29 Years,61,27,34,48,21,27,5,2,3,0,0,0,4,2,2,4,2,2
DELTA COUNTY,119,30 Years,59,29,30,44,21,23,5,2,3,0,0,0,6,4,2,4,2,2
DELTA COUNTY,119,31 Years,58,29,29,44,22,22,5,2,3,0,0,0,4,2,2,5,3,2
DELTA COUNTY,119,32 Years,65,32,33,52,26,26,5,3,2,0,0,0,2,1,1,6,2,4
DELTA COUNTY,119,33 Years,67,37,30,50,24,26,10,9,1,0,0,0,2,2,0,5,2,3
DELTA COUNTY,119,34 Years,57,30,27,41,15,26,10,9,1,2,2,0,2,2,0,2,2,0
DELTA COUNTY,119,35 Years,64,32,32,48,21,27,8,6,2,0,0,0,2,1,1,6,4,2
DELTA COUNTY,119,36 Years,64,29,35,48,23,25,7,3,4,0,0,0,1,0,1,8,3,5
DELTA COUNTY,119,37 Years,61,29,32,48,24,24,3,0,3,0,0,0,2,1,1,8,4,4
DELTA COUNTY,119,38 Years,68,39,29,58,31,27,6,4,2,0,0,0,0,0,0,4,4,0
DELTA COUNTY,119,39 Years,76,40,36,57,29,28,7,4,3,2,2,0,1,1,0,9,4,5
DELTA COUNTY,119,40 Years,59,33,26,46,26,20,4,3,1,1,1,0,1,0,1,7,3,4
DELTA COUNTY,119,41 Years,52,21,31,38,16,22,5,3,2,0,0,0,2,1,1,7,1,6
DELTA COUNTY,119,42 Years,65,28,37,51,20,31,4,3,1,0,0,0,2,1,1,8,4,4
DELTA COUNTY,119,43 Years,63,36,27,51,26,25,3,3,0,0,0,0,1,1,0,8,6,2
DELTA COUNTY,119,44 Years,52,33,19,44,25,19,3,3,0,0,0,0,1,1,0,4,4,0
DELTA COUNTY,119,45 Years,52,30,22,39,21,18,3,2,1,2,2,0,1,1,0,7,4,3
DELTA COUNTY,119,46 Years,55,32,23,41,23,18,3,2,1,1,1,0,2,1,1,8,5,3
DELTA COUNTY,119,47 Years,56,30,26,43,22,21,4,4,0,0,0,0,3,1,2,6,3,3
DELTA COUNTY,119,48 Years,61,30,31,44,23,21,6,3,3,0,0,0,5,0,5,6,4,2
DELTA COUNTY,119,49 Years,59,32,27,42,24,18,8,4,4,0,0,0,3,0,3,6,4,2
DELTA COUNTY,119,50 Years,61,28,33,47,24,23,7,2,5,0,0,0,3,0,3,4,2,2
DELTA COUNTY,119,51 Years,64,28,36,52,24,28,5,3,2,0,0,0,3,0,3,4,1,3
DELTA COUNTY,119,52 Years,69,31,38,59,25,34,6,5,1,0,0,0,1,0,1,3,1,2
DELTA COUNTY,119,53 Years,72,34,38,57,24,33,8,7,1,0,0,0,2,1,1,5,2,3
DELTA COUNTY,119,54 Years,64,35,29,52,25,27,7,6,1,0,0,0,3,2,1,2,2,0
DELTA COUNTY,119,55 Years,65,32,33,52,24,28,7,6,1,0,0,0,1,1,0,5,1,4
DELTA COUNTY,119,56 Years,71,35,36,60,26,34,6,5,1,0,0,0,1,1,0,4,3,1
DELTA COUNTY,119,57 Years,78,35,43,65,27,38,5,4,1,0,0,0,1,1,0,7,3,4
DELTA COUNTY,119,58 Years,87,38,49,72,32,40,9,4,5,1,0,1,1,1,0,4,1,3
DELTA COUNTY,119,59 Years,85,37,48,67,31,36,10,2,8,1,0,1,0,0,0,7,4,3
DELTA COUNTY,119,60 Years,80,41,39,70,35,35,5,1,4,0,0,0,1,1,0,4,4,0
DELTA COUNTY,119,61 Years,86,47,39,75,40,35,5,3,2,0,0,0,2,1,1,4,3,1
DELTA COUNTY,119,62 Years,77,41,36,69,37,32,5,3,2,0,0,0,2,1,1,1,0,1
DELTA COUNTY,119,63 Years,72,34,38,60,28,32,6,4,2,0,0,0,2,1,1,4,1,3
DELTA COUNTY,119,64 Years,78,43,35,68,38,30,4,3,1,0,0,0,3,2,1,3,0,3
DELTA COUNTY,119,65 Years,87,47,40,76,41,35,3,2,1,1,1,0,5,2,3,2,1,1
DELTA COUNTY,119,66 Years,89,46,43,74,40,34,4,2,2,2,0,2,6,2,4,3,2,1
DELTA COUNTY,119,67 Years,72,38,34,61,33,28,3,2,1,1,0,1,4,1,3,3,2,1
DELTA COUNTY,119,68 Years,64,31,33,53,25,28,3,2,1,0,0,0,3,1,2,5,3,2
DELTA COUNTY,119,69 Years,70,33,37,62,29,33,2,1,1,0,0,0,3,1,2,3,2,1
DELTA COUNTY,119,70 Years,66,29,37,55,24,31,5,3,2,3,1,2,2,1,1,1,0,1
DELTA COUNTY,119,71 Years,61,28,33,54,24,30,3,2,1,1,0,1,2,1,1,1,1,0
DELTA COUNTY,119,72 Years,66,31,35,57,25,32,4,1,3,0,0,0,3,3,0,2,2,0
DELTA COUNTY,119,73 Years,64,28,36,56,24,32,4,1,3,0,0,0,2,1,1,2,2,0
DELTA COUNTY,119,74 Years,65,34,31,55,28,27,3,2,1,2,0,2,2,1,1,3,3,0
DELTA COUNTY,119,75 Years,64,34,30,56,29,27,3,2,1,1,0,1,2,1,1,2,2,0
DELTA COUNTY,119,76 Years,58,26,32,52,23,29,4,2,2,0,0,0,2,1,1,0,0,0
DELTA COUNTY,119,77 Years,52,24,28,46,21,25,3,1,2,1,1,0,2,1,1,0,0,0
DELTA COUNTY,119,78 Years,46,24,22,43,23,20,2,1,1,0,0,0,1,0,1,0,0,0
DELTA COUNTY,119,79 Years,46,24,22,39,20,19,3,1,2,0,0,0,3,2,1,1,1,0
DELTA COUNTY,119,80 Years,42,20,22,35,18,17,3,0,3,0,0,0,2,1,1,2,1,1
DELTA COUNTY,119,81 Years,32,16,16,28,15,13,1,0,1,0,0,0,1,0,1,2,1,1
DELTA COUNTY,119,82 Years,37,15,22,33,15,18,2,0,2,0,0,0,2,0,2,0,0,0
DELTA COUNTY,119,83 Years,31,14,17,29,13,16,1,1,0,0,0,0,1,0,1,0,0,0
DELTA COUNTY,119,84 Years,25,12,13,23,11,12,2,1,1,0,0,0,0,0,0,0,0,0
DELTA COUNTY,119,85 Years,26,11,15,21,10,11,5,1,4,0,0,0,0,0,0,0,0,0
DELTA COUNTY,119,86 Years,24,9,15,20,8,12,4,1,3,0,0,0,0,0,0,0,0,0
DELTA COUNTY,119,87 Years,20,9,11,17,8,9,3,1,2,0,0,0,0,0,0,0,0,0
DELTA COUNTY,119,88 Years,15,7,8,12,6,6,1,0,1,0,0,0,0,0,0,2,1,1
DELTA COUNTY,119,89 Years,12,4,8,10,4,6,0,0,0,0,0,0,1,0,1,1,0,1
DELTA COUNTY,119,90 Years,9,3,6,8,3,5,0,0,0,0,0,0,1,0,1,0,0,0
DELTA COUNTY,119,91 Years,7,1,6,6,1,5,0,0,0,0,0,0,1,0,1,0,0,0
DELTA COUNTY,119,92 Years,6,1,5,6,1,5,0,0,0,0,0,0,0,0,0,0,0,0
DELTA COUNTY,119,93 Years,5,1,4,5,1,4,0,0,0,0,0,0,0,0,0,0,0,0
DELTA COUNTY,119,94 Years,5,2,3,5,2,3,0,0,0,0,0,0,0,0,0,0,0,0
DELTA COUNTY,119,95 Years +,15,4,11,13,2,11,2,2,0,0,0,0,0,0,0,0,0,0
DENTON COUNTY,121,All Ages,997139,489733,507406,561676,276844,284832,108390,51062,57328,93710,45766,47944,32805,16030,16775,200558,100031,100527
DENTON COUNTY,121,< 1 Year,12474,6395,6079,4894,2512,2382,1587,810,777,1057,543,514,1350,698,652,3586,1832,1754
DENTON COUNTY,121,1 Years,11725,5976,5749,4794,2445,2349,1624,828,796,900,457,443,751,381,370,3656,1865,1791
DENTON COUNTY,121,2 Years,11532,5884,5648,4746,2421,2325,1593,813,780,875,447,428,731,373,358,3587,1830,1757
DENTON COUNTY,121,3 Years,10941,5631,5310,4889,2503,2386,1329,688,641,849,431,418,730,386,344,3144,1623,1521
DENTON COUNTY,121,4 Years,10963,5632,5331,4996,2568,2428,1282,658,624,892,453,439,749,391,358,3044,1562,1482
DENTON COUNTY,121,5 Years,11239,5793,5446,5148,2646,2502,1310,667,643,925,486,439,766,401,365,3090,1593,1497
DENTON COUNTY,121,6 Years,11730,6030,5700,5406,2782,2624,1354,680,674,1001,529,472,778,394,384,3191,1645,1546
DENTON COUNTY,121,7 Years,12262,6296,5966,5694,2927,2767,1375,689,686,1082,566,516,787,389,398,3324,1725,1599
DENTON COUNTY,121,8 Years,12931,6623,6308,6064,3129,2935,1394,701,693,1263,664,599,785,376,409,3425,1753,1672
DENTON COUNTY,121,9 Years,13077,6674,6403,6170,3170,3000,1397,711,686,1304,680,624,763,363,400,3443,1750,1693
DENTON COUNTY,121,10 Years,13037,6651,6386,6183,3181,3002,1409,711,698,1281,663,618,734,353,381,3430,1743,1687
DENTON COUNTY,121,11 Years,13063,6676,6387,6213,3227,2986,1407,694,713,1300,665,635,707,340,367,3436,1750,1686
DENTON COUNTY,121,12 Years,12707,6573,6134,6040,3156,2884,1377,697,680,1266,661,605,656,318,338,3368,1741,1627
DENTON COUNTY,121,13 Years,12878,6606,6272,6014,3079,2935,1438,743,695,1284,658,626,720,361,359,3422,1765,1657
DENTON COUNTY,121,14 Years,13298,6689,6609,6279,3152,3127,1524,759,765,1304,656,648,710,356,354,3481,1766,1715
DENTON COUNTY,121,15 Years,13564,6803,6761,6584,3355,3229,1529,733,796,1297,647,650,676,344,332,3478,1724,1754
DENTON COUNTY,121,16 Years,13719,6894,6825,6870,3524,3346,1541,743,798,1230,615,615,651,330,321,3427,1682,1745
DENTON COUNTY,121,17 Years,13871,7075,6796,7109,3646,3463,1536,779,757,1269,659,610,616,318,298,3341,1673,1668
DENTON COUNTY,121,18 Years,13445,6802,6643,6662,3383,3279,1545,768,777,1193,609,584,627,327,300,3418,1715,1703
DENTON COUNTY,121,19 Years,13302,6612,6690,6582,3314,3268,1486,712,774,1226,598,628,624,320,304,3384,1668,1716
DENTON COUNTY,121,20 Years,13392,6593,6799,6806,3407,3399,1489,694,795,1311,649,662,567,292,275,3219,1551,1668
DENTON COUNTY,121,21 Years,14320,7038,7282,7398,3684,3714,1636,793,843,1305,659,646,543,282,261,3438,1620,1818
DENTON COUNTY,121,22 Years,15134,7441,7693,7852,3876,3976,1740,811,929,1343,666,677,577,290,287,3622,1798,1824
DENTON COUNTY,121,23 Years,13708,6751,6957,7058,3516,3542,1765,805,960,1091,557,534,536,265,271,3258,1608,1650
DENTON COUNTY,121,24 Years,13249,6517,6732,6874,3424,3450,1699,777,922,1039,533,506,521,251,270,3116,1532,1584
DENTON COUNTY,121,25 Years,13511,6673,6838,6933,3468,3465,1714,787,927,1131,581,550,541,253,288,3192,1584,1608
DENTON COUNTY,121,26 Years,13598,6657,6941,6906,3439,3467,1696,795,901,1258,613,645,557,265,292,3181,1545,1636
DENTON COUNTY,121,27 Years,13353,6583,6770,6635,3345,3290,1749,844,905,1333,629,704,519,250,269,3117,1515,1602
DENTON COUNTY,121,28 Years,15366,7840,7526,8258,4266,3992,1774,881,893,1593,736,857,475,237,238,3266,1720,1546
DENTON COUNTY,121,29 Years,15491,7935,7556,8267,4267,4000,1775,897,878,1584,713,871,489,271,218,3376,1787,1589
DENTON COUNTY,121,30 Years,14535,7469,7066,7570,3947,3623,1837,928,909,1372,611,761,494,244,250,3262,1739,1523
DENTON COUNTY,121,31 Years,13717,6703,7014,6974,3501,3473,2102,989,1113,1183,557,626,470,210,260,2988,1446,1542
DENTON COUNTY,121,32 Years,13243,6332,6911,6341,3141,3200,2323,1049,1274,1271,619,652,474,204,270,2834,1319,1515
DENTON COUNTY,121,33 Years,14651,6876,7775,7425,3525,3900,2086,913,1173,1644,750,894,455,189,266,3041,1499,1542
DENTON COUNTY,121,34 Years,14383,6917,7466,7270,3587,3683,1954,897,1057,1631,710,921,426,189,237,3102,1534,1568
DENTON COUNTY,121,35 Years,13814,6974,6840,7142,3706,3436,1792,835,957,1493,714,779,382,168,214,3005,1551,1454
DENTON COUNTY,121,36 Years,14384,7334,7050,7695,3973,3722,1704,825,879,1663,845,818,375,169,206,2947,1522,1425
DENTON COUNTY,121,37 Years,15524,7676,7848,8651,4316,4335,1868,861,1007,1716,848,868,367,172,195,2922,1479,1443
DENTON COUNTY,121,38 Years,14824,7348,7476,7726,3894,3832,1928,884,1044,1883,934,949,368,174,194,2919,1462,1457
DENTON COUNTY,121,39 Years,15137,7444,7693,7793,3893,3900,1888,862,1026,2006,944,1062,362,172,190,3088,1573,1515
DENTON COUNTY,121,40 Years,15311,7388,7923,8009,3959,4050,1851,824,1027,1958,845,1113,325,162,163,3168,1598,1570
DENTON COUNTY,121,41 Years,15302,7364,7938,8135,3990,4145,1881,842,1039,1798,795,1003,321,163,158,3167,1574,1593
DENTON COUNTY,121,42 Years,15470,7535,7935,8309,4098,4211,1865,865,1000,1717,790,927,351,169,182,3228,1613,1615
DENTON COUNTY,121,43 Years,14758,7236,7522,7689,3835,3854,1775,821,954,1846,894,952,342,156,186,3106,1530,1576
DENTON COUNTY,121,44 Years,14337,6929,7408,7479,3646,3833,1711,776,935,1812,868,944,318,147,171,3017,1492,1525
DENTON COUNTY,121,45 Years,14518,7017,7501,7649,3676,3973,1730,810,920,1794,874,920,301,146,155,3044,1511,1533
DENTON COUNTY,121,46 Years,14609,7223,7386,7735,3820,3915,1678,778,900,1841,918,923,332,181,151,3023,1526,1497
DENTON COUNTY,121,47 Years,14711,7255,7456,7863,3886,3977,1578,733,845,1905,956,949,306,156,150,3059,1524,1535
DENTON COUNTY,121,48 Years,14191,6938,7253,7720,3803,3917,1529,719,810,1775,858,917,289,142,147,2878,1416,1462
DENTON COUNTY,121,49 Years,14193,7036,7157,7778,3882,3896,1576,730,846,1758,867,891,305,155,150,2776,1402,1374
DENTON COUNTY,121,50 Years,14626,7340,7286,8322,4235,4087,1600,740,860,1662,831,831,303,152,151,2739,1382,1357
DENTON COUNTY,121,51 Years,15246,7598,7648,9154,4606,4548,1593,719,874,1599,812,787,294,143,151,2606,1318,1288
DENTON COUNTY,121,52 Years,15138,7529,7609,9366,4655,4711,1522,710,812,1466,747,719,295,141,154,2489,1276,1213
DENTON COUNTY,121,53 Years,14066,7045,7021,8830,4428,4402,1325,633,692,1329,680,649,256,122,134,2326,1182,1144
DENTON COUNTY,121,54 Years,13027,6553,6474,8195,4139,4056,1226,572,654,1195,624,571,230,105,125,2181,1113,1068
DENTON COUNTY,121,55 Years,12517,6304,6213,7940,4049,3891,1212,564,648,1102,577,525,213,95,118,2050,1019,1031
DENTON COUNTY,121,56 Years,12260,6125,6135,7820,3938,3882,1227,588,639,1030,528,502,224,97,127,1959,974,985
DENTON COUNTY,121,57 Years,12536,6217,6319,8131,4052,4079,1242,607,635,1003,503,500,238,97,141,1922,958,964
DENTON COUNTY,121,58 Years,12706,6284,6422,8501,4238,4263,1205,560,645,970,490,480,218,100,118,1812,896,916
DENTON COUNTY,121,59 Years,12578,6174,6404,8555,4248,4307,1173,536,637,961,463,498,219,107,112,1670,820,850
DENTON COUNTY,121,60 Years,12232,5950,6282,8403,4139,4264,1114,508,606,896,415,481,221,104,117,1598,784,814
DENTON COUNTY,121,61 Years,11859,5780,6079,8322,4096,4226,1037,478,559,832,402,430,208,93,115,1460,711,749
DENTON COUNTY,121,62 Years,11368,5525,5843,8072,3947,4125,994,460,534,787,374,413,179,87,92,1336,657,679
DENTON COUNTY,121,63 Years,10654,5105,5549,7577,3673,3904,949,419,530,726,338,388,176,83,93,1226,592,634
DENTON COUNTY,121,64 Years,10174,4872,5302,7277,3527,3750,870,379,491,700,327,373,182,92,90,1145,547,598
DENTON COUNTY,121,65 Years,9694,4582,5112,6984,3328,3656,807,357,450,668,308,360,172,87,85,1063,502,561
DENTON COUNTY,121,66 Years,9066,4239,4827,6520,3080,3440,745,331,414,673,307,366,154,72,82,974,449,525
DENTON COUNTY,121,67 Years,8631,4051,4580,6274,2980,3294,670,292,378,657,292,365,132,62,70,898,425,473
DENTON COUNTY,121,68 Years,7997,3657,4340,5936,2733,3203,581,246,335,569,253,316,127,62,65,784,363,421
DENTON COUNTY,121,69 Years,7390,3358,4032,5533,2538,2995,515,211,304,519,240,279,119,51,68,704,318,386
DENTON COUNTY,121,70 Years,6878,3157,3721,5177,2423,2754,462,186,276,477,217,260,103,42,61,659,289,370
DENTON COUNTY,121,71 Years,6470,2944,3526,4867,2240,2627,448,185,263,437,199,238,92,36,56,626,284,342
DENTON COUNTY,121,72 Years,6325,2827,3498,4797,2167,2630,440,174,266,416,195,221,89,35,54,583,256,327
DENTON COUNTY,121,73 Years,6241,2777,3464,4850,2199,2651,385,144,241,379,176,203,96,37,59,531,221,310
DENTON COUNTY,121,74 Years,6136,2752,3384,4849,2207,2642,360,143,217,342,156,186,96,39,57,489,207,282
DENTON COUNTY,121,75 Years,5902,2635,3267,4789,2151,2638,295,124,171,284,128,156,82,38,44,452,194,258
DENTON COUNTY,121,76 Years,4865,2149,2716,3913,1737,2176,236,97,139,256,118,138,60,30,30,400,167,233
DENTON COUNTY,121,77 Years,4193,1823,2370,3381,1474,1907,172,66,106,237,111,126,55,29,26,348,143,205
DENTON COUNTY,121,78 Years,4127,1778,2349,3401,1477,1924,157,59,98,216,92,124,48,25,23,305,125,180
DENTON COUNTY,121,79 Years,3916,1686,2230,3267,1414,1853,138,52,86,191,84,107,48,22,26,272,114,158
DENTON COUNTY,121,80 Years,3396,1492,1904,2806,1234,1572,135,51,84,173,78,95,44,21,23,238,108,130
DENTON COUNTY,121,81 Years,2927,1287,1640,2410,1051,1359,112,43,69,148,69,79,35,15,20,222,109,113
DENTON COUNTY,121,82 Years,2570,1095,1475,2088,887,1201,105,35,70,137,68,69,32,13,19,208,92,116
DENTON COUNTY,121,83 Years,2238,952,1286,1828,784,1044,91,33,58,125,64,61,26,10,16,168,61,107
DENTON COUNTY,121,84 Years,1975,822,1153,1628,680,948,79,31,48,99,47,52,22,7,15,147,57,90
DENTON COUNTY,121,85 Years,1752,708,1044,1433,579,854,72,25,47,93,41,52,20,6,14,134,57,77
DENTON COUNTY,121,86 Years,1525,627,898,1220,503,717,61,21,40,96,44,52,18,5,13,130,54,76
DENTON COUNTY,121,87 Years,1326,510,816,1061,414,647,54,15,39,87,40,47,14,5,9,110,36,74
DENTON COUNTY,121,88 Years,1218,441,777,968,361,607,59,13,46,79,29,50,11,4,7,101,34,67
DENTON COUNTY,121,89 Years,1019,381,638,806,310,496,46,11,35,63,22,41,9,3,6,95,35,60
DENTON COUNTY,121,90 Years,846,325,521,678,265,413,36,10,26,44,18,26,7,2,5,81,30,51
DENTON COUNTY,121,91 Years,702,244,458,561,201,360,27,5,22,37,13,24,9,2,7,68,23,45
DENTON COUNTY,121,92 Years,580,189,391,470,156,314,18,4,14,32,9,23,8,2,6,52,18,34
DENTON COUNTY,121,93 Years,452,145,307,373,121,252,13,3,10,21,5,16,6,2,4,39,14,25
DENTON COUNTY,121,94 Years,356,108,248,294,90,204,12,3,9,13,2,11,5,2,3,32,11,21
DENTON COUNTY,121,95 Years +,947,254,693,772,200,572,40,10,30,32,10,22,11,3,8,92,31,61
DE WITT COUNTY,123,All Ages,19648,10351,9297,10312,5172,5140,1623,1004,619,50,25,25,399,216,183,7264,3934,3330
DE WITT COUNTY,123,< 1 Year,216,110,106,90,46,44,13,8,5,2,1,1,10,5,5,101,50,51
DE WITT COUNTY,123,1 Years,216,112,104,88,45,43,14,8,6,1,1,0,8,4,4,105,54,51
DE WITT COUNTY,123,2 Years,219,112,107,90,46,44,14,7,7,1,1,0,8,4,4,106,54,52
DE WITT COUNTY,123,3 Years,230,121,109,86,45,41,13,8,5,1,0,1,10,5,5,120,63,57
DE WITT COUNTY,123,4 Years,233,121,112,85,43,42,14,8,6,0,0,0,11,6,5,123,64,59
DE WITT COUNTY,123,5 Years,243,125,118,87,43,44,17,9,8,1,0,1,14,9,5,124,64,60
DE WITT COUNTY,123,6 Years,256,132,124,99,48,51,19,11,8,1,0,1,13,9,4,124,64,60
DE WITT COUNTY,123,7 Years,273,139,134,114,54,60,19,11,8,1,0,1,11,7,4,128,67,61
DE WITT COUNTY,123,8 Years,276,141,135,122,58,64,17,10,7,1,0,1,15,6,9,121,67,54
DE WITT COUNTY,123,9 Years,271,141,130,116,55,61,18,10,8,0,0,0,11,6,5,126,70,56
DE WITT COUNTY,123,10 Years,257,134,123,104,51,53,18,8,10,0,0,0,10,6,4,125,69,56
DE WITT COUNTY,123,11 Years,241,127,114,96,47,49,17,8,9,0,0,0,8,6,2,120,66,54
DE WITT COUNTY,123,12 Years,237,117,120,91,43,48,16,9,7,1,0,1,8,5,3,121,60,61
DE WITT COUNTY,123,13 Years,244,126,118,94,49,45,13,8,5,1,0,1,11,6,5,125,63,62
DE WITT COUNTY,123,14 Years,252,134,118,103,56,47,15,6,9,0,0,0,11,5,6,123,67,56
DE WITT COUNTY,123,15 Years,264,138,126,111,60,51,16,9,7,0,0,0,9,5,4,128,64,64
DE WITT COUNTY,123,16 Years,251,125,126,105,56,49,16,9,7,1,0,1,8,4,4,121,56,65
DE WITT COUNTY,123,17 Years,233,113,120,99,49,50,18,10,8,0,0,0,7,3,4,109,51,58
DE WITT COUNTY,123,18 Years,245,128,117,103,51,52,20,12,8,0,0,0,5,2,3,117,63,54
DE WITT COUNTY,123,19 Years,245,129,116,104,52,52,20,11,9,0,0,0,7,4,3,114,62,52
DE WITT COUNTY,123,20 Years,204,107,97,86,46,40,18,8,10,0,0,0,5,3,2,95,50,45
DE WITT COUNTY,123,21 Years,208,118,90,90,48,42,18,10,8,0,0,0,7,6,1,93,54,39
DE WITT COUNTY,123,22 Years,204,116,88,86,49,37,20,12,8,2,2,0,5,2,3,91,51,40
DE WITT COUNTY,123,23 Years,180,96,84,74,42,32,19,10,9,1,1,0,6,3,3,80,40,40
DE WITT COUNTY,123,24 Years,178,95,83,81,45,36,19,10,9,2,1,1,3,2,1,73,37,36
DE WITT COUNTY,123,25 Years,208,115,93,98,57,41,22,13,9,2,1,1,3,1,2,83,43,40
DE WITT COUNTY,123,26 Years,212,112,100,106,56,50,18,9,9,2,1,1,3,1,2,83,45,38
DE WITT COUNTY,123,27 Years,230,129,101,116,64,52,20,11,9,1,1,0,7,6,1,86,47,39
DE WITT COUNTY,123,28 Years,209,117,92,100,53,47,20,14,6,2,1,1,8,6,2,79,43,36
DE WITT COUNTY,123,29 Years,202,109,93,102,55,47,14,9,5,2,0,2,6,3,3,78,42,36
DE WITT COUNTY,123,30 Years,238,134,104,115,59,56,19,12,7,0,0,0,4,0,4,100,63,37
DE WITT COUNTY,123,31 Years,230,139,91,113,66,47,23,16,7,0,0,0,2,1,1,92,56,36
DE WITT COUNTY,123,32 Years,224,137,87,110,61,49,25,18,7,1,1,0,0,0,0,88,57,31
DE WITT COUNTY,123,33 Years,250,153,97,139,73,66,27,22,5,1,1,0,2,1,1,81,56,25
DE WITT COUNTY,123,34 Years,252,155,97,118,67,51,25,22,3,1,1,0,5,2,3,103,63,40
DE WITT COUNTY,123,35 Years,237,139,98,102,58,44,25,21,4,0,0,0,3,0,3,107,60,47
DE WITT COUNTY,123,36 Years,231,131,100,100,50,50,28,24,4,0,0,0,2,0,2,101,57,44
DE WITT COUNTY,123,37 Years,244,142,102,115,65,50,19,14,5,0,0,0,4,3,1,106,60,46
DE WITT COUNTY,123,38 Years,241,135,106,98,53,45,21,15,6,0,0,0,7,5,2,115,62,53
DE WITT COUNTY,123,39 Years,248,150,98,99,56,43,24,20,4,0,0,0,2,1,1,123,73,50
DE WITT COUNTY,123,40 Years,271,167,104,110,63,47,31,26,5,0,0,0,3,1,2,127,77,50
DE WITT COUNTY,123,41 Years,272,165,107,115,62,53,33,26,7,0,0,0,2,1,1,122,76,46
DE WITT COUNTY,123,42 Years,242,139,103,105,52,53,27,19,8,0,0,0,2,1,1,108,67,41
DE WITT COUNTY,123,43 Years,237,139,98,110,60,50,28,20,8,0,0,0,1,0,1,98,59,39
DE WITT COUNTY,123,44 Years,245,150,95,110,63,47,25,17,8,2,1,1,2,1,1,106,68,38
DE WITT COUNTY,123,45 Years,251,151,100,116,65,51,30,21,9,1,1,0,3,2,1,101,62,39
DE WITT COUNTY,123,46 Years,246,142,104,117,62,55,26,20,6,1,1,0,2,1,1,100,58,42
DE WITT COUNTY,123,47 Years,222,126,96,111,60,51,21,16,5,0,0,0,2,1,1,88,49,39
DE WITT COUNTY,123,48 Years,216,131,85,103,56,47,25,22,3,1,1,0,2,1,1,85,51,34
DE WITT COUNTY,123,49 Years,215,136,79,109,63,46,26,21,5,0,0,0,3,2,1,77,50,27
DE WITT COUNTY,123,50 Years,218,132,86,107,59,48,28,22,6,2,2,0,4,4,0,77,45,32
DE WITT COUNTY,123,51 Years,239,141,98,119,65,54,27,21,6,1,1,0,1,1,0,91,53,38
DE WITT COUNTY,123,52 Years,235,133,102,132,69,63,19,14,5,0,0,0,1,1,0,83,49,34
DE WITT COUNTY,123,53 Years,245,131,114,132,59,73,23,14,9,0,0,0,4,1,3,86,57,29
DE WITT COUNTY,123,54 Years,231,127,104,121,59,62,24,14,10,0,0,0,2,0,2,84,54,30
DE WITT COUNTY,123,55 Years,216,112,104,124,64,60,19,9,10,1,0,1,2,1,1,70,38,32
DE WITT COUNTY,123,56 Years,228,114,114,127,59,68,18,10,8,3,2,1,3,1,2,77,42,35
DE WITT COUNTY,123,57 Years,245,131,114,143,74,69,21,13,8,1,0,1,3,1,2,77,43,34
DE WITT COUNTY,123,58 Years,279,154,125,174,94,80,22,14,8,1,0,1,4,2,2,78,44,34
DE WITT COUNTY,123,59 Years,279,148,131,174,91,83,24,13,11,0,0,0,4,2,2,77,42,35
DE WITT COUNTY,123,60 Years,264,134,130,159,80,79,25,13,12,0,0,0,4,2,2,76,39,37
DE WITT COUNTY,123,61 Years,269,148,121,168,90,78,22,15,7,0,0,0,3,1,2,76,42,34
DE WITT COUNTY,123,62 Years,277,145,132,172,90,82,20,12,8,1,0,1,4,3,1,80,40,40
DE WITT COUNTY,123,63 Years,282,143,139,173,92,81,20,12,8,1,0,1,3,2,1,85,37,48
DE WITT COUNTY,123,64 Years,270,136,134,176,87,89,20,12,8,0,0,0,2,1,1,72,36,36
DE WITT COUNTY,123,65 Years,254,115,139,171,72,99,16,8,8,1,0,1,3,2,1,63,33,30
DE WITT COUNTY,123,66 Years,234,105,129,149,66,83,19,8,11,1,0,1,2,1,1,63,30,33
DE WITT COUNTY,123,67 Years,236,118,118,160,84,76,19,8,11,1,0,1,2,2,0,54,24,30
DE WITT COUNTY,123,68 Years,227,114,113,157,78,79,16,8,8,1,1,0,2,2,0,51,25,26
DE WITT COUNTY,123,69 Years,224,111,113,160,76,84,17,9,8,0,0,0,3,2,1,44,24,20
DE WITT COUNTY,123,70 Years,214,100,114,155,68,87,14,7,7,1,1,0,2,1,1,42,23,19
DE WITT COUNTY,123,71 Years,206,95,111,145,63,82,18,10,8,0,0,0,3,2,1,40,20,20
DE WITT COUNTY,123,72 Years,203,97,106,147,68,79,16,9,7,0,0,0,3,2,1,37,18,19
DE WITT COUNTY,123,73 Years,196,93,103,148,72,76,11,5,6,0,0,0,2,1,1,35,15,20
DE WITT COUNTY,123,74 Years,186,93,93,140,70,70,10,6,4,0,0,0,3,2,1,33,15,18
DE WITT COUNTY,123,75 Years,174,88,86,132,69,63,8,4,4,0,0,0,3,2,1,31,13,18
DE WITT COUNTY,123,76 Years,163,79,84,122,62,60,8,4,4,0,0,0,4,2,2,29,11,18
DE WITT COUNTY,123,77 Years,164,76,88,117,56,61,12,5,7,0,0,0,4,2,2,31,13,18
DE WITT COUNTY,123,78 Years,158,67,91,111,50,61,11,4,7,0,0,0,1,0,1,35,13,22
DE WITT COUNTY,123,79 Years,147,64,83,111,47,64,6,4,2,0,0,0,2,1,1,28,12,16
DE WITT COUNTY,123,80 Years,128,52,76,97,38,59,9,4,5,0,0,0,2,1,1,20,9,11
DE WITT COUNTY,123,81 Years,117,50,67,89,40,49,10,3,7,0,0,0,0,0,0,18,7,11
DE WITT COUNTY,123,82 Years,104,45,59,78,36,42,9,3,6,0,0,0,1,0,1,16,6,10
DE WITT COUNTY,123,83 Years,104,39,65,76,33,43,7,1,6,0,0,0,3,0,3,18,5,13
DE WITT COUNTY,123,84 Years,97,37,60,71,28,43,8,3,5,0,0,0,0,0,0,18,6,12
DE WITT COUNTY,123,85 Years,92,34,58,70,26,44,5,3,2,0,0,0,0,0,0,17,5,12
DE WITT COUNTY,123,86 Years,83,29,54,63,23,40,4,1,3,0,0,0,2,1,1,14,4,10
DE WITT COUNTY,123,87 Years,70,23,47,52,18,34,3,1,2,0,0,0,1,0,1,14,4,10
DE WITT COUNTY,123,88 Years,53,17,36,41,14,27,1,0,1,0,0,0,0,0,0,11,3,8
DE WITT COUNTY,123,89 Years,53,17,36,37,12,25,1,0,1,0,0,0,1,1,0,14,4,10
DE WITT COUNTY,123,90 Years,46,15,31,33,11,22,1,0,1,0,0,0,1,1,0,11,3,8
DE WITT COUNTY,123,91 Years,41,11,30,31,9,22,2,0,2,0,0,0,1,0,1,7,2,5
DE WITT COUNTY,123,92 Years,35,10,25,26,6,20,1,0,1,0,0,0,1,1,0,7,3,4
DE WITT COUNTY,123,93 Years,28,8,20,21,6,15,1,0,1,0,0,0,1,0,1,5,2,3
DE WITT COUNTY,123,94 Years,21,5,16,15,4,11,1,0,1,0,0,0,1,0,1,4,1,3
DE WITT COUNTY,123,95 Years +,64,15,49,45,9,36,4,0,4,0,0,0,0,0,0,15,6,9
DICKENS COUNTY,125,All Ages,1716,1003,713,1038,534,504,82,74,8,5,2,3,20,14,6,571,379,192
DICKENS COUNTY,125,< 1 Year,13,7,6,8,4,4,0,0,0,0,0,0,0,0,0,5,3,2
DICKENS COUNTY,125,1 Years,12,6,6,6,3,3,0,0,0,0,0,0,0,0,0,6,3,3
DICKENS COUNTY,125,2 Years,13,7,6,7,4,3,0,0,0,0,0,0,0,0,0,6,3,3
DICKENS COUNTY,125,3 Years,13,7,6,9,4,5,0,0,0,0,0,0,0,0,0,4,3,1
DICKENS COUNTY,125,4 Years,13,7,6,9,4,5,0,0,0,0,0,0,0,0,0,4,3,1
DICKENS COUNTY,125,5 Years,17,8,9,9,4,5,0,0,0,0,0,0,1,1,0,7,3,4
DICKENS COUNTY,125,6 Years,16,5,11,8,3,5,0,0,0,0,0,0,1,1,0,7,1,6
DICKENS COUNTY,125,7 Years,16,5,11,8,3,5,0,0,0,0,0,0,0,0,0,8,2,6
DICKENS COUNTY,125,8 Years,14,5,9,7,3,4,1,0,1,0,0,0,0,0,0,6,2,4
DICKENS COUNTY,125,9 Years,13,4,9,6,2,4,1,0,1,0,0,0,0,0,0,6,2,4
DICKENS COUNTY,125,10 Years,14,4,10,7,2,5,1,0,1,0,0,0,0,0,0,6,2,4
DICKENS COUNTY,125,11 Years,11,3,8,7,1,6,0,0,0,0,0,0,0,0,0,4,2,2
DICKENS COUNTY,125,12 Years,12,4,8,7,1,6,0,0,0,0,0,0,0,0,0,5,3,2
DICKENS COUNTY,125,13 Years,12,8,4,6,3,3,0,0,0,0,0,0,0,0,0,6,5,1
DICKENS COUNTY,125,14 Years,13,7,6,6,3,3,0,0,0,0,0,0,0,0,0,7,4,3
DICKENS COUNTY,125,15 Years,15,9,6,8,5,3,0,0,0,0,0,0,1,0,1,6,4,2
DICKENS COUNTY,125,16 Years,15,9,6,9,5,4,0,0,0,0,0,0,0,0,0,6,4,2
DICKENS COUNTY,125,17 Years,18,10,8,9,5,4,0,0,0,0,0,0,1,0,1,8,5,3
DICKENS COUNTY,125,18 Years,20,11,9,11,6,5,0,0,0,0,0,0,0,0,0,9,5,4
DICKENS COUNTY,125,19 Years,20,11,9,11,6,5,1,1,0,0,0,0,0,0,0,8,4,4
DICKENS COUNTY,125,20 Years,19,10,9,11,6,5,1,1,0,0,0,0,0,0,0,7,3,4
DICKENS COUNTY,125,21 Years,25,18,7,13,9,4,1,1,0,0,0,0,0,0,0,11,8,3
DICKENS COUNTY,125,22 Years,32,25,7,12,8,4,8,8,0,0,0,0,0,0,0,12,9,3
DICKENS COUNTY,125,23 Years,24,19,5,8,5,3,5,5,0,0,0,0,1,1,0,10,8,2
DICKENS COUNTY,125,24 Years,22,18,4,7,5,2,5,5,0,0,0,0,0,0,0,10,8,2
DICKENS COUNTY,125,25 Years,20,17,3,8,7,1,2,2,0,0,0,0,1,1,0,9,7,2
DICKENS COUNTY,125,26 Years,20,15,5,8,6,2,1,1,0,0,0,0,1,1,0,10,7,3
DICKENS COUNTY,125,27 Years,19,13,6,8,5,3,2,2,0,0,0,0,0,0,0,9,6,3
DICKENS COUNTY,125,28 Years,28,23,5,12,8,4,1,1,0,0,0,0,2,2,0,13,12,1
DICKENS COUNTY,125,29 Years,32,27,5,13,9,4,2,2,0,0,0,0,1,1,0,16,15,1
DICKENS COUNTY,125,30 Years,29,23,6,14,9,5,3,3,0,0,0,0,0,0,0,12,11,1
DICKENS COUNTY,125,31 Years,28,22,6,14,9,5,3,3,0,0,0,0,0,0,0,11,10,1
DICKENS COUNTY,125,32 Years,31,24,7,13,7,6,3,3,0,0,0,0,0,0,0,15,14,1
DICKENS COUNTY,125,33 Years,28,24,4,11,8,3,4,4,0,0,0,0,0,0,0,13,12,1
DICKENS COUNTY,125,34 Years,28,23,5,14,10,4,4,4,0,0,0,0,0,0,0,10,9,1
DICKENS COUNTY,125,35 Years,23,17,6,10,6,4,2,2,0,0,0,0,0,0,0,11,9,2
DICKENS COUNTY,125,36 Years,23,18,5,9,7,2,2,2,0,0,0,0,0,0,0,12,9,3
DICKENS COUNTY,125,37 Years,20,16,4,7,6,1,1,1,0,1,1,0,0,0,0,11,8,3
DICKENS COUNTY,125,38 Years,18,13,5,5,4,1,2,2,0,0,0,0,0,0,0,11,7,4
DICKENS COUNTY,125,39 Years,17,11,6,6,4,2,1,1,0,0,0,0,0,0,0,10,6,4
DICKENS COUNTY,125,40 Years,19,12,7,7,5,2,1,1,0,0,0,0,0,0,0,11,6,5
DICKENS COUNTY,125,41 Years,20,15,5,6,4,2,2,2,0,0,0,0,0,0,0,12,9,3
DICKENS COUNTY,125,42 Years,22,17,5,9,5,4,0,0,0,0,0,0,0,0,0,13,12,1
DICKENS COUNTY,125,43 Years,26,18,8,14,10,4,1,0,1,0,0,0,0,0,0,11,8,3
DICKENS COUNTY,125,44 Years,22,14,8,13,8,5,1,0,1,0,0,0,0,0,0,8,6,2
DICKENS COUNTY,125,45 Years,24,18,6,12,8,4,1,1,0,0,0,0,0,0,0,11,9,2
DICKENS COUNTY,125,46 Years,22,15,7,10,6,4,2,2,0,0,0,0,0,0,0,10,7,3
DICKENS COUNTY,125,47 Years,23,12,11,15,6,9,2,2,0,0,0,0,0,0,0,6,4,2
DICKENS COUNTY,125,48 Years,23,11,12,18,7,11,2,2,0,0,0,0,0,0,0,3,2,1
DICKENS COUNTY,125,49 Years,24,13,11,19,9,10,1,1,0,0,0,0,0,0,0,4,3,1
DICKENS COUNTY,125,50 Years,21,9,12,14,6,8,0,0,0,0,0,0,0,0,0,7,3,4
DICKENS COUNTY,125,51 Years,21,10,11,12,6,6,0,0,0,0,0,0,2,1,1,7,3,4
DICKENS COUNTY,125,52 Years,21,13,8,13,9,4,0,0,0,0,0,0,1,0,1,7,4,3
DICKENS COUNTY,125,53 Years,18,13,5,12,8,4,2,2,0,0,0,0,0,0,0,4,3,1
DICKENS COUNTY,125,54 Years,13,9,4,8,5,3,0,0,0,0,0,0,0,0,0,5,4,1
DICKENS COUNTY,125,55 Years,15,8,7,10,5,5,0,0,0,0,0,0,0,0,0,5,3,2
DICKENS COUNTY,125,56 Years,17,9,8,12,6,6,0,0,0,0,0,0,0,0,0,5,3,2
DICKENS COUNTY,125,57 Years,17,9,8,13,6,7,0,0,0,0,0,0,0,0,0,4,3,1
DICKENS COUNTY,125,58 Years,18,8,10,13,5,8,2,2,0,0,0,0,0,0,0,3,1,2
DICKENS COUNTY,125,59 Years,20,10,10,14,7,7,1,1,0,1,0,1,1,1,0,3,1,2
DICKENS COUNTY,125,60 Years,21,10,11,15,7,8,0,0,0,1,0,1,1,1,0,4,2,2
DICKENS COUNTY,125,61 Years,21,11,10,15,7,8,0,0,0,0,0,0,0,0,0,6,4,2
DICKENS COUNTY,125,62 Years,22,10,12,17,7,10,0,0,0,0,0,0,0,0,0,5,3,2
DICKENS COUNTY,125,63 Years,23,12,11,17,9,8,1,0,1,1,1,0,0,0,0,4,2,2
DICKENS COUNTY,125,64 Years,21,9,12,15,7,8,1,0,1,0,0,0,0,0,0,5,2,3
DICKENS COUNTY,125,65 Years,20,8,12,15,7,8,1,0,1,0,0,0,0,0,0,4,1,3
DICKENS COUNTY,125,66 Years,24,11,13,18,8,10,0,0,0,0,0,0,1,0,1,5,3,2
DICKENS COUNTY,125,67 Years,26,15,11,20,11,9,2,2,0,0,0,0,0,0,0,4,2,2
DICKENS COUNTY,125,68 Years,23,14,9,19,11,8,1,1,0,0,0,0,0,0,0,3,2,1
DICKENS COUNTY,125,69 Years,24,12,12,20,9,11,0,0,0,0,0,0,0,0,0,4,3,1
DICKENS COUNTY,125,70 Years,25,13,12,19,9,10,0,0,0,1,0,1,0,0,0,5,4,1
DICKENS COUNTY,125,71 Years,21,11,10,16,8,8,1,1,0,0,0,0,0,0,0,4,2,2
DICKENS COUNTY,125,72 Years,20,8,12,15,7,8,0,0,0,0,0,0,0,0,0,5,1,4
DICKENS COUNTY,125,73 Years,20,7,13,16,6,10,0,0,0,0,0,0,1,0,1,3,1,2
DICKENS COUNTY,125,74 Years,19,8,11,15,5,10,0,0,0,0,0,0,1,1,0,3,2,1
DICKENS COUNTY,125,75 Years,19,7,12,15,5,10,0,0,0,0,0,0,1,1,0,3,1,2
DICKENS COUNTY,125,76 Years,18,7,11,14,5,9,0,0,0,0,0,0,1,1,0,3,1,2
DICKENS COUNTY,125,77 Years,16,7,9,14,6,8,0,0,0,0,0,0,0,0,0,2,1,1
DICKENS COUNTY,125,78 Years,17,7,10,15,6,9,0,0,0,0,0,0,0,0,0,2,1,1
DICKENS COUNTY,125,79 Years,18,8,10,16,6,10,0,0,0,0,0,0,0,0,0,2,2,0
DICKENS COUNTY,125,80 Years,18,8,10,17,7,10,0,0,0,0,0,0,0,0,0,1,1,0
DICKENS COUNTY,125,81 Years,17,9,8,16,8,8,0,0,0,0,0,0,0,0,0,1,1,0
DICKENS COUNTY,125,82 Years,15,7,8,13,6,7,0,0,0,0,0,0,0,0,0,2,1,1
DICKENS COUNTY,125,83 Years,12,6,6,11,5,6,0,0,0,0,0,0,0,0,0,1,1,0
DICKENS COUNTY,125,84 Years,10,4,6,10,4,6,0,0,0,0,0,0,0,0,0,0,0,0
DICKENS COUNTY,125,85 Years,9,4,5,9,4,5,0,0,0,0,0,0,0,0,0,0,0,0
DICKENS COUNTY,125,86 Years,8,4,4,7,4,3,0,0,0,0,0,0,0,0,0,1,0,1
DICKENS COUNTY,125,87 Years,6,2,4,5,2,3,0,0,0,0,0,0,0,0,0,1,0,1
DICKENS COUNTY,125,88 Years,3,1,2,3,1,2,0,0,0,0,0,0,0,0,0,0,0,0
DICKENS COUNTY,125,89 Years,2,1,1,2,1,1,0,0,0,0,0,0,0,0,0,0,0,0
DICKENS COUNTY,125,90 Years,3,2,1,3,2,1,0,0,0,0,0,0,0,0,0,0,0,0
DICKENS COUNTY,125,91 Years,2,1,1,2,1,1,0,0,0,0,0,0,0,0,0,0,0,0
DICKENS COUNTY,125,92 Years,3,1,2,3,1,2,0,0,0,0,0,0,0,0,0,0,0,0
DICKENS COUNTY,125,93 Years,2,1,1,2,1,1,0,0,0,0,0,0,0,0,0,0,0,0
DICKENS COUNTY,125,94 Years,2,0,2,2,0,2,0,0,0,0,0,0,0,0,0,0,0,0
DICKENS COUNTY,125,95 Years +,4,1,3,2,1,1,0,0,0,0,0,0,0,0,0,2,0,2
DIMMIT COUNTY,127,All Ages,8216,4023,4193,976,513,463,52,37,15,37,17,20,39,27,12,7112,3429,3683
DIMMIT COUNTY,127,< 1 Year,126,64,62,11,6,5,1,0,1,1,0,1,2,1,1,111,57,54
DIMMIT COUNTY,127,1 Years,125,65,60,11,6,5,2,1,1,1,1,0,1,1,0,110,56,54
DIMMIT COUNTY,127,2 Years,125,66,59,11,6,5,1,1,0,1,1,0,1,1,0,111,57,54
DIMMIT COUNTY,127,3 Years,108,54,54,9,5,4,1,1,0,0,0,0,0,0,0,98,48,50
DIMMIT COUNTY,127,4 Years,103,53,50,9,5,4,1,1,0,1,1,0,0,0,0,92,46,46
DIMMIT COUNTY,127,5 Years,109,56,53,9,5,4,1,1,0,0,0,0,0,0,0,99,50,49
DIMMIT COUNTY,127,6 Years,123,64,59,12,6,6,1,1,0,0,0,0,0,0,0,110,57,53
DIMMIT COUNTY,127,7 Years,140,73,67,12,6,6,1,1,0,0,0,0,0,0,0,127,66,61
DIMMIT COUNTY,127,8 Years,142,74,68,12,6,6,1,1,0,0,0,0,0,0,0,129,67,62
DIMMIT COUNTY,127,9 Years,146,77,69,10,4,6,0,0,0,0,0,0,0,0,0,136,73,63
DIMMIT COUNTY,127,10 Years,147,77,70,12,5,7,0,0,0,0,0,0,0,0,0,135,72,63
DIMMIT COUNTY,127,11 Years,138,73,65,10,4,6,3,3,0,0,0,0,0,0,0,125,66,59
DIMMIT COUNTY,127,12 Years,128,64,64,8,4,4,2,1,1,0,0,0,0,0,0,118,59,59
DIMMIT COUNTY,127,13 Years,130,64,66,14,6,8,0,0,0,0,0,0,3,0,3,113,58,55
DIMMIT COUNTY,127,14 Years,119,61,58,12,7,5,0,0,0,0,0,0,1,0,1,106,54,52
DIMMIT COUNTY,127,15 Years,124,61,63,12,6,6,0,0,0,0,0,0,0,0,0,112,55,57
DIMMIT COUNTY,127,16 Years,136,65,71,14,6,8,1,0,1,0,0,0,0,0,0,121,59,62
DIMMIT COUNTY,127,17 Years,136,65,71,14,5,9,1,1,0,0,0,0,0,0,0,121,59,62
DIMMIT COUNTY,127,18 Years,156,73,83,14,6,8,1,1,0,0,0,0,0,0,0,141,66,75
DIMMIT COUNTY,127,19 Years,132,61,71,13,7,6,1,0,1,0,0,0,1,1,0,117,53,64
DIMMIT COUNTY,127,20 Years,125,66,59,13,8,5,1,0,1,0,0,0,1,1,0,110,57,53
DIMMIT COUNTY,127,21 Years,122,65,57,10,7,3,0,0,0,0,0,0,1,1,0,111,57,54
DIMMIT COUNTY,127,22 Years,109,55,54,8,3,5,0,0,0,0,0,0,0,0,0,101,52,49
DIMMIT COUNTY,127,23 Years,96,48,48,9,5,4,0,0,0,2,2,0,0,0,0,85,41,44
DIMMIT COUNTY,127,24 Years,92,41,51,7,3,4,1,0,1,1,1,0,0,0,0,83,37,46
DIMMIT COUNTY,127,25 Years,103,47,56,6,1,5,2,2,0,0,0,0,0,0,0,95,44,51
DIMMIT COUNTY,127,26 Years,100,48,52,6,2,4,0,0,0,0,0,0,0,0,0,94,46,48
DIMMIT COUNTY,127,27 Years,107,55,52,6,3,3,0,0,0,2,0,2,0,0,0,99,52,47
DIMMIT COUNTY,127,28 Years,91,42,49,7,4,3,0,0,0,2,0,2,0,0,0,82,38,44
DIMMIT COUNTY,127,29 Years,90,41,49,8,4,4,0,0,0,2,0,2,0,0,0,80,37,43
DIMMIT COUNTY,127,30 Years,85,36,49,9,6,3,0,0,0,1,0,1,0,0,0,75,30,45
DIMMIT COUNTY,127,31 Years,74,33,41,11,6,5,0,0,0,0,0,0,0,0,0,63,27,36
DIMMIT COUNTY,127,32 Years,76,36,40,10,5,5,0,0,0,0,0,0,0,0,0,66,31,35
DIMMIT COUNTY,127,33 Years,96,50,46,8,3,5,2,1,1,0,0,0,2,2,0,84,44,40
DIMMIT COUNTY,127,34 Years,115,65,50,12,8,4,1,1,0,1,1,0,1,1,0,100,54,46
DIMMIT COUNTY,127,35 Years,103,55,48,14,9,5,1,0,1,1,1,0,1,1,0,86,44,42
DIMMIT COUNTY,127,36 Years,97,47,50,12,7,5,2,1,1,1,1,0,0,0,0,82,38,44
DIMMIT COUNTY,127,37 Years,88,47,41,10,7,3,2,1,1,1,1,0,0,0,0,75,38,37
DIMMIT COUNTY,127,38 Years,95,55,40,16,11,5,0,0,0,0,0,0,1,1,0,78,43,35
DIMMIT COUNTY,127,39 Years,95,48,47,14,9,5,1,1,0,0,0,0,0,0,0,80,38,42
DIMMIT COUNTY,127,40 Years,102,46,56,14,6,8,1,1,0,1,0,1,3,0,3,83,39,44
DIMMIT COUNTY,127,41 Years,88,39,49,13,7,6,1,0,1,0,0,0,1,0,1,73,32,41
DIMMIT COUNTY,127,42 Years,94,45,49,11,5,6,1,0,1,0,0,0,0,0,0,82,40,42
DIMMIT COUNTY,127,43 Years,94,51,43,10,5,5,0,0,0,1,1,0,1,1,0,82,44,38
DIMMIT COUNTY,127,44 Years,88,47,41,12,9,3,1,1,0,1,1,0,1,1,0,73,35,38
DIMMIT COUNTY,127,45 Years,105,56,49,12,9,3,1,1,0,0,0,0,1,1,0,91,45,46
DIMMIT COUNTY,127,46 Years,114,59,55,14,8,6,0,0,0,0,0,0,1,1,0,99,50,49
DIMMIT COUNTY,127,47 Years,110,61,49,12,7,5,1,1,0,0,0,0,1,1,0,96,52,44
DIMMIT COUNTY,127,48 Years,98,50,48,13,8,5,0,0,0,0,0,0,1,1,0,84,41,43
DIMMIT COUNTY,127,49 Years,80,39,41,10,6,4,0,0,0,0,0,0,0,0,0,70,33,37
DIMMIT COUNTY,127,50 Years,78,34,44,10,5,5,1,1,0,1,0,1,1,0,1,65,28,37
DIMMIT COUNTY,127,51 Years,86,39,47,12,7,5,0,0,0,1,0,1,1,0,1,72,32,40
DIMMIT COUNTY,127,52 Years,94,43,51,13,5,8,1,0,1,0,0,0,0,0,0,80,38,42
DIMMIT COUNTY,127,53 Years,85,40,45,12,5,7,0,0,0,0,0,0,0,0,0,73,35,38
DIMMIT COUNTY,127,54 Years,80,36,44,13,6,7,0,0,0,0,0,0,0,0,0,67,30,37
DIMMIT COUNTY,127,55 Years,84,34,50,14,5,9,0,0,0,2,0,2,0,0,0,68,29,39
DIMMIT COUNTY,127,56 Years,84,37,47,9,5,4,0,0,0,1,0,1,0,0,0,74,32,42
DIMMIT COUNTY,127,57 Years,86,39,47,7,3,4,0,0,0,1,0,1,0,0,0,78,36,42
DIMMIT COUNTY,127,58 Years,89,45,44,12,7,5,1,1,0,0,0,0,1,1,0,75,36,39
DIMMIT COUNTY,127,59 Years,81,41,40,10,5,5,1,1,0,0,0,0,1,1,0,69,34,35
DIMMIT COUNTY,127,60 Years,86,45,41,10,4,6,1,1,0,0,0,0,2,2,0,73,38,35
DIMMIT COUNTY,127,61 Years,93,44,49,16,6,10,1,1,0,0,0,0,1,1,0,75,36,39
DIMMIT COUNTY,127,62 Years,90,43,47,17,8,9,1,1,0,3,3,0,0,0,0,69,31,38
DIMMIT COUNTY,127,63 Years,77,41,36,14,10,4,0,0,0,1,1,0,0,0,0,62,30,32
DIMMIT COUNTY,127,64 Years,78,39,39,14,9,5,1,1,0,0,0,0,0,0,0,63,29,34
DIMMIT COUNTY,127,65 Years,79,38,41,11,5,6,1,1,0,0,0,0,0,0,0,67,32,35
DIMMIT COUNTY,127,66 Years,77,39,38,13,8,5,1,1,0,0,0,0,0,0,0,63,30,33
DIMMIT COUNTY,127,67 Years,74,36,38,11,7,4,1,1,0,1,0,1,0,0,0,61,28,33
DIMMIT COUNTY,127,68 Years,75,35,40,13,6,7,1,1,0,2,0,2,1,1,0,58,27,31
DIMMIT COUNTY,127,69 Years,78,36,42,12,6,6,1,1,0,0,0,0,1,1,0,64,28,36
DIMMIT COUNTY,127,70 Years,80,38,42,11,6,5,0,0,0,0,0,0,1,1,0,68,31,37
DIMMIT COUNTY,127,71 Years,74,35,39,14,7,7,0,0,0,0,0,0,1,1,0,59,27,32
DIMMIT COUNTY,127,72 Years,71,28,43,10,5,5,0,0,0,0,0,0,1,1,0,60,22,38
DIMMIT COUNTY,127,73 Years,81,29,52,11,6,5,0,0,0,1,0,1,0,0,0,69,23,46
DIMMIT COUNTY,127,74 Years,70,30,40,11,6,5,0,0,0,0,0,0,0,0,0,59,24,35
DIMMIT COUNTY,127,75 Years,68,32,36,10,5,5,0,0,0,0,0,0,1,0,1,57,27,30
DIMMIT COUNTY,127,76 Years,62,30,32,10,6,4,0,0,0,1,1,0,0,0,0,51,23,28
DIMMIT COUNTY,127,77 Years,53,24,29,8,4,4,0,0,0,0,0,0,0,0,0,45,20,25
DIMMIT COUNTY,127,78 Years,51,26,25,9,4,5,0,0,0,0,0,0,0,0,0,42,22,20
DIMMIT COUNTY,127,79 Years,48,21,27,10,5,5,0,0,0,0,0,0,0,0,0,38,16,22
DIMMIT COUNTY,127,80 Years,43,17,26,7,4,3,0,0,0,0,0,0,0,0,0,36,13,23
DIMMIT COUNTY,127,81 Years,42,17,25,10,5,5,0,0,0,0,0,0,0,0,0,32,12,20
DIMMIT COUNTY,127,82 Years,35,15,20,9,5,4,0,0,0,0,0,0,0,0,0,26,10,16
DIMMIT COUNTY,127,83 Years,33,16,17,7,5,2,0,0,0,1,0,1,0,0,0,25,11,14
DIMMIT COUNTY,127,84 Years,30,13,17,3,2,1,0,0,0,0,0,0,0,0,0,27,11,16
DIMMIT COUNTY,127,85 Years,26,13,13,3,2,1,0,0,0,0,0,0,0,0,0,23,11,12
DIMMIT COUNTY,127,86 Years,24,11,13,7,5,2,0,0,0,0,0,0,0,0,0,17,6,11
DIMMIT COUNTY,127,87 Years,22,9,13,7,4,3,0,0,0,0,0,0,0,0,0,15,5,10
DIMMIT COUNTY,127,88 Years,22,9,13,5,2,3,0,0,0,0,0,0,0,0,0,17,7,10
DIMMIT COUNTY,127,89 Years,18,9,9,5,3,2,0,0,0,0,0,0,0,0,0,13,6,7
DIMMIT COUNTY,127,90 Years,17,7,10,4,1,3,0,0,0,0,0,0,0,0,0,13,6,7
DIMMIT COUNTY,127,91 Years,14,6,8,2,1,1,0,0,0,0,0,0,0,0,0,12,5,7
DIMMIT COUNTY,127,92 Years,13,6,7,3,1,2,0,0,0,0,0,0,0,0,0,10,5,5
DIMMIT COUNTY,127,93 Years,10,3,7,3,1,2,0,0,0,0,0,0,0,0,0,7,2,5
DIMMIT COUNTY,127,94 Years,7,3,4,2,1,1,0,0,0,0,0,0,0,0,0,5,2,3
DIMMIT COUNTY,127,95 Years +,23,9,14,6,3,3,1,0,1,0,0,0,0,0,0,16,6,10
DONLEY COUNTY,129,All Ages,3241,1569,1672,2611,1251,1360,225,109,116,2,0,2,53,19,34,350,190,160
DONLEY COUNTY,129,< 1 Year,30,16,14,19,10,9,2,1,1,0,0,0,3,1,2,6,4,2
DONLEY COUNTY,129,1 Years,33,17,16,20,10,10,4,2,2,0,0,0,2,1,1,7,4,3
DONLEY COUNTY,129,2 Years,32,16,16,20,10,10,3,1,2,0,0,0,2,1,1,7,4,3
DONLEY COUNTY,129,3 Years,32,16,16,23,13,10,4,1,3,0,0,0,2,1,1,3,1,2
DONLEY COUNTY,129,4 Years,34,18,16,25,14,11,3,1,2,0,0,0,3,2,1,3,1,2
DONLEY COUNTY,129,5 Years,35,20,15,27,16,11,3,1,2,0,0,0,1,1,0,4,2,2
DONLEY COUNTY,129,6 Years,36,21,15,28,16,12,3,1,2,0,0,0,1,1,0,4,3,1
DONLEY COUNTY,129,7 Years,33,19,14,25,14,11,4,2,2,0,0,0,0,0,0,4,3,1
DONLEY COUNTY,129,8 Years,33,18,15,22,13,9,6,3,3,0,0,0,1,0,1,4,2,2
DONLEY COUNTY,129,9 Years,35,21,14,22,13,9,5,3,2,0,0,0,1,0,1,7,5,2
DONLEY COUNTY,129,10 Years,36,22,14,23,14,9,6,4,2,0,0,0,1,0,1,6,4,2
DONLEY COUNTY,129,11 Years,37,21,16,25,13,12,4,3,1,0,0,0,1,0,1,7,5,2
DONLEY COUNTY,129,12 Years,36,15,21,26,13,13,3,1,2,0,0,0,1,0,1,6,1,5
DONLEY COUNTY,129,13 Years,51,22,29,43,21,22,1,0,1,0,0,0,1,0,1,6,1,5
DONLEY COUNTY,129,14 Years,47,25,22,38,21,17,2,2,0,0,0,0,1,0,1,6,2,4
DONLEY COUNTY,129,15 Years,42,23,19,33,18,15,3,3,0,0,0,0,0,0,0,6,2,4
DONLEY COUNTY,129,16 Years,40,25,15,33,20,13,3,2,1,0,0,0,0,0,0,4,3,1
DONLEY COUNTY,129,17 Years,36,19,17,27,15,12,4,2,2,0,0,0,1,0,1,4,2,2
DONLEY COUNTY,129,18 Years,83,39,44,62,27,35,5,4,1,0,0,0,1,1,0,15,7,8
DONLEY COUNTY,129,19 Years,114,60,54,88,42,46,6,5,1,0,0,0,2,1,1,18,12,6
DONLEY COUNTY,129,20 Years,86,48,38,67,37,30,5,2,3,0,0,0,1,0,1,13,9,4
DONLEY COUNTY,129,21 Years,36,18,18,20,10,10,6,3,3,0,0,0,1,0,1,9,5,4
DONLEY COUNTY,129,22 Years,30,15,15,17,9,8,5,1,4,0,0,0,0,0,0,8,5,3
DONLEY COUNTY,129,23 Years,31,15,16,22,11,11,5,2,3,0,0,0,0,0,0,4,2,2
DONLEY COUNTY,129,24 Years,28,16,12,21,12,9,4,2,2,0,0,0,0,0,0,3,2,1
DONLEY COUNTY,129,25 Years,32,18,14,22,13,9,4,3,1,1,0,1,0,0,0,5,2,3
DONLEY COUNTY,129,26 Years,30,17,13,20,13,7,5,3,2,0,0,0,0,0,0,5,1,4
DONLEY COUNTY,129,27 Years,35,17,18,25,13,12,5,2,3,0,0,0,0,0,0,5,2,3
DONLEY COUNTY,129,28 Years,33,15,18,24,10,14,3,1,2,0,0,0,1,0,1,5,4,1
DONLEY COUNTY,129,29 Years,26,11,15,22,9,13,1,0,1,0,0,0,0,0,0,3,2,1
DONLEY COUNTY,129,30 Years,24,10,14,19,8,11,2,1,1,0,0,0,1,0,1,2,1,1
DONLEY COUNTY,129,31 Years,31,13,18,24,10,14,4,1,3,0,0,0,0,0,0,3,2,1
DONLEY COUNTY,129,32 Years,31,14,17,24,11,13,5,1,4,0,0,0,0,0,0,2,2,0
DONLEY COUNTY,129,33 Years,28,13,15,19,8,11,3,1,2,0,0,0,1,0,1,5,4,1
DONLEY COUNTY,129,34 Years,27,15,12,19,8,11,3,3,0,0,0,0,0,0,0,5,4,1
DONLEY COUNTY,129,35 Years,22,11,11,17,8,9,2,1,1,0,0,0,1,1,0,2,1,1
DONLEY COUNTY,129,36 Years,19,9,10,15,6,9,1,1,0,0,0,0,0,0,0,3,2,1
DONLEY COUNTY,129,37 Years,23,11,12,17,8,9,1,0,1,0,0,0,0,0,0,5,3,2
DONLEY COUNTY,129,38 Years,24,13,11,20,11,9,1,1,0,0,0,0,0,0,0,3,1,2
DONLEY COUNTY,129,39 Years,26,16,10,22,14,8,1,1,0,0,0,0,0,0,0,3,1,2
DONLEY COUNTY,129,40 Years,32,17,15,24,12,12,0,0,0,0,0,0,2,1,1,6,4,2
DONLEY COUNTY,129,41 Years,28,15,13,22,11,11,1,1,0,0,0,0,1,1,0,4,2,2
DONLEY COUNTY,129,42 Years,29,13,16,24,10,14,0,0,0,0,0,0,0,0,0,5,3,2
DONLEY COUNTY,129,43 Years,36,15,21,28,13,15,2,0,2,0,0,0,0,0,0,6,2,4
DONLEY COUNTY,129,44 Years,35,17,18,28,14,14,3,1,2,0,0,0,0,0,0,4,2,2
DONLEY COUNTY,129,45 Years,34,16,18,28,13,15,1,1,0,0,0,0,0,0,0,5,2,3
DONLEY COUNTY,129,46 Years,37,15,22,29,12,17,3,1,2,0,0,0,0,0,0,5,2,3
DONLEY COUNTY,129,47 Years,35,16,19,29,13,16,1,1,0,0,0,0,0,0,0,5,2,3
DONLEY COUNTY,129,48 Years,30,12,18,24,11,13,3,1,2,0,0,0,0,0,0,3,0,3
DONLEY COUNTY,129,49 Years,30,14,16,20,8,12,3,1,2,0,0,0,0,0,0,7,5,2
DONLEY COUNTY,129,50 Years,31,15,16,21,10,11,4,1,3,0,0,0,0,0,0,6,4,2
DONLEY COUNTY,129,51 Years,33,17,16,27,13,14,3,2,1,0,0,0,0,0,0,3,2,1
DONLEY COUNTY,129,52 Years,31,16,15,28,14,14,1,1,0,0,0,0,0,0,0,2,1,1
DONLEY COUNTY,129,53 Years,28,14,14,24,12,12,1,1,0,0,0,0,2,1,1,1,0,1
DONLEY COUNTY,129,54 Years,28,13,15,22,11,11,3,1,2,0,0,0,2,1,1,1,0,1
DONLEY COUNTY,129,55 Years,28,12,16,23,10,13,1,1,0,0,0,0,1,0,1,3,1,2
DONLEY COUNTY,129,56 Years,34,14,20,28,11,17,3,1,2,0,0,0,0,0,0,3,2,1
DONLEY COUNTY,129,57 Years,32,14,18,27,12,15,4,1,3,0,0,0,0,0,0,1,1,0
DONLEY COUNTY,129,58 Years,38,16,22,34,16,18,2,0,2,0,0,0,1,0,1,1,0,1
DONLEY COUNTY,129,59 Years,49,24,25,44,23,21,1,0,1,0,0,0,2,0,2,2,1,1
DONLEY COUNTY,129,60 Years,50,27,23,45,25,20,2,1,1,0,0,0,1,0,1,2,1,1
DONLEY COUNTY,129,61 Years,48,27,21,42,23,19,1,0,1,0,0,0,0,0,0,5,4,1
DONLEY COUNTY,129,62 Years,48,25,23,39,19,20,2,1,1,0,0,0,0,0,0,7,5,2
DONLEY COUNTY,129,63 Years,47,21,26,38,16,22,3,2,1,0,0,0,0,0,0,6,3,3
DONLEY COUNTY,129,64 Years,41,14,27,34,13,21,3,1,2,0,0,0,0,0,0,4,0,4
DONLEY COUNTY,129,65 Years,44,18,26,34,14,20,1,0,1,0,0,0,3,1,2,6,3,3
DONLEY COUNTY,129,66 Years,51,23,28,44,19,25,0,0,0,0,0,0,2,1,1,5,3,2
DONLEY COUNTY,129,67 Years,50,26,24,47,24,23,2,1,1,0,0,0,0,0,0,1,1,0
DONLEY COUNTY,129,68 Years,48,24,24,44,22,22,2,1,1,1,0,1,0,0,0,1,1,0
DONLEY COUNTY,129,69 Years,43,21,22,41,20,21,2,1,1,0,0,0,0,0,0,0,0,0
DONLEY COUNTY,129,70 Years,41,21,20,38,19,19,2,1,1,0,0,0,0,0,0,1,1,0
DONLEY COUNTY,129,71 Years,49,24,25,45,21,24,2,1,1,0,0,0,0,0,0,2,2,0
DONLEY COUNTY,129,72 Years,50,25,25,46,23,23,2,1,1,0,0,0,0,0,0,2,1,1
DONLEY COUNTY,129,73 Years,53,27,26,49,25,24,1,1,0,0,0,0,1,0,1,2,1,1
DONLEY COUNTY,129,74 Years,49,20,29,46,19,27,1,1,0,0,0,0,1,0,1,1,0,1
DONLEY COUNTY,129,75 Years,44,18,26,41,17,24,1,1,0,0,0,0,1,0,1,1,0,1
DONLEY COUNTY,129,76 Years,37,14,23,34,12,22,1,1,0,0,0,0,0,0,0,2,1,1
DONLEY COUNTY,129,77 Years,32,13,19,29,11,18,1,1,0,0,0,0,0,0,0,2,1,1
DONLEY COUNTY,129,78 Years,33,11,22,31,11,20,1,0,1,0,0,0,0,0,0,1,0,1
DONLEY COUNTY,129,79 Years,31,13,18,29,11,18,0,0,0,0,0,0,1,1,0,1,1,0
DONLEY COUNTY,129,80 Years,26,9,17,24,8,16,1,1,0,0,0,0,0,0,0,1,0,1
DONLEY COUNTY,129,81 Years,23,9,14,20,8,12,2,1,1,0,0,0,0,0,0,1,0,1
DONLEY COUNTY,129,82 Years,26,12,14,22,10,12,3,1,2,0,0,0,0,0,0,1,1,0
DONLEY COUNTY,129,83 Years,19,8,11,18,8,10,0,0,0,0,0,0,0,0,0,1,0,1
DONLEY COUNTY,129,84 Years,17,7,10,17,7,10,0,0,0,0,0,0,0,0,0,0,0,0
DONLEY COUNTY,129,85 Years,19,6,13,18,6,12,1,0,1,0,0,0,0,0,0,0,0,0
DONLEY COUNTY,129,86 Years,16,6,10,15,6,9,1,0,1,0,0,0,0,0,0,0,0,0
DONLEY COUNTY,129,87 Years,14,7,7,13,6,7,0,0,0,0,0,0,0,0,0,1,1,0
DONLEY COUNTY,129,88 Years,10,5,5,8,3,5,1,1,0,0,0,0,1,1,0,0,0,0
DONLEY COUNTY,129,89 Years,7,3,4,5,2,3,2,1,1,0,0,0,0,0,0,0,0,0
DONLEY COUNTY,129,90 Years,7,2,5,6,2,4,1,0,1,0,0,0,0,0,0,0,0,0
DONLEY COUNTY,129,91 Years,7,2,5,7,2,5,0,0,0,0,0,0,0,0,0,0,0,0
DONLEY COUNTY,129,92 Years,6,2,4,6,2,4,0,0,0,0,0,0,0,0,0,0,0,0
DONLEY COUNTY,129,93 Years,6,2,4,6,2,4,0,0,0,0,0,0,0,0,0,0,0,0
DONLEY COUNTY,129,94 Years,4,1,3,4,1,3,0,0,0,0,0,0,0,0,0,0,0,0
DONLEY COUNTY,129,95 Years +,10,3,7,7,3,4,3,0,3,0,0,0,0,0,0,0,0,0
DUVAL COUNTY,131,All Ages,9676,4971,4705,978,559,419,66,61,5,5,1,4,39,26,13,8588,4324,4264
DUVAL COUNTY,131,< 1 Year,134,67,67,11,5,6,1,0,1,1,1,0,1,0,1,120,61,59
DUVAL COUNTY,131,1 Years,144,75,69,13,7,6,1,1,0,0,0,0,1,1,0,129,66,63
DUVAL COUNTY,131,2 Years,147,74,73,13,7,6,1,0,1,0,0,0,1,0,1,132,67,65
DUVAL COUNTY,131,3 Years,153,78,75,9,7,2,1,0,1,0,0,0,1,0,1,142,71,71
DUVAL COUNTY,131,4 Years,152,77,75,10,7,3,1,0,1,0,0,0,0,0,0,141,70,71
DUVAL COUNTY,131,5 Years,147,75,72,11,7,4,1,0,1,0,0,0,0,0,0,135,68,67
DUVAL COUNTY,131,6 Years,148,74,74,11,5,6,0,0,0,0,0,0,0,0,0,137,69,68
DUVAL COUNTY,131,7 Years,157,77,80,9,4,5,0,0,0,0,0,0,0,0,0,148,73,75
DUVAL COUNTY,131,8 Years,149,72,77,7,3,4,0,0,0,0,0,0,0,0,0,142,69,73
DUVAL COUNTY,131,9 Years,142,69,73,7,4,3,0,0,0,0,0,0,0,0,0,135,65,70
DUVAL COUNTY,131,10 Years,140,67,73,9,5,4,0,0,0,0,0,0,0,0,0,131,62,69
DUVAL COUNTY,131,11 Years,143,71,72,11,6,5,0,0,0,0,0,0,0,0,0,132,65,67
DUVAL COUNTY,131,12 Years,143,68,75,10,5,5,1,1,0,0,0,0,0,0,0,132,62,70
DUVAL COUNTY,131,13 Years,140,71,69,11,6,5,0,0,0,0,0,0,0,0,0,129,65,64
DUVAL COUNTY,131,14 Years,140,66,74,12,5,7,0,0,0,0,0,0,2,2,0,126,59,67
DUVAL COUNTY,131,15 Years,132,66,66,10,5,5,0,0,0,0,0,0,1,0,1,121,61,60
DUVAL COUNTY,131,16 Years,123,56,67,7,4,3,0,0,0,0,0,0,1,0,1,115,52,63
DUVAL COUNTY,131,17 Years,143,72,71,14,8,6,0,0,0,0,0,0,2,2,0,127,62,65
DUVAL COUNTY,131,18 Years,150,86,64,14,9,5,1,1,0,0,0,0,1,0,1,134,76,58
DUVAL COUNTY,131,19 Years,146,90,56,16,12,4,1,1,0,0,0,0,1,0,1,128,77,51
DUVAL COUNTY,131,20 Years,150,96,54,18,15,3,0,0,0,0,0,0,2,2,0,130,79,51
DUVAL COUNTY,131,21 Years,140,88,52,14,12,2,1,1,0,0,0,0,4,3,1,121,72,49
DUVAL COUNTY,131,22 Years,147,85,62,20,14,6,4,4,0,0,0,0,1,1,0,122,66,56
DUVAL COUNTY,131,23 Years,137,79,58,14,9,5,5,5,0,0,0,0,0,0,0,118,65,53
DUVAL COUNTY,131,24 Years,126,71,55,15,11,4,1,1,0,0,0,0,2,2,0,108,57,51
DUVAL COUNTY,131,25 Years,126,69,57,13,11,2,1,1,0,0,0,0,0,0,0,112,57,55
DUVAL COUNTY,131,26 Years,131,70,61,15,10,5,2,2,0,0,0,0,0,0,0,114,58,56
DUVAL COUNTY,131,27 Years,131,74,57,14,9,5,2,2,0,0,0,0,0,0,0,115,63,52
DUVAL COUNTY,131,28 Years,137,86,51,15,9,6,5,5,0,0,0,0,1,1,0,116,71,45
DUVAL COUNTY,131,29 Years,123,78,45,9,6,3,0,0,0,0,0,0,0,0,0,114,72,42
DUVAL COUNTY,131,30 Years,117,65,52,9,5,4,1,1,0,0,0,0,0,0,0,107,59,48
DUVAL COUNTY,131,31 Years,123,64,59,10,6,4,1,1,0,0,0,0,1,1,0,111,56,55
DUVAL COUNTY,131,32 Years,116,64,52,7,4,3,1,1,0,0,0,0,1,1,0,107,58,49
DUVAL COUNTY,131,33 Years,119,67,52,13,6,7,1,1,0,0,0,0,2,2,0,103,58,45
DUVAL COUNTY,131,34 Years,107,59,48,9,5,4,0,0,0,0,0,0,0,0,0,98,54,44
DUVAL COUNTY,131,35 Years,108,60,48,11,6,5,1,1,0,0,0,0,1,1,0,95,52,43
DUVAL COUNTY,131,36 Years,104,53,51,10,5,5,0,0,0,0,0,0,0,0,0,94,48,46
DUVAL COUNTY,131,37 Years,97,51,46,9,6,3,0,0,0,0,0,0,0,0,0,88,45,43
DUVAL COUNTY,131,38 Years,117,64,53,11,8,3,2,2,0,0,0,0,0,0,0,104,54,50
DUVAL COUNTY,131,39 Years,110,56,54,8,4,4,1,1,0,0,0,0,1,0,1,100,51,49
DUVAL COUNTY,131,40 Years,102,56,46,8,4,4,0,0,0,0,0,0,0,0,0,94,52,42
DUVAL COUNTY,131,41 Years,109,56,53,6,3,3,1,1,0,0,0,0,1,0,1,101,52,49
DUVAL COUNTY,131,42 Years,120,62,58,11,6,5,2,2,0,0,0,0,1,0,1,106,54,52
DUVAL COUNTY,131,43 Years,105,54,51,11,7,4,2,2,0,0,0,0,0,0,0,92,45,47
DUVAL COUNTY,131,44 Years,102,52,50,10,4,6,1,1,0,0,0,0,0,0,0,91,47,44
DUVAL COUNTY,131,45 Years,112,61,51,13,8,5,2,2,0,0,0,0,0,0,0,97,51,46
DUVAL COUNTY,131,46 Years,110,62,48,11,6,5,1,1,0,0,0,0,0,0,0,98,55,43
DUVAL COUNTY,131,47 Years,103,54,49,11,7,4,2,2,0,0,0,0,0,0,0,90,45,45
DUVAL COUNTY,131,48 Years,104,52,52,11,8,3,0,0,0,0,0,0,0,0,0,93,44,49
DUVAL COUNTY,131,49 Years,110,56,54,14,8,6,0,0,0,1,0,1,0,0,0,95,48,47
DUVAL COUNTY,131,50 Years,103,61,42,16,11,5,1,1,0,1,0,1,1,1,0,84,48,36
DUVAL COUNTY,131,51 Years,101,54,47,13,8,5,2,2,0,0,0,0,0,0,0,86,44,42
DUVAL COUNTY,131,52 Years,91,47,44,7,4,3,2,2,0,0,0,0,1,1,0,81,40,41
DUVAL COUNTY,131,53 Years,92,44,48,8,5,3,1,1,0,0,0,0,0,0,0,83,38,45
DUVAL COUNTY,131,54 Years,95,47,48,9,6,3,2,2,0,0,0,0,0,0,0,84,39,45
DUVAL COUNTY,131,55 Years,94,48,46,9,5,4,1,1,0,0,0,0,1,1,0,83,41,42
DUVAL COUNTY,131,56 Years,93,45,48,6,3,3,1,1,0,0,0,0,1,0,1,85,41,44
DUVAL COUNTY,131,57 Years,99,49,50,9,7,2,1,1,0,0,0,0,2,1,1,87,40,47
DUVAL COUNTY,131,58 Years,95,49,46,11,8,3,1,1,0,0,0,0,0,0,0,83,40,43
DUVAL COUNTY,131,59 Years,101,46,55,10,5,5,1,1,0,1,0,1,0,0,0,89,40,49
DUVAL COUNTY,131,60 Years,107,50,57,11,6,5,1,1,0,1,0,1,0,0,0,94,43,51
DUVAL COUNTY,131,61 Years,113,58,55,12,7,5,1,1,0,0,0,0,0,0,0,100,50,50
DUVAL COUNTY,131,62 Years,109,52,57,11,6,5,1,1,0,0,0,0,0,0,0,97,45,52
DUVAL COUNTY,131,63 Years,102,48,54,10,6,4,1,1,0,0,0,0,0,0,0,91,41,50
DUVAL COUNTY,131,64 Years,102,49,53,9,5,4,0,0,0,0,0,0,0,0,0,93,44,49
DUVAL COUNTY,131,65 Years,101,49,52,10,5,5,0,0,0,0,0,0,0,0,0,91,44,47
DUVAL COUNTY,131,66 Years,89,42,47,9,3,6,0,0,0,0,0,0,0,0,0,80,39,41
DUVAL COUNTY,131,67 Years,89,38,51,10,3,7,0,0,0,0,0,0,0,0,0,79,35,44
DUVAL COUNTY,131,68 Years,87,40,47,10,5,5,0,0,0,0,0,0,0,0,0,77,35,42
DUVAL COUNTY,131,69 Years,84,46,38,11,8,3,0,0,0,0,0,0,0,0,0,73,38,35
DUVAL COUNTY,131,70 Years,77,45,32,11,8,3,0,0,0,0,0,0,0,0,0,66,37,29
DUVAL COUNTY,131,71 Years,81,39,42,10,6,4,0,0,0,0,0,0,0,0,0,71,33,38
DUVAL COUNTY,131,72 Years,84,34,50,13,3,10,0,0,0,0,0,0,0,0,0,71,31,40
DUVAL COUNTY,131,73 Years,75,34,41,10,4,6,0,0,0,0,0,0,1,1,0,64,29,35
DUVAL COUNTY,131,74 Years,72,35,37,9,4,5,0,0,0,0,0,0,1,1,0,62,30,32
DUVAL COUNTY,131,75 Years,70,36,34,11,4,7,0,0,0,0,0,0,0,0,0,59,32,27
DUVAL COUNTY,131,76 Years,74,32,42,11,4,7,0,0,0,0,0,0,1,1,0,62,27,35
DUVAL COUNTY,131,77 Years,78,32,46,10,4,6,0,0,0,0,0,0,0,0,0,68,28,40
DUVAL COUNTY,131,78 Years,92,41,51,13,6,7,0,0,0,0,0,0,0,0,0,79,35,44
DUVAL COUNTY,131,79 Years,82,38,44,9,5,4,0,0,0,0,0,0,0,0,0,73,33,40
DUVAL COUNTY,131,80 Years,67,33,34,8,6,2,0,0,0,0,0,0,0,0,0,59,27,32
DUVAL COUNTY,131,81 Years,63,28,35,10,5,5,0,0,0,0,0,0,0,0,0,53,23,30
DUVAL COUNTY,131,82 Years,53,25,28,10,4,6,0,0,0,0,0,0,0,0,0,43,21,22
DUVAL COUNTY,131,83 Years,54,23,31,11,4,7,0,0,0,0,0,0,0,0,0,43,19,24
DUVAL COUNTY,131,84 Years,44,18,26,11,5,6,0,0,0,0,0,0,0,0,0,33,13,20
DUVAL COUNTY,131,85 Years,36,15,21,9,5,4,0,0,0,0,0,0,0,0,0,27,10,17
DUVAL COUNTY,131,86 Years,38,15,23,8,4,4,0,0,0,0,0,0,0,0,0,30,11,19
DUVAL COUNTY,131,87 Years,34,14,20,8,4,4,0,0,0,0,0,0,0,0,0,26,10,16
DUVAL COUNTY,131,88 Years,23,8,15,4,2,2,0,0,0,0,0,0,0,0,0,19,6,13
DUVAL COUNTY,131,89 Years,21,8,13,4,2,2,0,0,0,0,0,0,0,0,0,17,6,11
DUVAL COUNTY,131,90 Years,19,7,12,4,2,2,0,0,0,0,0,0,0,0,0,15,5,10
DUVAL COUNTY,131,91 Years,19,8,11,4,1,3,0,0,0,0,0,0,0,0,0,15,7,8
DUVAL COUNTY,131,92 Years,14,7,7,4,2,2,0,0,0,0,0,0,0,0,0,10,5,5
DUVAL COUNTY,131,93 Years,11,5,6,3,2,1,0,0,0,0,0,0,0,0,0,8,3,5
DUVAL COUNTY,131,94 Years,10,4,6,2,1,1,0,0,0,0,0,0,0,0,0,8,3,5
DUVAL COUNTY,131,95 Years +,22,10,12,5,3,2,0,0,0,0,0,0,0,0,0,17,7,10
EASTLAND COUNTY,133,All Ages,18038,9061,8977,13864,6852,7012,522,320,202,73,28,45,338,177,161,3241,1684,1557
EASTLAND COUNTY,133,< 1 Year,199,103,96,133,70,63,3,1,2,1,0,1,10,5,5,52,27,25
EASTLAND COUNTY,133,1 Years,196,100,96,125,64,61,3,1,2,2,1,1,8,4,4,58,30,28
EASTLAND COUNTY,133,2 Years,196,99,97,126,64,62,1,0,1,1,0,1,9,5,4,59,30,29
EASTLAND COUNTY,133,3 Years,205,105,100,140,72,68,2,1,1,0,0,0,6,2,4,57,30,27
EASTLAND COUNTY,133,4 Years,212,105,107,149,78,71,3,0,3,0,0,0,5,2,3,55,25,30
EASTLAND COUNTY,133,5 Years,214,109,105,149,80,69,5,2,3,2,1,1,6,3,3,52,23,29
EASTLAND COUNTY,133,6 Years,211,107,104,149,79,70,3,2,1,2,1,1,6,3,3,51,22,29
EASTLAND COUNTY,133,7 Years,210,108,102,151,78,73,3,2,1,1,1,0,7,4,3,48,23,25
EASTLAND COUNTY,133,8 Years,206,106,100,149,78,71,4,2,2,1,1,0,9,6,3,43,19,24
EASTLAND COUNTY,133,9 Years,196,98,98,140,74,66,3,1,2,1,1,0,9,6,3,43,16,27
EASTLAND COUNTY,133,10 Years,188,91,97,130,67,63,3,1,2,1,1,0,9,5,4,45,17,28
EASTLAND COUNTY,133,11 Years,184,87,97,127,63,64,2,1,1,1,1,0,6,4,2,48,18,30
EASTLAND COUNTY,133,12 Years,195,97,98,132,68,64,2,2,0,1,1,0,5,2,3,55,24,31
EASTLAND COUNTY,133,13 Years,189,100,89,131,70,61,2,1,1,0,0,0,4,2,2,52,27,25
EASTLAND COUNTY,133,14 Years,199,104,95,136,70,66,2,0,2,2,0,2,4,2,2,55,32,23
EASTLAND COUNTY,133,15 Years,197,102,95,141,76,65,1,0,1,1,0,1,3,1,2,51,25,26
EASTLAND COUNTY,133,16 Years,221,112,109,162,85,77,0,0,0,0,0,0,4,3,1,55,24,31
EASTLAND COUNTY,133,17 Years,245,127,118,166,84,82,18,13,5,0,0,0,3,2,1,58,28,30
EASTLAND COUNTY,133,18 Years,352,174,178,169,77,92,55,22,33,2,1,1,5,3,2,121,71,50
EASTLAND COUNTY,133,19 Years,461,251,210,183,94,89,129,83,46,3,2,1,7,6,1,139,66,73
EASTLAND COUNTY,133,20 Years,354,199,155,178,94,84,53,36,17,2,2,0,5,3,2,116,64,52
EASTLAND COUNTY,133,21 Years,249,153,96,156,86,70,52,46,6,2,0,2,3,0,3,36,21,15
EASTLAND COUNTY,133,22 Years,185,107,78,140,82,58,26,14,12,1,0,1,3,1,2,15,10,5
EASTLAND COUNTY,133,23 Years,201,120,81,156,93,63,17,12,5,1,0,1,5,3,2,22,12,10
EASTLAND COUNTY,133,24 Years,189,103,86,141,79,62,1,1,0,0,0,0,3,2,1,44,21,23
EASTLAND COUNTY,133,25 Years,199,109,90,149,78,71,0,0,0,0,0,0,2,1,1,48,30,18
EASTLAND COUNTY,133,26 Years,209,112,97,162,82,80,0,0,0,0,0,0,2,1,1,45,29,16
EASTLAND COUNTY,133,27 Years,199,102,97,146,68,78,2,2,0,0,0,0,3,2,1,48,30,18
EASTLAND COUNTY,133,28 Years,160,80,80,108,50,58,3,3,0,0,0,0,2,1,1,47,26,21
EASTLAND COUNTY,133,29 Years,149,76,73,102,51,51,1,1,0,0,0,0,2,1,1,44,23,21
EASTLAND COUNTY,133,30 Years,171,85,86,128,59,69,3,2,1,0,0,0,1,0,1,39,24,15
EASTLAND COUNTY,133,31 Years,245,129,116,185,99,86,8,4,4,1,0,1,4,3,1,47,23,24
EASTLAND COUNTY,133,32 Years,235,124,111,177,96,81,6,4,2,1,0,1,6,2,4,45,22,23
EASTLAND COUNTY,133,33 Years,197,110,87,149,84,65,3,3,0,2,0,2,5,2,3,38,21,17
EASTLAND COUNTY,133,34 Years,167,95,72,123,67,56,1,1,0,2,1,1,2,1,1,39,25,14
EASTLAND COUNTY,133,35 Years,155,89,66,108,62,46,0,0,0,1,0,1,2,1,1,44,26,18
EASTLAND COUNTY,133,36 Years,164,90,74,119,64,55,3,1,2,0,0,0,1,1,0,41,24,17
EASTLAND COUNTY,133,37 Years,185,94,91,138,67,71,2,1,1,2,1,1,3,2,1,40,23,17
EASTLAND COUNTY,133,38 Years,163,80,83,123,61,62,1,0,1,2,1,1,3,2,1,34,16,18
EASTLAND COUNTY,133,39 Years,182,83,99,133,62,71,2,0,2,3,0,3,1,0,1,43,21,22
EASTLAND COUNTY,133,40 Years,189,94,95,147,71,76,2,1,1,1,0,1,1,1,0,38,21,17
EASTLAND COUNTY,133,41 Years,189,95,94,147,77,70,2,1,1,0,0,0,3,2,1,37,15,22
EASTLAND COUNTY,133,42 Years,198,91,107,153,70,83,2,1,1,0,0,0,4,2,2,39,18,21
EASTLAND COUNTY,133,43 Years,198,97,101,155,74,81,1,0,1,1,1,0,3,1,2,38,21,17
EASTLAND COUNTY,133,44 Years,178,87,91,135,67,68,2,1,1,0,0,0,3,1,2,38,18,20
EASTLAND COUNTY,133,45 Years,183,93,90,135,72,63,2,1,1,4,1,3,2,1,1,40,18,22
EASTLAND COUNTY,133,46 Years,200,104,96,159,79,80,4,3,1,2,1,1,1,1,0,34,20,14
EASTLAND COUNTY,133,47 Years,200,105,95,161,81,80,4,3,1,0,0,0,3,1,2,32,20,12
EASTLAND COUNTY,133,48 Years,188,98,90,150,75,75,2,2,0,2,1,1,3,1,2,31,19,12
EASTLAND COUNTY,133,49 Years,173,77,96,140,62,78,2,2,0,1,0,1,3,1,2,27,12,15
EASTLAND COUNTY,133,50 Years,192,90,102,160,74,86,2,2,0,0,0,0,3,1,2,27,13,14
EASTLAND COUNTY,133,51 Years,197,95,102,161,74,87,2,2,0,2,2,0,3,2,1,29,15,14
EASTLAND COUNTY,133,52 Years,201,101,100,158,76,82,2,2,0,1,1,0,2,1,1,38,21,17
EASTLAND COUNTY,133,53 Years,207,102,105,157,77,80,0,0,0,0,0,0,3,2,1,47,23,24
EASTLAND COUNTY,133,54 Years,195,89,106,153,70,83,2,0,2,2,1,1,2,1,1,36,17,19
EASTLAND COUNTY,133,55 Years,198,88,110,158,67,91,4,3,1,0,0,0,2,1,1,34,17,17
EASTLAND COUNTY,133,56 Years,208,101,107,166,77,89,3,3,0,1,1,0,2,1,1,36,19,17
EASTLAND COUNTY,133,57 Years,221,110,111,182,89,93,3,3,0,2,0,2,1,0,1,33,18,15
EASTLAND COUNTY,133,58 Years,218,101,117,186,87,99,2,1,1,2,0,2,1,0,1,27,13,14
EASTLAND COUNTY,133,59 Years,238,114,124,193,96,97,2,0,2,1,0,1,4,0,4,38,18,20
EASTLAND COUNTY,133,60 Years,259,129,130,223,111,112,2,1,1,0,0,0,4,2,2,30,15,15
EASTLAND COUNTY,133,61 Years,253,127,126,217,104,113,1,1,0,0,0,0,4,3,1,31,19,12
EASTLAND COUNTY,133,62 Years,254,122,132,214,98,116,3,1,2,0,0,0,4,3,1,33,20,13
EASTLAND COUNTY,133,63 Years,287,136,151,242,111,131,3,1,2,0,0,0,7,5,2,35,19,16
EASTLAND COUNTY,133,64 Years,298,148,150,251,122,129,5,2,3,0,0,0,10,7,3,32,17,15
EASTLAND COUNTY,133,65 Years,272,139,133,232,117,115,4,2,2,0,0,0,7,4,3,29,16,13
EASTLAND COUNTY,133,66 Years,253,125,128,221,108,113,4,2,2,0,0,0,3,1,2,25,14,11
EASTLAND COUNTY,133,67 Years,242,119,123,211,105,106,2,0,2,3,0,3,3,0,3,23,14,9
EASTLAND COUNTY,133,68 Years,221,112,109,194,96,98,2,2,0,3,2,1,2,0,2,20,12,8
EASTLAND COUNTY,133,69 Years,216,109,107,186,93,93,3,2,1,1,0,1,3,1,2,23,13,10
EASTLAND COUNTY,133,70 Years,241,119,122,208,102,106,2,1,1,1,0,1,4,3,1,26,13,13
EASTLAND COUNTY,133,71 Years,246,121,125,217,104,113,1,0,1,0,0,0,5,4,1,23,13,10
EASTLAND COUNTY,133,72 Years,234,113,121,212,100,112,2,1,1,0,0,0,2,1,1,18,11,7
EASTLAND COUNTY,133,73 Years,196,95,101,181,87,94,4,2,2,0,0,0,2,1,1,9,5,4
EASTLAND COUNTY,133,74 Years,206,101,105,187,90,97,2,1,1,0,0,0,4,2,2,13,8,5
EASTLAND COUNTY,133,75 Years,221,106,115,198,92,106,3,2,1,1,0,1,3,2,1,16,10,6
EASTLAND COUNTY,133,76 Years,184,87,97,165,76,89,1,0,1,0,0,0,4,2,2,14,9,5
EASTLAND COUNTY,133,77 Years,158,79,79,148,73,75,0,0,0,0,0,0,1,1,0,9,5,4
EASTLAND COUNTY,133,78 Years,147,76,71,139,71,68,0,0,0,0,0,0,2,2,0,6,3,3
EASTLAND COUNTY,133,79 Years,150,69,81,139,64,75,0,0,0,0,0,0,5,3,2,6,2,4
EASTLAND COUNTY,133,80 Years,141,63,78,129,58,71,0,0,0,0,0,0,6,3,3,6,2,4
EASTLAND COUNTY,133,81 Years,118,49,69,110,46,64,0,0,0,0,0,0,2,1,1,6,2,4
EASTLAND COUNTY,133,82 Years,107,44,63,99,42,57,1,1,0,0,0,0,2,0,2,5,1,4
EASTLAND COUNTY,133,83 Years,106,52,54,97,48,49,2,1,1,0,0,0,2,1,1,5,2,3
EASTLAND COUNTY,133,84 Years,93,47,46,87,44,43,1,0,1,0,0,0,2,1,1,3,2,1
EASTLAND COUNTY,133,85 Years,80,37,43,74,34,40,1,0,1,0,0,0,2,1,1,3,2,1
EASTLAND COUNTY,133,86 Years,70,32,38,63,28,35,0,0,0,0,0,0,2,1,1,5,3,2
EASTLAND COUNTY,133,87 Years,65,28,37,59,25,34,0,0,0,0,0,0,2,1,1,4,2,2
EASTLAND COUNTY,133,88 Years,57,25,32,54,24,30,0,0,0,0,0,0,1,0,1,2,1,1
EASTLAND COUNTY,133,89 Years,53,24,29,49,21,28,0,0,0,0,0,0,1,1,0,3,2,1
EASTLAND COUNTY,133,90 Years,47,19,28,45,18,27,0,0,0,0,0,0,1,0,1,1,1,0
EASTLAND COUNTY,133,91 Years,37,15,22,34,14,20,0,0,0,0,0,0,1,0,1,2,1,1
EASTLAND COUNTY,133,92 Years,30,10,20,28,10,18,0,0,0,0,0,0,1,0,1,1,0,1
EASTLAND COUNTY,133,93 Years,23,8,15,23,8,15,0,0,0,0,0,0,0,0,0,0,0,0
EASTLAND COUNTY,133,94 Years,18,5,13,18,5,13,0,0,0,0,0,0,0,0,0,0,0,0
EASTLAND COUNTY,133,95 Years +,50,14,36,45,13,32,0,0,0,0,0,0,2,0,2,3,1,2
ECTOR COUNTY,135,All Ages,170203,87397,82806,49916,25302,24614,7564,4048,3516,1899,910,989,2780,1393,1387,108044,55744,52300
ECTOR COUNTY,135,< 1 Year,2580,1314,1266,512,262,250,104,53,51,28,15,13,87,46,41,1849,938,911
ECTOR COUNTY,135,1 Years,2401,1227,1174,516,264,252,104,53,51,25,13,12,65,34,31,1691,863,828
ECTOR COUNTY,135,2 Years,2374,1211,1163,518,265,253,102,52,50,23,11,12,64,33,31,1667,850,817
ECTOR COUNTY,135,3 Years,2797,1419,1378,557,285,272,133,67,66,19,10,9,66,29,37,2022,1028,994
ECTOR COUNTY,135,4 Years,2941,1484,1457,565,290,275,135,66,69,22,12,10,66,29,37,2153,1087,1066
ECTOR COUNTY,135,5 Years,2909,1490,1419,566,295,271,133,67,66,24,13,11,65,28,37,2121,1087,1034
ECTOR COUNTY,135,6 Years,2972,1524,1448,604,317,287,122,60,62,26,14,12,69,30,39,2151,1103,1048
ECTOR COUNTY,135,7 Years,3171,1634,1537,669,351,318,120,61,59,32,17,15,72,33,39,2278,1172,1106
ECTOR COUNTY,135,8 Years,3148,1606,1542,674,348,326,118,63,55,31,16,15,86,43,43,2239,1136,1103
ECTOR COUNTY,135,9 Years,3109,1584,1525,671,348,323,121,67,54,27,15,12,83,45,38,2207,1109,1098
ECTOR COUNTY,135,10 Years,2966,1502,1464,646,337,309,124,65,59,27,14,13,65,35,30,2104,1051,1053
ECTOR COUNTY,135,11 Years,2840,1440,1400,621,325,296,130,64,66,24,13,11,53,27,26,2012,1011,1001
ECTOR COUNTY,135,12 Years,2802,1432,1370,598,321,277,137,64,73,20,15,5,50,26,24,1997,1006,991
ECTOR COUNTY,135,13 Years,2798,1422,1376,644,340,304,116,60,56,16,10,6,50,25,25,1972,987,985
ECTOR COUNTY,135,14 Years,2771,1404,1367,649,343,306,124,66,58,15,7,8,52,26,26,1931,962,969
ECTOR COUNTY,135,15 Years,2734,1398,1336,635,323,312,122,62,60,14,4,10,51,28,23,1912,981,931
ECTOR COUNTY,135,16 Years,2600,1336,1264,586,293,293,111,61,50,15,6,9,46,26,20,1842,950,892
ECTOR COUNTY,135,17 Years,2560,1316,1244,555,286,269,108,60,48,24,14,10,50,26,24,1823,930,893
ECTOR COUNTY,135,18 Years,2477,1251,1226,583,297,286,104,55,49,25,15,10,43,22,21,1722,862,860
ECTOR COUNTY,135,19 Years,2481,1233,1248,568,280,288,107,53,54,20,9,11,38,19,19,1748,872,876
ECTOR COUNTY,135,20 Years,2474,1244,1230,569,300,269,107,50,57,14,4,10,36,13,23,1748,877,871
ECTOR COUNTY,135,21 Years,2429,1255,1174,561,302,259,95,46,49,15,4,11,34,15,19,1724,888,836
ECTOR COUNTY,135,22 Years,2402,1265,1137,535,288,247,104,56,48,23,12,11,34,16,18,1706,893,813
ECTOR COUNTY,135,23 Years,2434,1240,1194,548,302,246,125,72,53,36,9,27,45,21,24,1680,836,844
ECTOR COUNTY,135,24 Years,2467,1249,1218,598,321,277,125,67,58,30,11,19,57,24,33,1657,826,831
ECTOR COUNTY,135,25 Years,2475,1266,1209,616,323,293,115,65,50,37,13,24,51,23,28,1656,842,814
ECTOR COUNTY,135,26 Years,2477,1287,1190,649,328,321,122,65,57,30,14,16,37,13,24,1639,867,772
ECTOR COUNTY,135,27 Years,2505,1318,1187,651,341,310,120,61,59,22,16,6,56,17,39,1656,883,773
ECTOR COUNTY,135,28 Years,2632,1457,1175,647,368,279,121,75,46,27,18,9,43,18,25,1794,978,816
ECTOR COUNTY,135,29 Years,2803,1551,1252,694,395,299,139,86,53,45,34,11,37,20,17,1888,1016,872
ECTOR COUNTY,135,30 Years,2989,1624,1365,795,444,351,141,82,59,62,28,34,58,35,23,1933,1035,898
ECTOR COUNTY,135,31 Years,3068,1631,1437,888,474,414,147,88,59,41,13,28,64,35,29,1928,1021,907
ECTOR COUNTY,135,32 Years,3021,1619,1402,881,458,423,148,92,56,30,12,18,55,26,29,1907,1031,876
ECTOR COUNTY,135,33 Years,2896,1613,1283,805,434,371,139,84,55,17,8,9,41,22,19,1894,1065,829
ECTOR COUNTY,135,34 Years,2715,1497,1218,782,421,361,135,75,60,27,8,19,29,16,13,1742,977,765
ECTOR COUNTY,135,35 Years,2698,1481,1217,767,414,353,137,83,54,50,20,30,26,14,12,1718,950,768
ECTOR COUNTY,135,36 Years,2652,1481,1171,748,401,347,130,78,52,44,27,17,29,15,14,1701,960,741
ECTOR COUNTY,135,37 Years,2509,1367,1142,718,375,343,125,74,51,37,16,21,28,15,13,1601,887,714
ECTOR COUNTY,135,38 Years,2493,1322,1171,716,382,334,125,72,53,20,6,14,30,13,17,1602,849,753
ECTOR COUNTY,135,39 Years,2576,1387,1189,742,398,344,122,64,58,18,9,9,26,13,13,1668,903,765
ECTOR COUNTY,135,40 Years,2504,1352,1152,703,369,334,124,71,53,27,11,16,32,16,16,1618,885,733
ECTOR COUNTY,135,41 Years,2375,1272,1103,670,347,323,121,70,51,43,21,22,33,18,15,1508,816,692
ECTOR COUNTY,135,42 Years,2266,1224,1042,655,337,318,107,61,46,55,31,24,29,16,13,1420,779,641
ECTOR COUNTY,135,43 Years,2113,1151,962,622,335,287,107,61,46,40,16,24,20,12,8,1324,727,597
ECTOR COUNTY,135,44 Years,1993,1069,924,588,322,266,107,59,48,29,8,21,22,13,9,1247,667,580
ECTOR COUNTY,135,45 Years,1965,1042,923,555,298,257,95,52,43,25,8,17,22,13,9,1268,671,597
ECTOR COUNTY,135,46 Years,1963,1057,906,531,288,243,88,50,38,35,19,16,21,13,8,1288,687,601
ECTOR COUNTY,135,47 Years,1935,1045,890,532,284,248,94,57,37,31,22,9,18,10,8,1260,672,588
ECTOR COUNTY,135,48 Years,1835,926,909,516,261,255,87,52,35,27,16,11,12,6,6,1193,591,602
ECTOR COUNTY,135,49 Years,1764,887,877,526,261,265,78,47,31,26,14,12,16,7,9,1118,558,560
ECTOR COUNTY,135,50 Years,1807,908,899,536,261,275,85,49,36,28,14,14,24,11,13,1134,573,561
ECTOR COUNTY,135,51 Years,1869,970,899,566,275,291,91,56,35,34,15,19,26,13,13,1152,611,541
ECTOR COUNTY,135,52 Years,1789,941,848,559,282,277,85,52,33,25,13,12,24,12,12,1096,582,514
ECTOR COUNTY,135,53 Years,1693,859,834,572,283,289,64,33,31,17,9,8,14,7,7,1026,527,499
ECTOR COUNTY,135,54 Years,1666,839,827,555,270,285,59,29,30,26,11,15,13,8,5,1013,521,492
ECTOR COUNTY,135,55 Years,1609,816,793,521,252,269,62,28,34,30,12,18,12,8,4,984,516,468
ECTOR COUNTY,135,56 Years,1576,795,781,545,265,280,54,28,26,31,13,18,12,9,3,934,480,454
ECTOR COUNTY,135,57 Years,1613,819,794,590,300,290,66,38,28,17,7,10,21,11,10,919,463,456
ECTOR COUNTY,135,58 Years,1583,796,787,637,324,313,71,37,34,8,4,4,20,10,10,847,421,426
ECTOR COUNTY,135,59 Years,1602,801,801,698,343,355,63,31,32,11,5,6,21,11,10,809,411,398
ECTOR COUNTY,135,60 Years,1602,815,787,693,349,344,64,31,33,15,6,9,21,15,6,809,414,395
ECTOR COUNTY,135,61 Years,1573,796,777,692,349,343,71,34,37,15,4,11,22,12,10,773,397,376
ECTOR COUNTY,135,62 Years,1528,774,754,668,340,328,71,37,34,19,13,6,21,10,11,749,374,375
ECTOR COUNTY,135,63 Years,1443,716,727,673,345,328,61,28,33,11,8,3,19,9,10,679,326,353
ECTOR COUNTY,135,64 Years,1387,677,710,653,329,324,56,24,32,12,4,8,21,10,11,645,310,335
ECTOR COUNTY,135,65 Years,1363,671,692,636,319,317,58,28,30,24,8,16,23,12,11,622,304,318
ECTOR COUNTY,135,66 Years,1323,650,673,634,314,320,53,29,24,21,9,12,20,11,9,595,287,308
ECTOR COUNTY,135,67 Years,1221,598,623,594,291,303,48,25,23,19,9,10,16,10,6,544,263,281
ECTOR COUNTY,135,68 Years,1092,524,568,538,262,276,45,21,24,20,11,9,13,8,5,476,222,254
ECTOR COUNTY,135,69 Years,1028,501,527,508,250,258,38,18,20,13,8,5,12,8,4,457,217,240
ECTOR COUNTY,135,70 Years,971,465,506,495,230,265,32,15,17,7,4,3,13,8,5,424,208,216
ECTOR COUNTY,135,71 Years,894,420,474,451,203,248,33,16,17,7,2,5,11,6,5,392,193,199
ECTOR COUNTY,135,72 Years,866,410,456,436,207,229,32,16,16,6,2,4,11,6,5,381,179,202
ECTOR COUNTY,135,73 Years,800,376,424,419,203,216,30,15,15,6,3,3,9,4,5,336,151,185
ECTOR COUNTY,135,74 Years,741,334,407,404,184,220,24,11,13,5,2,3,7,4,3,301,133,168
ECTOR COUNTY,135,75 Years,707,320,387,398,180,218,20,9,11,5,1,4,7,4,3,277,126,151
ECTOR COUNTY,135,76 Years,631,283,348,339,153,186,19,9,10,5,3,2,7,4,3,261,114,147
ECTOR COUNTY,135,77 Years,579,267,312,310,143,167,20,8,12,3,2,1,7,3,4,239,111,128
ECTOR COUNTY,135,78 Years,544,258,286,307,140,167,19,7,12,4,3,1,7,4,3,207,104,103
ECTOR COUNTY,135,79 Years,501,214,287,287,121,166,15,5,10,7,2,5,8,4,4,184,82,102
ECTOR COUNTY,135,80 Years,447,180,267,265,109,156,14,5,9,5,1,4,6,4,2,157,61,96
ECTOR COUNTY,135,81 Years,417,169,248,243,96,147,12,5,7,3,1,2,6,4,2,153,63,90
ECTOR COUNTY,135,82 Years,364,151,213,203,82,121,15,5,10,3,1,2,7,3,4,136,60,76
ECTOR COUNTY,135,83 Years,338,133,205,198,73,125,16,5,11,2,2,0,5,3,2,117,50,67
ECTOR COUNTY,135,84 Years,325,123,202,199,71,128,11,3,8,1,1,0,4,1,3,110,47,63
ECTOR COUNTY,135,85 Years,291,119,172,172,64,108,11,4,7,3,3,0,4,1,3,101,47,54
ECTOR COUNTY,135,86 Years,258,97,161,154,55,99,10,3,7,4,1,3,4,2,2,86,36,50
ECTOR COUNTY,135,87 Years,229,79,150,141,47,94,8,3,5,3,1,2,3,1,2,74,27,47
ECTOR COUNTY,135,88 Years,198,62,136,125,37,88,8,2,6,0,0,0,4,1,3,61,22,39
ECTOR COUNTY,135,89 Years,168,51,117,109,32,77,7,2,5,0,0,0,3,0,3,49,17,32
ECTOR COUNTY,135,90 Years,143,48,95,92,29,63,6,1,5,0,0,0,4,2,2,41,16,25
ECTOR COUNTY,135,91 Years,124,39,85,80,23,57,5,2,3,0,0,0,3,1,2,36,13,23
ECTOR COUNTY,135,92 Years,107,32,75,70,19,51,6,2,4,0,0,0,1,0,1,30,11,19
ECTOR COUNTY,135,93 Years,89,25,64,57,16,41,6,1,5,1,0,1,0,0,0,25,8,17
ECTOR COUNTY,135,94 Years,68,20,48,44,13,31,4,1,3,0,0,0,0,0,0,20,6,14
ECTOR COUNTY,135,95 Years +,177,50,127,105,28,77,11,3,8,3,1,2,2,0,2,56,18,38
EDWARDS COUNTY,137,All Ages,1393,758,635,595,306,289,6,4,2,0,0,0,3,1,2,789,447,342
EDWARDS COUNTY,137,< 1 Year,15,8,7,5,2,3,0,0,0,0,0,0,0,0,0,10,6,4
EDWARDS COUNTY,137,1 Years,13,7,6,3,2,1,0,0,0,0,0,0,0,0,0,10,5,5
EDWARDS COUNTY,137,2 Years,14,7,7,3,1,2,0,0,0,0,0,0,0,0,0,11,6,5
EDWARDS COUNTY,137,3 Years,18,8,10,6,2,4,0,0,0,0,0,0,0,0,0,12,6,6
EDWARDS COUNTY,137,4 Years,18,7,11,6,2,4,0,0,0,0,0,0,0,0,0,12,5,7
EDWARDS COUNTY,137,5 Years,17,7,10,5,2,3,0,0,0,0,0,0,0,0,0,12,5,7
EDWARDS COUNTY,137,6 Years,16,7,9,4,2,2,0,0,0,0,0,0,0,0,0,12,5,7
EDWARDS COUNTY,137,7 Years,18,9,9,5,3,2,0,0,0,0,0,0,0,0,0,13,6,7
EDWARDS COUNTY,137,8 Years,19,11,8,5,2,3,0,0,0,0,0,0,0,0,0,14,9,5
EDWARDS COUNTY,137,9 Years,17,11,6,3,2,1,0,0,0,0,0,0,0,0,0,14,9,5
EDWARDS COUNTY,137,10 Years,20,13,7,7,4,3,0,0,0,0,0,0,0,0,0,13,9,4
EDWARDS COUNTY,137,11 Years,19,13,6,8,5,3,0,0,0,0,0,0,0,0,0,11,8,3
EDWARDS COUNTY,137,12 Years,19,10,9,7,4,3,0,0,0,0,0,0,0,0,0,12,6,6
EDWARDS COUNTY,137,13 Years,17,9,8,5,3,2,0,0,0,0,0,0,0,0,0,12,6,6
EDWARDS COUNTY,137,14 Years,15,7,8,6,3,3,0,0,0,0,0,0,0,0,0,9,4,5
EDWARDS COUNTY,137,15 Years,13,8,5,5,4,1,0,0,0,0,0,0,0,0,0,8,4,4
EDWARDS COUNTY,137,16 Years,17,11,6,6,4,2,0,0,0,0,0,0,1,1,0,10,6,4
EDWARDS COUNTY,137,17 Years,19,12,7,6,4,2,0,0,0,0,0,0,0,0,0,13,8,5
EDWARDS COUNTY,137,18 Years,17,12,5,5,4,1,0,0,0,0,0,0,0,0,0,12,8,4
EDWARDS COUNTY,137,19 Years,17,9,8,4,2,2,1,0,1,0,0,0,0,0,0,12,7,5
EDWARDS COUNTY,137,20 Years,19,12,7,7,5,2,1,0,1,0,0,0,0,0,0,11,7,4
EDWARDS COUNTY,137,21 Years,15,11,4,4,3,1,0,0,0,0,0,0,0,0,0,11,8,3
EDWARDS COUNTY,137,22 Years,13,8,5,3,2,1,0,0,0,0,0,0,0,0,0,10,6,4
EDWARDS COUNTY,137,23 Years,9,5,4,2,1,1,0,0,0,0,0,0,0,0,0,7,4,3
EDWARDS COUNTY,137,24 Years,7,3,4,0,0,0,0,0,0,0,0,0,0,0,0,7,3,4
EDWARDS COUNTY,137,25 Years,7,2,5,2,0,2,0,0,0,0,0,0,0,0,0,5,2,3
EDWARDS COUNTY,137,26 Years,11,5,6,3,1,2,0,0,0,0,0,0,0,0,0,8,4,4
EDWARDS COUNTY,137,27 Years,10,4,6,3,1,2,0,0,0,0,0,0,0,0,0,7,3,4
EDWARDS COUNTY,137,28 Years,10,5,5,3,1,2,0,0,0,0,0,0,0,0,0,7,4,3
EDWARDS COUNTY,137,29 Years,12,7,5,3,1,2,2,2,0,0,0,0,0,0,0,7,4,3
EDWARDS COUNTY,137,30 Years,14,8,6,3,2,1,1,1,0,0,0,0,0,0,0,10,5,5
EDWARDS COUNTY,137,31 Years,11,7,4,2,2,0,0,0,0,0,0,0,0,0,0,9,5,4
EDWARDS COUNTY,137,32 Years,11,7,4,1,1,0,0,0,0,0,0,0,0,0,0,10,6,4
EDWARDS COUNTY,137,33 Years,11,8,3,2,1,1,0,0,0,0,0,0,0,0,0,9,7,2
EDWARDS COUNTY,137,34 Years,6,5,1,1,1,0,0,0,0,0,0,0,0,0,0,5,4,1
EDWARDS COUNTY,137,35 Years,8,6,2,1,1,0,0,0,0,0,0,0,0,0,0,7,5,2
EDWARDS COUNTY,137,36 Years,13,8,5,4,2,2,0,0,0,0,0,0,0,0,0,9,6,3
EDWARDS COUNTY,137,37 Years,10,6,4,4,2,2,0,0,0,0,0,0,0,0,0,6,4,2
EDWARDS COUNTY,137,38 Years,11,4,7,5,1,4,0,0,0,0,0,0,0,0,0,6,3,3
EDWARDS COUNTY,137,39 Years,29,24,5,4,2,2,0,0,0,0,0,0,0,0,0,25,22,3
EDWARDS COUNTY,137,40 Years,10,7,3,3,2,1,0,0,0,0,0,0,0,0,0,7,5,2
EDWARDS COUNTY,137,41 Years,11,6,5,4,2,2,0,0,0,0,0,0,0,0,0,7,4,3
EDWARDS COUNTY,137,42 Years,9,1,8,4,0,4,0,0,0,0,0,0,0,0,0,5,1,4
EDWARDS COUNTY,137,43 Years,16,6,10,4,2,2,0,0,0,0,0,0,0,0,0,12,4,8
EDWARDS COUNTY,137,44 Years,19,10,9,6,4,2,0,0,0,0,0,0,0,0,0,13,6,7
EDWARDS COUNTY,137,45 Years,14,8,6,7,4,3,0,0,0,0,0,0,0,0,0,7,4,3
EDWARDS COUNTY,137,46 Years,11,6,5,5,2,3,0,0,0,0,0,0,0,0,0,6,4,2
EDWARDS COUNTY,137,47 Years,12,7,5,4,2,2,0,0,0,0,0,0,0,0,0,8,5,3
EDWARDS COUNTY,137,48 Years,14,6,8,4,2,2,0,0,0,0,0,0,0,0,0,10,4,6
EDWARDS COUNTY,137,49 Years,14,6,8,5,3,2,0,0,0,0,0,0,0,0,0,9,3,6
EDWARDS COUNTY,137,50 Years,17,7,10,7,4,3,0,0,0,0,0,0,0,0,0,10,3,7
EDWARDS COUNTY,137,51 Years,17,11,6,6,4,2,0,0,0,0,0,0,0,0,0,11,7,4
EDWARDS COUNTY,137,52 Years,16,10,6,5,2,3,0,0,0,0,0,0,0,0,0,11,8,3
EDWARDS COUNTY,137,53 Years,18,13,5,8,5,3,0,0,0,0,0,0,0,0,0,10,8,2
EDWARDS COUNTY,137,54 Years,17,10,7,9,5,4,0,0,0,0,0,0,0,0,0,8,5,3
EDWARDS COUNTY,137,55 Years,13,5,8,6,3,3,0,0,0,0,0,0,0,0,0,7,2,5
EDWARDS COUNTY,137,56 Years,13,7,6,5,3,2,0,0,0,0,0,0,0,0,0,8,4,4
EDWARDS COUNTY,137,57 Years,19,10,9,9,3,6,0,0,0,0,0,0,0,0,0,10,7,3
EDWARDS COUNTY,137,58 Years,21,10,11,9,3,6,0,0,0,0,0,0,0,0,0,12,7,5
EDWARDS COUNTY,137,59 Years,20,9,11,7,2,5,0,0,0,0,0,0,0,0,0,13,7,6
EDWARDS COUNTY,137,60 Years,20,8,12,7,2,5,0,0,0,0,0,0,0,0,0,13,6,7
EDWARDS COUNTY,137,61 Years,17,7,10,6,1,5,0,0,0,0,0,0,0,0,0,11,6,5
EDWARDS COUNTY,137,62 Years,19,9,10,8,2,6,0,0,0,0,0,0,0,0,0,11,7,4
EDWARDS COUNTY,137,63 Years,18,11,7,10,7,3,0,0,0,0,0,0,1,0,1,7,4,3
EDWARDS COUNTY,137,64 Years,20,12,8,11,6,5,0,0,0,0,0,0,1,0,1,8,6,2
EDWARDS COUNTY,137,65 Years,20,9,11,12,4,8,0,0,0,0,0,0,0,0,0,8,5,3
EDWARDS COUNTY,137,66 Years,21,10,11,14,5,9,1,1,0,0,0,0,0,0,0,6,4,2
EDWARDS COUNTY,137,67 Years,20,10,10,12,6,6,0,0,0,0,0,0,0,0,0,8,4,4
EDWARDS COUNTY,137,68 Years,22,11,11,13,6,7,0,0,0,0,0,0,0,0,0,9,5,4
EDWARDS COUNTY,137,69 Years,28,16,12,18,9,9,0,0,0,0,0,0,0,0,0,10,7,3
EDWARDS COUNTY,137,70 Years,27,14,13,19,9,10,0,0,0,0,0,0,0,0,0,8,5,3
EDWARDS COUNTY,137,71 Years,27,16,11,19,11,8,0,0,0,0,0,0,0,0,0,8,5,3
EDWARDS COUNTY,137,72 Years,24,13,11,14,8,6,0,0,0,0,0,0,0,0,0,10,5,5
EDWARDS COUNTY,137,73 Years,21,11,10,11,6,5,0,0,0,0,0,0,0,0,0,10,5,5
EDWARDS COUNTY,137,74 Years,26,17,9,16,11,5,0,0,0,0,0,0,0,0,0,10,6,4
EDWARDS COUNTY,137,75 Years,24,16,8,15,11,4,0,0,0,0,0,0,0,0,0,9,5,4
EDWARDS COUNTY,137,76 Years,20,12,8,12,8,4,0,0,0,0,0,0,0,0,0,8,4,4
EDWARDS COUNTY,137,77 Years,17,9,8,11,6,5,0,0,0,0,0,0,0,0,0,6,3,3
EDWARDS COUNTY,137,78 Years,17,8,9,12,6,6,0,0,0,0,0,0,0,0,0,5,2,3
EDWARDS COUNTY,137,79 Years,15,8,7,11,6,5,0,0,0,0,0,0,0,0,0,4,2,2
EDWARDS COUNTY,137,80 Years,14,8,6,10,6,4,0,0,0,0,0,0,0,0,0,4,2,2
EDWARDS COUNTY,137,81 Years,12,6,6,8,4,4,0,0,0,0,0,0,0,0,0,4,2,2
EDWARDS COUNTY,137,82 Years,12,5,7,8,4,4,0,0,0,0,0,0,0,0,0,4,1,3
EDWARDS COUNTY,137,83 Years,8,4,4,6,3,3,0,0,0,0,0,0,0,0,0,2,1,1
EDWARDS COUNTY,137,84 Years,6,3,3,5,2,3,0,0,0,0,0,0,0,0,0,1,1,0
EDWARDS COUNTY,137,85 Years,5,3,2,3,2,1,0,0,0,0,0,0,0,0,0,2,1,1
EDWARDS COUNTY,137,86 Years,6,2,4,3,1,2,0,0,0,0,0,0,0,0,0,3,1,2
EDWARDS COUNTY,137,87 Years,5,2,3,4,1,3,0,0,0,0,0,0,0,0,0,1,1,0
EDWARDS COUNTY,137,88 Years,4,2,2,3,1,2,0,0,0,0,0,0,0,0,0,1,1,0
EDWARDS COUNTY,137,89 Years,3,1,2,2,1,1,0,0,0,0,0,0,0,0,0,1,0,1
EDWARDS COUNTY,137,90 Years,4,1,3,3,1,2,0,0,0,0,0,0,0,0,0,1,0,1
EDWARDS COUNTY,137,91 Years,2,1,1,2,1,1,0,0,0,0,0,0,0,0,0,0,0,0
EDWARDS COUNTY,137,92 Years,4,3,1,3,2,1,0,0,0,0,0,0,0,0,0,1,1,0
EDWARDS COUNTY,137,93 Years,3,1,2,2,1,1,0,0,0,0,0,0,0,0,0,1,0,1
EDWARDS COUNTY,137,94 Years,1,0,1,1,0,1,0,0,0,0,0,0,0,0,0,0,0,0
EDWARDS COUNTY,137,95 Years +,5,3,2,3,2,1,0,0,0,0,0,0,0,0,0,2,1,1
ELLIS COUNTY,139,All Ages,219702,108234,111468,130868,63851,67017,22065,10585,11480,1157,500,657,4572,2224,2348,61040,31074,29966
ELLIS COUNTY,139,< 1 Year,1847,942,905,781,398,383,196,100,96,12,6,6,98,50,48,760,388,372
ELLIS COUNTY,139,1 Years,2436,1241,1195,1046,533,513,263,134,129,15,8,7,103,52,51,1009,514,495
ELLIS COUNTY,139,2 Years,2431,1238,1193,1053,536,517,258,131,127,14,8,6,102,52,50,1004,511,493
ELLIS COUNTY,139,3 Years,2710,1390,1320,1282,664,618,270,142,128,11,6,5,115,55,60,1032,523,509
ELLIS COUNTY,139,4 Years,2842,1448,1394,1372,707,665,278,146,132,12,6,6,122,54,68,1058,535,523
ELLIS COUNTY,139,5 Years,2878,1473,1405,1384,711,673,278,141,137,13,6,7,121,59,62,1082,556,526
ELLIS COUNTY,139,6 Years,2935,1507,1428,1429,723,706,274,140,134,13,7,6,115,61,54,1104,576,528
ELLIS COUNTY,139,7 Years,2998,1539,1459,1472,744,728,276,139,137,11,7,4,106,57,49,1133,592,541
ELLIS COUNTY,139,8 Years,3264,1645,1619,1686,849,837,298,150,148,15,6,9,119,61,58,1146,579,567
ELLIS COUNTY,139,9 Years,3265,1645,1620,1698,872,826,299,151,148,16,5,11,124,64,60,1128,553,575
ELLIS COUNTY,139,10 Years,3201,1634,1567,1658,862,796,291,148,143,16,9,7,123,64,59,1113,551,562
ELLIS COUNTY,139,11 Years,3233,1699,1534,1651,877,774,307,164,143,16,10,6,127,73,54,1132,575,557
ELLIS COUNTY,139,12 Years,3376,1763,1613,1713,900,813,337,175,162,19,14,5,111,54,57,1196,620,576
ELLIS COUNTY,139,13 Years,3274,1714,1560,1640,857,783,337,172,165,15,11,4,96,48,48,1186,626,560
ELLIS COUNTY,139,14 Years,3345,1754,1591,1673,870,803,348,175,173,19,11,8,102,56,46,1203,642,561
ELLIS COUNTY,139,15 Years,3464,1798,1666,1756,908,848,347,185,162,22,12,10,102,56,46,1237,637,600
ELLIS COUNTY,139,16 Years,3523,1782,1741,1808,893,915,375,196,179,15,6,9,97,39,58,1228,648,580
ELLIS COUNTY,139,17 Years,3488,1743,1745,1836,899,937,352,179,173,13,6,7,101,36,65,1186,623,563
ELLIS COUNTY,139,18 Years,3148,1582,1566,1560,782,778,334,174,160,14,6,8,74,31,43,1166,589,577
ELLIS COUNTY,139,19 Years,3094,1576,1518,1502,774,728,341,167,174,18,11,7,77,39,38,1156,585,571
ELLIS COUNTY,139,20 Years,3171,1641,1530,1595,846,749,353,165,188,15,8,7,78,42,36,1130,580,550
ELLIS COUNTY,139,21 Years,3056,1598,1458,1571,829,742,347,178,169,24,19,5,73,42,31,1041,530,511
ELLIS COUNTY,139,22 Years,2870,1520,1350,1481,779,702,318,167,151,19,12,7,70,37,33,982,525,457
ELLIS COUNTY,139,23 Years,2592,1363,1229,1336,695,641,288,147,141,15,6,9,62,32,30,891,483,408
ELLIS COUNTY,139,24 Years,2538,1330,1208,1292,671,621,277,143,134,14,8,6,65,33,32,890,475,415
ELLIS COUNTY,139,25 Years,2588,1340,1248,1329,677,652,279,141,138,11,7,4,66,33,33,903,482,421
ELLIS COUNTY,139,26 Years,2701,1396,1305,1409,717,692,310,156,154,13,5,8,65,31,34,904,487,417
ELLIS COUNTY,139,27 Years,2716,1376,1340,1439,722,717,294,147,147,12,5,7,62,30,32,909,472,437
ELLIS COUNTY,139,28 Years,2674,1355,1319,1513,761,752,229,124,105,16,7,9,56,24,32,860,439,421
ELLIS COUNTY,139,29 Years,2687,1348,1339,1522,765,757,236,115,121,18,6,12,60,27,33,851,435,416
ELLIS COUNTY,139,30 Years,2658,1323,1335,1481,738,743,267,129,138,12,4,8,63,29,34,835,423,412
ELLIS COUNTY,139,31 Years,2684,1301,1383,1468,732,736,287,138,149,13,5,8,49,18,31,867,408,459
ELLIS COUNTY,139,32 Years,2666,1298,1368,1396,688,708,295,141,154,13,7,6,41,21,20,921,441,480
ELLIS COUNTY,139,33 Years,3014,1504,1510,1614,796,818,306,148,158,15,9,6,54,32,22,1025,519,506
ELLIS COUNTY,139,34 Years,3014,1513,1501,1675,821,854,294,153,141,25,10,15,52,27,25,968,502,466
ELLIS COUNTY,139,35 Years,2922,1410,1512,1639,787,852,311,139,172,22,9,13,44,13,31,906,462,444
ELLIS COUNTY,139,36 Years,2902,1400,1502,1685,808,877,288,130,158,13,5,8,32,10,22,884,447,437
ELLIS COUNTY,139,37 Years,2879,1359,1520,1670,775,895,295,141,154,12,4,8,28,10,18,874,429,445
ELLIS COUNTY,139,38 Years,3016,1439,1577,1707,798,909,341,168,173,20,6,14,35,11,24,913,456,457
ELLIS COUNTY,139,39 Years,3040,1489,1551,1724,831,893,328,150,178,29,8,21,42,19,23,917,481,436
ELLIS COUNTY,139,40 Years,3043,1443,1600,1721,808,913,334,139,195,25,9,16,41,19,22,922,468,454
ELLIS COUNTY,139,41 Years,3105,1486,1619,1768,841,927,333,152,181,21,5,16,50,24,26,933,464,469
ELLIS COUNTY,139,42 Years,3041,1512,1529,1747,870,877,334,155,179,17,7,10,45,23,22,898,457,441
ELLIS COUNTY,139,43 Years,2825,1399,1426,1627,800,827,321,141,180,13,6,7,46,21,25,818,431,387
ELLIS COUNTY,139,44 Years,2755,1358,1397,1592,780,812,319,146,173,12,4,8,41,14,27,791,414,377
ELLIS COUNTY,139,45 Years,2816,1367,1449,1642,813,829,325,153,172,14,7,7,32,14,18,803,380,423
ELLIS COUNTY,139,46 Years,2875,1394,1481,1686,859,827,317,140,177,18,6,12,40,18,22,814,371,443
ELLIS COUNTY,139,47 Years,2882,1405,1477,1724,871,853,301,128,173,17,5,12,45,19,26,795,382,413
ELLIS COUNTY,139,48 Years,2760,1294,1466,1636,757,879,330,149,181,16,8,8,40,21,19,738,359,379
ELLIS COUNTY,139,49 Years,2738,1315,1423,1639,768,871,349,166,183,15,7,8,42,21,21,693,353,340
ELLIS COUNTY,139,50 Years,2821,1366,1455,1752,851,901,338,150,188,16,5,11,39,22,17,676,338,338
ELLIS COUNTY,139,51 Years,3038,1521,1517,1932,979,953,352,159,193,19,8,11,38,19,19,697,356,341
ELLIS COUNTY,139,52 Years,3047,1511,1536,1957,974,983,344,159,185,20,10,10,37,18,19,689,350,339
ELLIS COUNTY,139,53 Years,2783,1394,1389,1802,898,904,314,155,159,15,8,7,37,19,18,615,314,301
ELLIS COUNTY,139,54 Years,2668,1358,1310,1678,856,822,298,147,151,14,7,7,44,21,23,634,327,307
ELLIS COUNTY,139,55 Years,2681,1353,1328,1699,861,838,286,134,152,14,6,8,39,20,19,643,332,311
ELLIS COUNTY,139,56 Years,2707,1341,1366,1723,855,868,323,138,185,15,4,11,28,14,14,618,330,288
ELLIS COUNTY,139,57 Years,2741,1372,1369,1794,898,896,325,148,177,17,5,12,26,13,13,579,308,271
ELLIS COUNTY,139,58 Years,2716,1365,1351,1871,938,933,294,148,146,16,4,12,34,19,15,501,256,245
ELLIS COUNTY,139,59 Years,2705,1353,1352,1885,941,944,292,146,146,16,5,11,35,20,15,477,241,236
ELLIS COUNTY,139,60 Years,2781,1348,1433,1949,939,1010,289,128,161,14,5,9,29,17,12,500,259,241
ELLIS COUNTY,139,61 Years,2761,1318,1443,1990,941,1049,273,124,149,14,5,9,28,14,14,456,234,222
ELLIS COUNTY,139,62 Years,2733,1304,1429,2015,959,1056,254,118,136,11,2,9,33,15,18,420,210,210
ELLIS COUNTY,139,63 Years,2517,1193,1324,1882,876,1006,221,97,124,9,2,7,35,14,21,370,204,166
ELLIS COUNTY,139,64 Years,2475,1170,1305,1862,870,992,204,91,113,10,3,7,39,18,21,360,188,172
ELLIS COUNTY,139,65 Years,2434,1171,1263,1828,869,959,201,100,101,12,5,7,38,21,17,355,176,179
ELLIS COUNTY,139,66 Years,2361,1168,1193,1781,882,899,201,98,103,12,4,8,30,18,12,337,166,171
ELLIS COUNTY,139,67 Years,2271,1110,1161,1708,834,874,208,100,108,10,3,7,23,13,10,322,160,162
ELLIS COUNTY,139,68 Years,2138,1012,1126,1641,776,865,187,87,100,9,3,6,21,11,10,280,135,145
ELLIS COUNTY,139,69 Years,1966,908,1058,1518,694,824,166,75,91,10,3,7,22,11,11,250,125,125
ELLIS COUNTY,139,70 Years,1837,849,988,1420,650,770,156,72,84,13,4,9,19,9,10,229,114,115
ELLIS COUNTY,139,71 Years,1780,807,973,1384,631,753,142,59,83,8,2,6,22,10,12,224,105,119
ELLIS COUNTY,139,72 Years,1705,783,922,1310,606,704,146,59,87,7,3,4,22,8,14,220,107,113
ELLIS COUNTY,139,73 Years,1623,748,875,1275,584,691,130,64,66,7,3,4,19,8,11,192,89,103
ELLIS COUNTY,139,74 Years,1586,724,862,1274,581,693,107,51,56,7,2,5,20,9,11,178,81,97
ELLIS COUNTY,139,75 Years,1557,705,852,1269,568,701,89,40,49,4,1,3,24,10,14,171,86,85
ELLIS COUNTY,139,76 Years,1291,579,712,1036,456,580,85,35,50,6,3,3,19,10,9,145,75,70
ELLIS COUNTY,139,77 Years,1137,512,625,902,408,494,83,33,50,5,2,3,14,5,9,133,64,69
ELLIS COUNTY,139,78 Years,1075,481,594,871,391,480,70,28,42,4,1,3,13,5,8,117,56,61
ELLIS COUNTY,139,79 Years,998,438,560,813,359,454,63,25,38,3,1,2,15,7,8,104,46,58
ELLIS COUNTY,139,80 Years,884,380,504,732,315,417,52,22,30,1,1,0,11,5,6,88,37,51
ELLIS COUNTY,139,81 Years,791,344,447,661,289,372,44,17,27,3,1,2,7,4,3,76,33,43
ELLIS COUNTY,139,82 Years,727,301,426,612,257,355,35,9,26,4,1,3,7,2,5,69,32,37
ELLIS COUNTY,139,83 Years,658,259,399,566,224,342,29,8,21,4,1,3,6,2,4,53,24,29
ELLIS COUNTY,139,84 Years,582,225,357,498,189,309,29,11,18,1,0,1,7,4,3,47,21,26
ELLIS COUNTY,139,85 Years,498,183,315,421,155,266,27,8,19,2,0,2,7,3,4,41,17,24
ELLIS COUNTY,139,86 Years,436,156,280,372,133,239,20,7,13,3,1,2,6,3,3,35,12,23
ELLIS COUNTY,139,87 Years,392,139,253,332,117,215,21,8,13,2,1,1,3,2,1,34,11,23
ELLIS COUNTY,139,88 Years,348,127,221,292,104,188,19,7,12,1,0,1,4,1,3,32,15,17
ELLIS COUNTY,139,89 Years,284,97,187,237,80,157,15,5,10,0,0,0,5,1,4,27,11,16
ELLIS COUNTY,139,90 Years,247,80,167,210,67,143,11,3,8,0,0,0,3,0,3,23,10,13
ELLIS COUNTY,139,91 Years,220,73,147,189,61,128,11,2,9,0,0,0,1,0,1,19,10,9
ELLIS COUNTY,139,92 Years,193,65,128,162,52,110,12,3,9,0,0,0,2,1,1,17,9,8
ELLIS COUNTY,139,93 Years,140,46,94,115,36,79,9,3,6,0,0,0,2,1,1,14,6,8
ELLIS COUNTY,139,94 Years,109,34,75,91,28,63,6,1,5,0,0,0,2,1,1,10,4,6
ELLIS COUNTY,139,95 Years +,280,74,206,229,57,172,19,5,14,1,0,1,3,0,3,28,12,16
EL PASO COUNTY,141,All Ages,870279,433436,436843,110761,61406,49355,30124,17912,12212,11529,5546,5983,15568,8155,7413,702297,340417,361880
EL PASO COUNTY,141,< 1 Year,12882,6577,6305,1518,778,740,505,259,246,133,68,65,390,198,192,10336,5274,5062
EL PASO COUNTY,141,1 Years,12604,6426,6178,1341,683,658,383,195,188,127,65,62,295,150,145,10458,5333,5125
EL PASO COUNTY,141,2 Years,12642,6443,6199,1360,693,667,383,195,188,125,63,62,296,150,146,10478,5342,5136
EL PASO COUNTY,141,3 Years,12403,6294,6109,1226,636,590,373,189,184,100,51,49,334,153,181,10370,5265,5105
EL PASO COUNTY,141,4 Years,12322,6246,6076,1171,604,567,374,188,186,97,49,48,358,166,192,10322,5239,5083
EL PASO COUNTY,141,5 Years,12667,6443,6224,1256,646,610,413,209,204,109,57,52,393,188,205,10496,5343,5153
EL PASO COUNTY,141,6 Years,13171,6702,6469,1376,706,670,457,230,227,131,68,63,450,222,228,10757,5476,5281
EL PASO COUNTY,141,7 Years,13613,6921,6692,1504,776,728,503,259,244,154,81,73,507,251,256,10945,5554,5391
EL PASO COUNTY,141,8 Years,13459,6847,6612,1285,655,630,427,218,209,147,79,68,414,199,215,11186,5696,5490
EL PASO COUNTY,141,9 Years,13397,6827,6570,1233,628,605,397,202,195,142,77,65,360,172,188,11265,5748,5517
EL PASO COUNTY,141,10 Years,13408,6824,6584,1260,644,616,396,197,199,134,70,64,329,156,173,11289,5757,5532
EL PASO COUNTY,141,11 Years,13380,6826,6554,1255,643,612,394,194,200,126,67,59,303,147,156,11302,5775,5527
EL PASO COUNTY,141,12 Years,12287,6255,6032,1078,549,529,354,194,160,111,58,53,261,119,142,10483,5335,5148
EL PASO COUNTY,141,13 Years,11983,6052,5931,1062,556,506,310,158,152,110,57,53,254,116,138,10247,5165,5082
EL PASO COUNTY,141,14 Years,12173,6108,6065,1086,562,524,324,169,155,114,61,53,271,127,144,10378,5189,5189
EL PASO COUNTY,141,15 Years,12204,6181,6023,1046,551,495,323,172,151,116,65,51,247,119,128,10472,5274,5198
EL PASO COUNTY,141,16 Years,12249,6207,6042,987,516,471,320,159,161,115,59,56,236,115,121,10591,5358,5233
EL PASO COUNTY,141,17 Years,12617,6437,6180,970,501,469,425,214,211,135,80,55,214,104,110,10873,5538,5335
EL PASO COUNTY,141,18 Years,12664,6530,6134,975,529,446,379,200,179,138,84,54,212,112,100,10960,5605,5355
EL PASO COUNTY,141,19 Years,12846,6730,6116,1061,604,457,365,200,165,140,81,59,223,119,104,11057,5726,5331
EL PASO COUNTY,141,20 Years,12930,6822,6108,1062,603,459,381,213,168,181,108,73,217,123,94,11089,5775,5314
EL PASO COUNTY,141,21 Years,13140,6962,6178,1098,660,438,424,243,181,191,115,76,222,125,97,11205,5819,5386
EL PASO COUNTY,141,22 Years,13136,7099,6037,1236,787,449,443,267,176,214,133,81,216,122,94,11027,5790,5237
EL PASO COUNTY,141,23 Years,13781,7551,6230,1937,1292,645,635,399,236,184,119,65,304,190,114,10721,5551,5170
EL PASO COUNTY,141,24 Years,14014,7654,6360,2086,1420,666,716,465,251,176,93,83,317,195,122,10719,5481,5238
EL PASO COUNTY,141,25 Years,13640,7302,6338,1962,1319,643,699,464,235,125,45,80,344,203,141,10510,5271,5239
EL PASO COUNTY,141,26 Years,14150,7650,6500,2115,1395,720,694,448,246,176,86,90,323,185,138,10842,5536,5306
EL PASO COUNTY,141,27 Years,14465,7869,6596,2228,1475,753,701,457,244,202,86,116,295,170,125,11039,5681,5358
EL PASO COUNTY,141,28 Years,13955,7526,6429,1858,1134,724,858,557,301,218,122,96,293,165,128,10728,5548,5180
EL PASO COUNTY,141,29 Years,13799,7394,6405,1830,1091,739,744,469,275,225,125,100,276,156,120,10724,5553,5171
EL PASO COUNTY,141,30 Years,13731,7318,6413,1960,1188,772,630,396,234,189,97,92,244,139,105,10708,5498,5210
EL PASO COUNTY,141,31 Years,14052,7491,6561,2106,1283,823,653,428,225,200,106,94,280,165,115,10813,5509,5304
EL PASO COUNTY,141,32 Years,14060,7496,6564,2416,1474,942,700,464,236,213,108,105,322,191,131,10409,5259,5150
EL PASO COUNTY,141,33 Years,12503,6661,5842,1773,1049,724,608,395,213,225,129,96,238,129,109,9659,4959,4700
EL PASO COUNTY,141,34 Years,11745,6257,5488,1534,887,647,572,375,197,176,99,77,202,102,100,9261,4794,4467
EL PASO COUNTY,141,35 Years,11392,5957,5435,1492,842,650,526,353,173,173,57,116,204,110,94,8997,4595,4402
EL PASO COUNTY,141,36 Years,11418,5936,5482,1485,821,664,527,344,183,213,90,123,205,115,90,8988,4566,4422
EL PASO COUNTY,141,37 Years,11763,6174,5589,1700,992,708,499,327,172,291,157,134,198,115,83,9075,4583,4492
EL PASO COUNTY,141,38 Years,11696,6192,5504,1688,994,694,478,312,166,246,144,102,210,120,90,9074,4622,4452
EL PASO COUNTY,141,39 Years,11307,5867,5440,1552,902,650,477,309,168,205,113,92,197,107,90,8876,4436,4440
EL PASO COUNTY,141,40 Years,11189,5708,5481,1461,831,630,492,319,173,209,93,116,206,113,93,8821,4352,4469
EL PASO COUNTY,141,41 Years,11011,5617,5394,1361,792,569,464,298,166,192,71,121,189,103,86,8805,4353,4452
EL PASO COUNTY,141,42 Years,10642,5381,5261,1282,749,533,452,285,167,196,68,128,182,100,82,8530,4179,4351
EL PASO COUNTY,141,43 Years,9899,4941,4958,1204,705,499,387,245,142,193,92,101,173,100,73,7942,3799,4143
EL PASO COUNTY,141,44 Years,9648,4849,4799,1196,690,506,361,232,129,187,93,94,169,90,79,7735,3744,3991
EL PASO COUNTY,141,45 Years,9694,4845,4849,1138,650,488,354,231,123,154,68,86,185,98,87,7863,3798,4065
EL PASO COUNTY,141,46 Years,9735,4799,4936,1091,612,479,339,217,122,144,66,78,155,81,74,8006,3823,4183
EL PASO COUNTY,141,47 Years,9764,4787,4977,1096,632,464,231,147,84,137,67,70,135,77,58,8165,3864,4301
EL PASO COUNTY,141,48 Years,9899,4796,5103,1036,579,457,296,191,105,154,75,79,124,71,53,8289,3880,4409
EL PASO COUNTY,141,49 Years,10133,4841,5292,1013,564,449,318,202,116,164,75,89,115,61,54,8523,3939,4584
EL PASO COUNTY,141,50 Years,10089,4805,5284,1092,618,474,262,162,100,153,73,80,132,72,60,8450,3880,4570
EL PASO COUNTY,141,51 Years,9818,4697,5121,1140,653,487,241,144,97,149,72,77,118,64,54,8170,3764,4406
EL PASO COUNTY,141,52 Years,9705,4655,5050,1125,643,482,250,146,104,136,65,71,98,51,47,8096,3750,4346
EL PASO COUNTY,141,53 Years,9208,4423,4785,1090,617,473,271,166,105,126,58,68,98,51,47,7623,3531,4092
EL PASO COUNTY,141,54 Years,8893,4254,4639,1047,598,449,280,176,104,134,63,71,95,51,44,7337,3366,3971
EL PASO COUNTY,141,55 Years,8753,4128,4625,1061,610,451,278,172,106,123,60,63,95,54,41,7196,3232,3964
EL PASO COUNTY,141,56 Years,8799,4153,4646,1166,652,514,276,173,103,114,54,60,103,67,36,7140,3207,3933
EL PASO COUNTY,141,57 Years,8981,4214,4767,1192,662,530,281,175,106,128,62,66,97,59,38,7283,3256,4027
EL PASO COUNTY,141,58 Years,8876,4127,4749,1277,697,580,203,118,85,121,52,69,89,43,46,7186,3217,3969
EL PASO COUNTY,141,59 Years,8905,4140,4765,1271,691,580,247,142,105,122,52,70,87,39,48,7178,3216,3962
EL PASO COUNTY,141,60 Years,9020,4171,4849,1308,712,596,276,166,110,103,45,58,89,38,51,7244,3210,4034
EL PASO COUNTY,141,61 Years,9001,4145,4856,1322,715,607,268,171,97,97,39,58,83,37,46,7231,3183,4048
EL PASO COUNTY,141,62 Years,8977,4146,4831,1304,693,611,284,175,109,103,40,63,87,44,43,7199,3194,4005
EL PASO COUNTY,141,63 Years,8575,3923,4652,1249,655,594,263,154,109,99,40,59,88,44,44,6876,3030,3846
EL PASO COUNTY,141,64 Years,8341,3805,4536,1250,653,597,232,140,92,101,42,59,87,46,41,6671,2924,3747
EL PASO COUNTY,141,65 Years,8085,3658,4427,1257,655,602,214,131,83,109,47,62,90,48,42,6415,2777,3638
EL PASO COUNTY,141,66 Years,7926,3557,4369,1236,631,605,212,126,86,95,41,54,81,41,40,6302,2718,3584
EL PASO COUNTY,141,67 Years,7624,3408,4216,1204,611,593,206,116,90,101,41,60,86,41,45,6027,2599,3428
EL PASO COUNTY,141,68 Years,7166,3198,3968,1207,609,598,189,108,81,91,35,56,70,34,36,5609,2412,3197
EL PASO COUNTY,141,69 Years,6816,3024,3792,1208,605,603,180,101,79,87,31,56,70,36,34,5271,2251,3020
EL PASO COUNTY,141,70 Years,6417,2894,3523,1162,597,565,160,90,70,77,26,51,71,30,41,4947,2151,2796
EL PASO COUNTY,141,71 Years,6166,2792,3374,1087,566,521,140,79,61,65,22,43,59,26,33,4815,2099,2716
EL PASO COUNTY,141,72 Years,5935,2671,3264,1067,553,514,131,73,58,80,29,51,45,22,23,4612,1994,2618
EL PASO COUNTY,141,73 Years,5687,2514,3173,1093,552,541,115,68,47,83,30,53,47,20,27,4349,1844,2505
EL PASO COUNTY,141,74 Years,5493,2442,3051,1128,583,545,107,63,44,71,24,47,44,20,24,4143,1752,2391
EL PASO COUNTY,141,75 Years,5222,2352,2870,1127,596,531,105,56,49,70,25,45,40,22,18,3880,1653,2227
EL PASO COUNTY,141,76 Years,4542,2017,2525,916,484,432,94,50,44,62,22,40,38,21,17,3432,1440,1992
EL PASO COUNTY,141,77 Years,4080,1767,2313,782,397,385,92,46,46,48,16,32,33,15,18,3125,1293,1832
EL PASO COUNTY,141,78 Years,3802,1609,2193,765,382,383,92,44,48,40,12,28,29,14,15,2876,1157,1719
EL PASO COUNTY,141,79 Years,3579,1504,2075,755,375,380,87,43,44,33,8,25,33,16,17,2671,1062,1609
EL PASO COUNTY,141,80 Years,3276,1358,1918,704,337,367,80,40,40,35,9,26,29,13,16,2428,959,1469
EL PASO COUNTY,141,81 Years,2977,1181,1796,629,281,348,70,33,37,32,8,24,23,9,14,2223,850,1373
EL PASO COUNTY,141,82 Years,2766,1091,1675,561,247,314,60,26,34,33,7,26,21,8,13,2091,803,1288
EL PASO COUNTY,141,83 Years,2564,991,1573,513,230,283,51,25,26,32,7,25,23,9,14,1945,720,1225
EL PASO COUNTY,141,84 Years,2353,903,1450,476,216,260,46,20,26,30,11,19,17,9,8,1784,647,1137
EL PASO COUNTY,141,85 Years,2137,806,1331,446,199,247,43,17,26,24,8,16,13,7,6,1611,575,1036
EL PASO COUNTY,141,86 Years,1953,725,1228,412,174,238,40,20,20,21,6,15,12,6,6,1468,519,949
EL PASO COUNTY,141,87 Years,1735,631,1104,364,151,213,34,16,18,23,7,16,9,5,4,1305,452,853
EL PASO COUNTY,141,88 Years,1499,532,967,310,124,186,41,17,24,18,3,15,8,4,4,1122,384,738
EL PASO COUNTY,141,89 Years,1318,460,858,273,105,168,37,17,20,19,3,16,9,3,6,980,332,648
EL PASO COUNTY,141,90 Years,1177,415,762,232,93,139,33,15,18,17,3,14,9,3,6,886,301,585
EL PASO COUNTY,141,91 Years,1045,363,682,199,79,120,25,12,13,14,1,13,7,2,5,800,269,531
EL PASO COUNTY,141,92 Years,900,290,610,178,68,110,20,8,12,12,1,11,4,1,3,686,212,474
EL PASO COUNTY,141,93 Years,724,234,490,141,50,91,13,6,7,10,1,9,4,2,2,556,175,381
EL PASO COUNTY,141,94 Years,578,183,395,112,37,75,9,4,5,9,1,8,3,2,1,445,139,306
EL PASO COUNTY,141,95 Years +,1534,462,1072,277,78,199,22,9,13,22,4,18,8,2,6,1205,369,836
ERATH COUNTY,143,All Ages,44043,21490,22553,32037,15366,16671,617,335,282,315,148,167,769,388,381,10305,5253,5052
ERATH COUNTY,143,< 1 Year,585,300,285,358,182,176,13,8,5,4,2,2,27,14,13,183,94,89
ERATH COUNTY,143,1 Years,614,314,300,372,190,182,15,8,7,4,2,2,25,13,12,198,101,97
ERATH COUNTY,143,2 Years,592,303,289,358,183,175,13,7,6,4,2,2,25,13,12,192,98,94
ERATH COUNTY,143,3 Years,517,255,262,292,150,142,7,3,4,6,2,4,17,9,8,195,91,104
ERATH COUNTY,143,4 Years,491,241,250,273,144,129,6,2,4,6,2,4,15,8,7,191,85,106
ERATH COUNTY,143,5 Years,502,252,250,281,149,132,5,2,3,7,4,3,15,9,6,194,88,106
ERATH COUNTY,143,6 Years,499,251,248,284,151,133,4,2,2,7,3,4,15,7,8,189,88,101
ERATH COUNTY,143,7 Years,508,258,250,292,155,137,4,2,2,8,4,4,15,6,9,189,91,98
ERATH COUNTY,143,8 Years,498,257,241,294,155,139,5,3,2,8,2,6,17,7,10,174,90,84
ERATH COUNTY,143,9 Years,508,261,247,303,156,147,7,3,4,6,1,5,18,9,9,174,92,82
ERATH COUNTY,143,10 Years,506,254,252,302,153,149,6,3,3,3,1,2,15,8,7,180,89,91
ERATH COUNTY,143,11 Years,498,254,244,293,147,146,5,2,3,3,1,2,13,8,5,184,96,88
ERATH COUNTY,143,12 Years,494,260,234,294,153,141,3,2,1,3,1,2,12,5,7,182,99,83
ERATH COUNTY,143,13 Years,496,249,247,307,154,153,7,4,3,0,0,0,12,6,6,170,85,85
ERATH COUNTY,143,14 Years,492,250,242,310,158,152,4,4,0,4,0,4,7,5,2,167,83,84
ERATH COUNTY,143,15 Years,497,254,243,312,157,155,3,3,0,2,1,1,8,6,2,172,87,85
ERATH COUNTY,143,16 Years,517,261,256,311,156,155,3,2,1,3,1,2,11,6,5,189,96,93
ERATH COUNTY,143,17 Years,527,270,257,325,173,152,6,0,6,7,2,5,8,3,5,181,92,89
ERATH COUNTY,143,18 Years,916,437,479,613,282,331,26,12,14,14,5,9,14,6,8,249,132,117
ERATH COUNTY,143,19 Years,1192,539,653,820,356,464,34,18,16,12,4,8,17,9,8,309,152,157
ERATH COUNTY,143,20 Years,1075,491,584,770,341,429,23,11,12,8,6,2,10,4,6,264,129,135
ERATH COUNTY,143,21 Years,1313,597,716,998,439,559,48,28,20,7,4,3,13,6,7,247,120,127
ERATH COUNTY,143,22 Years,1520,688,832,1133,495,638,59,39,20,6,3,3,20,10,10,302,141,161
ERATH COUNTY,143,23 Years,1335,655,680,1027,497,530,35,19,16,7,6,1,15,8,7,251,125,126
ERATH COUNTY,143,24 Years,1144,595,549,894,451,443,29,13,16,7,4,3,20,14,6,194,113,81
ERATH COUNTY,143,25 Years,1135,589,546,862,446,416,28,15,13,5,1,4,25,16,9,215,111,104
ERATH COUNTY,143,26 Years,873,447,426,634,328,306,17,10,7,2,0,2,19,12,7,201,97,104
ERATH COUNTY,143,27 Years,783,405,378,575,297,278,11,5,6,2,0,2,19,11,8,176,92,84
ERATH COUNTY,143,28 Years,575,308,267,402,219,183,14,6,8,1,0,1,12,5,7,146,78,68
ERATH COUNTY,143,29 Years,477,251,226,304,158,146,11,6,5,8,5,3,11,6,5,143,76,67
ERATH COUNTY,143,30 Years,422,219,203,252,127,125,7,4,3,6,3,3,11,4,7,146,81,65
ERATH COUNTY,143,31 Years,503,242,261,357,176,181,6,1,5,5,3,2,11,2,9,124,60,64
ERATH COUNTY,143,32 Years,543,257,286,404,195,209,9,6,3,7,5,2,10,4,6,113,47,66
ERATH COUNTY,143,33 Years,528,233,295,381,164,217,8,6,2,5,3,2,8,4,4,126,56,70
ERATH COUNTY,143,34 Years,476,214,262,345,149,196,6,3,3,3,1,2,6,3,3,116,58,58
ERATH COUNTY,143,35 Years,406,202,204,288,138,150,5,3,2,4,2,2,5,3,2,104,56,48
ERATH COUNTY,143,36 Years,346,187,159,222,114,108,5,4,1,3,1,2,5,3,2,111,65,46
ERATH COUNTY,143,37 Years,336,178,158,192,106,86,4,3,1,3,1,2,5,4,1,132,64,68
ERATH COUNTY,143,38 Years,398,197,201,263,130,133,4,3,1,7,4,3,4,2,2,120,58,62
ERATH COUNTY,143,39 Years,443,216,227,316,151,165,6,4,2,8,2,6,6,3,3,107,56,51
ERATH COUNTY,143,40 Years,464,234,230,324,166,158,6,3,3,6,1,5,4,2,2,124,62,62
ERATH COUNTY,143,41 Years,423,221,202,298,151,147,4,1,3,2,1,1,5,2,3,114,66,48
ERATH COUNTY,143,42 Years,417,205,212,291,141,150,5,2,3,3,2,1,5,2,3,113,58,55
ERATH COUNTY,143,43 Years,436,199,237,305,141,164,7,4,3,3,1,2,6,3,3,115,50,65
ERATH COUNTY,143,44 Years,429,216,213,305,157,148,3,1,2,4,3,1,3,2,1,114,53,61
ERATH COUNTY,143,45 Years,432,226,206,318,167,151,3,1,2,4,3,1,3,2,1,104,53,51
ERATH COUNTY,143,46 Years,423,212,211,308,152,156,3,1,2,3,1,2,6,3,3,103,55,48
ERATH COUNTY,143,47 Years,421,212,209,307,150,157,3,0,3,3,2,1,5,2,3,103,58,45
ERATH COUNTY,143,48 Years,401,198,203,302,149,153,3,1,2,3,1,2,4,1,3,89,46,43
ERATH COUNTY,143,49 Years,385,184,201,293,145,148,4,3,1,3,2,1,3,1,2,82,33,49
ERATH COUNTY,143,50 Years,399,184,215,301,148,153,2,2,0,1,1,0,3,1,2,92,32,60
ERATH COUNTY,143,51 Years,420,194,226,313,150,163,2,1,1,3,2,1,4,1,3,98,40,58
ERATH COUNTY,143,52 Years,441,213,228,319,154,165,2,2,0,3,2,1,4,2,2,113,53,60
ERATH COUNTY,143,53 Years,436,212,224,324,156,168,2,1,1,3,1,2,8,3,5,99,51,48
ERATH COUNTY,143,54 Years,437,222,215,328,159,169,3,3,0,3,2,1,5,2,3,98,56,42
ERATH COUNTY,143,55 Years,404,207,197,306,147,159,2,2,0,3,2,1,3,2,1,90,54,36
ERATH COUNTY,143,56 Years,402,190,212,294,131,163,2,1,1,3,2,1,3,2,1,100,54,46
ERATH COUNTY,143,57 Years,452,224,228,331,155,176,2,1,1,3,2,1,4,3,1,112,63,49
ERATH COUNTY,143,58 Years,486,239,247,365,168,197,4,2,2,3,2,1,7,3,4,107,64,43
ERATH COUNTY,143,59 Years,500,249,251,381,178,203,4,2,2,3,1,2,9,6,3,103,62,41
ERATH COUNTY,143,60 Years,518,257,261,401,192,209,4,2,2,4,2,2,7,3,4,102,58,44
ERATH COUNTY,143,61 Years,509,243,266,406,190,216,4,2,2,4,2,2,3,0,3,92,49,43
ERATH COUNTY,143,62 Years,492,245,247,400,192,208,3,1,2,4,2,2,3,2,1,82,48,34
ERATH COUNTY,143,63 Years,482,235,247,402,188,214,2,1,1,3,3,0,3,2,1,72,41,31
ERATH COUNTY,143,64 Years,469,218,251,387,173,214,2,1,1,1,1,0,9,2,7,70,41,29
ERATH COUNTY,143,65 Years,473,227,246,386,177,209,2,1,1,2,2,0,7,2,5,76,45,31
ERATH COUNTY,143,66 Years,458,215,243,387,174,213,2,1,1,2,1,1,4,3,1,63,36,27
ERATH COUNTY,143,67 Years,421,210,211,360,174,186,2,1,1,3,1,2,7,5,2,49,29,20
ERATH COUNTY,143,68 Years,400,209,191,343,172,171,2,1,1,3,2,1,7,5,2,45,29,16
ERATH COUNTY,143,69 Years,401,185,216,347,155,192,2,1,1,1,1,0,8,5,3,43,23,20
ERATH COUNTY,143,70 Years,386,181,205,345,158,187,3,2,1,1,1,0,5,3,2,32,17,15
ERATH COUNTY,143,71 Years,365,177,188,327,153,174,3,2,1,1,1,0,4,2,2,30,19,11
ERATH COUNTY,143,72 Years,366,177,189,323,151,172,2,1,1,1,1,0,8,4,4,32,20,12
ERATH COUNTY,143,73 Years,340,160,180,303,139,164,0,0,0,1,0,1,7,3,4,29,18,11
ERATH COUNTY,143,74 Years,339,161,178,302,141,161,0,0,0,1,0,1,6,3,3,30,17,13
ERATH COUNTY,143,75 Years,335,152,183,306,136,170,2,2,0,1,0,1,4,3,1,22,11,11
ERATH COUNTY,143,76 Years,289,128,161,258,112,146,2,1,1,0,0,0,6,4,2,23,11,12
ERATH COUNTY,143,77 Years,260,115,145,235,105,130,1,0,1,1,0,1,3,1,2,20,9,11
ERATH COUNTY,143,78 Years,234,110,124,214,100,114,0,0,0,1,0,1,3,1,2,16,9,7
ERATH COUNTY,143,79 Years,208,99,109,191,89,102,0,0,0,0,0,0,3,2,1,14,8,6
ERATH COUNTY,143,80 Years,182,82,100,170,76,94,0,0,0,0,0,0,2,1,1,10,5,5
ERATH COUNTY,143,81 Years,172,79,93,158,72,86,0,0,0,0,0,0,3,1,2,11,6,5
ERATH COUNTY,143,82 Years,157,71,86,144,65,79,0,0,0,0,0,0,4,1,3,9,5,4
ERATH COUNTY,143,83 Years,136,59,77,128,56,72,0,0,0,0,0,0,2,0,2,6,3,3
ERATH COUNTY,143,84 Years,134,57,77,124,51,73,1,1,0,0,0,0,2,1,1,7,4,3
ERATH COUNTY,143,85 Years,121,49,72,111,45,66,1,1,0,1,0,1,1,1,0,7,2,5
ERATH COUNTY,143,86 Years,111,44,67,104,42,62,0,0,0,1,0,1,1,0,1,5,2,3
ERATH COUNTY,143,87 Years,101,40,61,95,39,56,0,0,0,1,0,1,1,0,1,4,1,3
ERATH COUNTY,143,88 Years,88,30,58,82,30,52,0,0,0,0,0,0,2,0,2,4,0,4
ERATH COUNTY,143,89 Years,80,28,52,75,27,48,0,0,0,0,0,0,2,0,2,3,1,2
ERATH COUNTY,143,90 Years,71,29,42,66,26,40,0,0,0,0,0,0,2,1,1,3,2,1
ERATH COUNTY,143,91 Years,61,24,37,56,21,35,0,0,0,0,0,0,2,1,1,3,2,1
ERATH COUNTY,143,92 Years,43,15,28,40,14,26,0,0,0,0,0,0,1,0,1,2,1,1
ERATH COUNTY,143,93 Years,41,13,28,37,12,25,0,0,0,0,0,0,1,0,1,3,1,2
ERATH COUNTY,143,94 Years,31,10,21,28,9,19,0,0,0,0,0,0,0,0,0,3,1,2
ERATH COUNTY,143,95 Years +,81,24,57,70,20,50,0,0,0,0,0,0,1,0,1,10,4,6
FALLS COUNTY,145,All Ages,17364,8168,9196,8531,4039,4492,4025,1749,2276,58,23,35,449,191,258,4301,2166,2135
FALLS COUNTY,145,< 1 Year,169,85,84,55,26,29,43,22,21,2,1,1,9,5,4,60,31,29
FALLS COUNTY,145,1 Years,156,79,77,47,24,23,46,23,23,1,1,0,6,3,3,56,28,28
FALLS COUNTY,145,2 Years,161,80,81,51,26,25,46,23,23,1,0,1,7,3,4,56,28,28
FALLS COUNTY,145,3 Years,194,95,99,59,33,26,51,24,27,0,0,0,13,5,8,71,33,38
FALLS COUNTY,145,4 Years,201,99,102,64,34,30,51,24,27,1,0,1,13,6,7,72,35,37
FALLS COUNTY,145,5 Years,209,104,105,71,37,34,54,26,28,1,0,1,10,3,7,73,38,35
FALLS COUNTY,145,6 Years,215,104,111,79,37,42,53,26,27,1,0,1,10,4,6,72,37,35
FALLS COUNTY,145,7 Years,223,108,115,83,39,44,52,25,27,2,1,1,9,3,6,77,40,37
FALLS COUNTY,145,8 Years,230,112,118,84,38,46,46,23,23,2,1,1,13,7,6,85,43,42
FALLS COUNTY,145,9 Years,226,118,108,81,40,41,45,23,22,2,1,1,14,8,6,84,46,38
FALLS COUNTY,145,10 Years,217,110,107,79,39,40,46,23,23,2,1,1,14,7,7,76,40,36
FALLS COUNTY,145,11 Years,203,98,105,76,37,39,45,21,24,1,0,1,13,6,7,68,34,34
FALLS COUNTY,145,12 Years,215,104,111,82,38,44,47,25,22,1,0,1,11,3,8,74,38,36
FALLS COUNTY,145,13 Years,194,100,94,71,35,36,52,28,24,0,0,0,11,4,7,60,33,27
FALLS COUNTY,145,14 Years,196,95,101,74,35,39,51,26,25,1,0,1,8,3,5,62,31,31
FALLS COUNTY,145,15 Years,202,103,99,73,36,37,49,24,25,1,0,1,6,3,3,73,40,33
FALLS COUNTY,145,16 Years,210,105,105,83,42,41,44,20,24,0,0,0,6,3,3,77,40,37
FALLS COUNTY,145,17 Years,196,95,101,81,40,41,40,16,24,0,0,0,7,4,3,68,35,33
FALLS COUNTY,145,18 Years,194,110,84,73,44,29,50,24,26,1,1,0,5,3,2,65,38,27
FALLS COUNTY,145,19 Years,184,104,80,69,41,28,46,26,20,0,0,0,5,2,3,64,35,29
FALLS COUNTY,145,20 Years,224,118,106,87,50,37,52,26,26,0,0,0,7,2,5,78,40,38
FALLS COUNTY,145,21 Years,221,113,108,87,51,36,55,22,33,0,0,0,4,1,3,75,39,36
FALLS COUNTY,145,22 Years,225,119,106,85,48,37,59,28,31,1,0,1,3,0,3,77,43,34
FALLS COUNTY,145,23 Years,227,111,116,87,43,44,63,31,32,1,0,1,5,3,2,71,34,37
FALLS COUNTY,145,24 Years,226,118,108,83,44,39,65,33,32,0,0,0,9,8,1,69,33,36
FALLS COUNTY,145,25 Years,252,121,131,90,47,43,70,31,39,2,0,2,9,5,4,81,38,43
FALLS COUNTY,145,26 Years,240,116,124,83,40,43,72,33,39,3,0,3,9,5,4,73,38,35
FALLS COUNTY,145,27 Years,248,114,134,89,39,50,78,35,43,2,0,2,8,3,5,71,37,34
FALLS COUNTY,145,28 Years,230,101,129,87,38,49,74,31,43,0,0,0,7,3,4,62,29,33
FALLS COUNTY,145,29 Years,253,110,143,90,41,49,85,35,50,0,0,0,13,7,6,65,27,38
FALLS COUNTY,145,30 Years,252,107,145,91,39,52,84,34,50,0,0,0,8,3,5,69,31,38
FALLS COUNTY,145,31 Years,261,113,148,94,40,54,83,34,49,0,0,0,6,1,5,78,38,40
FALLS COUNTY,145,32 Years,240,99,141,87,37,50,73,27,46,0,0,0,7,1,6,73,34,39
FALLS COUNTY,145,33 Years,237,106,131,98,45,53,68,25,43,1,0,1,1,1,0,69,35,34
FALLS COUNTY,145,34 Years,232,100,132,101,47,54,59,20,39,0,0,0,3,0,3,69,33,36
FALLS COUNTY,145,35 Years,231,96,135,103,42,61,58,22,36,1,0,1,0,0,0,69,32,37
FALLS COUNTY,145,36 Years,223,94,129,98,42,56,49,18,31,1,1,0,1,0,1,74,33,41
FALLS COUNTY,145,37 Years,227,100,127,103,45,58,51,19,32,1,1,0,2,2,0,70,33,37
FALLS COUNTY,145,38 Years,219,92,127,101,45,56,55,19,36,0,0,0,5,1,4,58,27,31
FALLS COUNTY,145,39 Years,221,93,128,103,43,60,55,18,37,0,0,0,2,2,0,61,30,31
FALLS COUNTY,145,40 Years,203,86,117,95,40,55,49,16,33,0,0,0,2,1,1,57,29,28
FALLS COUNTY,145,41 Years,200,86,114,97,42,55,47,15,32,0,0,0,0,0,0,56,29,27
FALLS COUNTY,145,42 Years,209,91,118,103,47,56,47,15,32,0,0,0,2,1,1,57,28,29
FALLS COUNTY,145,43 Years,228,108,120,115,53,62,53,21,32,0,0,0,5,3,2,55,31,24
FALLS COUNTY,145,44 Years,203,88,115,113,46,67,43,18,25,0,0,0,2,1,1,45,23,22
FALLS COUNTY,145,45 Years,187,79,108,95,37,58,42,17,25,1,0,1,7,4,3,42,21,21
FALLS COUNTY,145,46 Years,181,74,107,94,37,57,36,14,22,1,0,1,4,2,2,46,21,25
FALLS COUNTY,145,47 Years,187,72,115,93,34,59,40,15,25,1,0,1,3,0,3,50,23,27
FALLS COUNTY,145,48 Years,184,75,109,93,37,56,42,13,29,1,1,0,2,2,0,46,22,24
FALLS COUNTY,145,49 Years,193,82,111,105,47,58,43,15,28,0,0,0,3,0,3,42,20,22
FALLS COUNTY,145,50 Years,175,82,93,98,46,52,42,17,25,1,0,1,1,1,0,33,18,15
FALLS COUNTY,145,51 Years,185,91,94,97,48,49,43,18,25,0,0,0,2,0,2,43,25,18
FALLS COUNTY,145,52 Years,194,95,99,101,51,50,46,18,28,0,0,0,2,0,2,45,26,19
FALLS COUNTY,145,53 Years,187,96,91,93,48,45,47,20,27,1,1,0,1,0,1,45,27,18
FALLS COUNTY,145,54 Years,188,95,93,97,48,49,47,21,26,2,1,1,2,1,1,40,24,16
FALLS COUNTY,145,55 Years,202,95,107,95,46,49,56,21,35,2,1,1,1,0,1,48,27,21
FALLS COUNTY,145,56 Years,213,101,112,101,48,53,58,24,34,0,0,0,1,0,1,53,29,24
FALLS COUNTY,145,57 Years,223,100,123,112,52,60,59,24,35,0,0,0,2,0,2,50,24,26
FALLS COUNTY,145,58 Years,250,116,134,133,63,70,69,34,35,0,0,0,3,1,2,45,18,27
FALLS COUNTY,145,59 Years,257,112,145,144,62,82,62,29,33,0,0,0,5,2,3,46,19,27
FALLS COUNTY,145,60 Years,242,109,133,145,64,81,51,22,29,1,0,1,6,1,5,39,22,17
FALLS COUNTY,145,61 Years,224,109,115,148,72,76,41,17,24,0,0,0,3,1,2,32,19,13
FALLS COUNTY,145,62 Years,239,118,121,162,75,87,41,18,23,1,1,0,1,1,0,34,23,11
FALLS COUNTY,145,63 Years,212,102,110,146,69,77,36,15,21,1,1,0,3,1,2,26,16,10
FALLS COUNTY,145,64 Years,221,107,114,146,76,70,37,14,23,1,1,0,5,2,3,32,14,18
FALLS COUNTY,145,65 Years,216,105,111,135,70,65,41,21,20,1,0,1,4,1,3,35,13,22
FALLS COUNTY,145,66 Years,211,108,103,133,71,62,43,25,18,1,1,0,5,2,3,29,9,20
FALLS COUNTY,145,67 Years,212,111,101,137,67,70,37,24,13,1,1,0,5,2,3,32,17,15
FALLS COUNTY,145,68 Years,206,102,104,137,64,73,38,21,17,0,0,0,3,1,2,28,16,12
FALLS COUNTY,145,69 Years,191,93,98,128,63,65,39,18,21,0,0,0,2,0,2,22,12,10
FALLS COUNTY,145,70 Years,182,81,101,128,59,69,34,14,20,0,0,0,2,0,2,18,8,10
FALLS COUNTY,145,71 Years,179,86,93,124,59,65,28,14,14,1,1,0,4,2,2,22,10,12
FALLS COUNTY,145,72 Years,178,86,92,124,58,66,27,15,12,1,1,0,4,1,3,22,11,11
FALLS COUNTY,145,73 Years,176,86,90,128,65,63,23,9,14,1,1,0,3,1,2,21,10,11
FALLS COUNTY,145,74 Years,169,81,88,125,65,60,23,7,16,1,1,0,3,1,2,17,7,10
FALLS COUNTY,145,75 Years,158,74,84,117,58,59,23,7,16,0,0,0,3,1,2,15,8,7
FALLS COUNTY,145,76 Years,143,74,69,101,52,49,21,9,12,1,0,1,2,2,0,18,11,7
FALLS COUNTY,145,77 Years,135,61,74,99,47,52,20,7,13,0,0,0,3,1,2,13,6,7
FALLS COUNTY,145,78 Years,122,55,67,89,43,46,18,6,12,0,0,0,4,1,3,11,5,6
FALLS COUNTY,145,79 Years,114,59,55,81,41,40,18,9,9,0,0,0,5,3,2,10,6,4
FALLS COUNTY,145,80 Years,108,52,56,76,36,40,17,9,8,0,0,0,4,2,2,11,5,6
FALLS COUNTY,145,81 Years,109,49,60,83,35,48,15,8,7,0,0,0,4,2,2,7,4,3
FALLS COUNTY,145,82 Years,91,40,51,65,28,37,16,6,10,0,0,0,3,1,2,7,5,2
FALLS COUNTY,145,83 Years,88,35,53,63,26,37,15,6,9,1,0,1,3,1,2,6,2,4
FALLS COUNTY,145,84 Years,80,30,50,57,22,35,13,5,8,1,0,1,3,1,2,6,2,4
FALLS COUNTY,145,85 Years,69,29,40,50,22,28,9,3,6,0,0,0,3,1,2,7,3,4
FALLS COUNTY,145,86 Years,60,27,33,44,20,24,9,4,5,0,0,0,2,1,1,5,2,3
FALLS COUNTY,145,87 Years,52,23,29,37,17,20,8,3,5,1,1,0,1,1,0,5,1,4
FALLS COUNTY,145,88 Years,43,18,25,31,14,17,8,3,5,0,0,0,1,0,1,3,1,2
FALLS COUNTY,145,89 Years,40,18,22,29,13,16,6,2,4,0,0,0,1,1,0,4,2,2
FALLS COUNTY,145,90 Years,32,16,16,25,13,12,4,1,3,0,0,0,0,0,0,3,2,1
FALLS COUNTY,145,91 Years,28,11,17,20,9,11,6,1,5,0,0,0,1,1,0,1,0,1
FALLS COUNTY,145,92 Years,25,10,15,17,8,9,5,1,4,0,0,0,1,1,0,2,0,2
FALLS COUNTY,145,93 Years,17,8,9,12,6,6,3,1,2,0,0,0,1,1,0,1,0,1
FALLS COUNTY,145,94 Years,15,6,9,9,4,5,4,1,3,0,0,0,1,0,1,1,1,0
FALLS COUNTY,145,95 Years +,44,16,28,24,9,15,12,5,7,0,0,0,1,0,1,7,2,5
FANNIN COUNTY,147,All Ages,37358,19840,17518,28658,14602,14056,2582,1762,820,175,92,83,1205,626,579,4738,2758,1980
FANNIN COUNTY,147,< 1 Year,369,187,182,243,122,121,18,9,9,2,1,1,22,12,10,84,43,41
FANNIN COUNTY,147,1 Years,366,187,179,236,120,116,19,9,10,3,2,1,20,11,9,88,45,43
FANNIN COUNTY,147,2 Years,369,187,182,240,122,118,18,9,9,2,1,1,20,10,10,89,45,44
FANNIN COUNTY,147,3 Years,366,185,181,253,126,127,18,11,7,1,1,0,20,11,9,74,36,38
FANNIN COUNTY,147,4 Years,368,187,181,256,129,127,18,10,8,1,1,0,23,12,11,70,35,35
FANNIN COUNTY,147,5 Years,372,186,186,258,132,126,15,6,9,2,1,1,26,11,15,71,36,35
FANNIN COUNTY,147,6 Years,388,198,190,271,142,129,17,5,12,1,1,0,26,10,16,73,40,33
FANNIN COUNTY,147,7 Years,400,207,193,283,148,135,16,5,11,1,0,1,24,12,12,76,42,34
FANNIN COUNTY,147,8 Years,434,233,201,307,159,148,18,8,10,0,0,0,25,15,10,84,51,33
FANNIN COUNTY,147,9 Years,434,231,203,302,156,146,18,7,11,0,0,0,25,15,10,89,53,36
FANNIN COUNTY,147,10 Years,432,226,206,299,154,145,19,8,11,0,0,0,24,11,13,90,53,37
FANNIN COUNTY,147,11 Years,438,222,216,306,156,150,18,8,10,0,0,0,23,10,13,91,48,43
FANNIN COUNTY,147,12 Years,475,246,229,337,183,154,20,7,13,0,0,0,27,17,10,91,39,52
FANNIN COUNTY,147,13 Years,488,260,228,344,189,155,18,7,11,2,2,0,32,18,14,92,44,48
FANNIN COUNTY,147,14 Years,464,241,223,326,172,154,14,7,7,2,2,0,29,13,16,93,47,46
FANNIN COUNTY,147,15 Years,482,261,221,333,174,159,17,12,5,3,3,0,23,16,7,106,56,50
FANNIN COUNTY,147,16 Years,489,257,232,348,182,166,17,9,8,2,2,0,22,12,10,100,52,48
FANNIN COUNTY,147,17 Years,489,259,230,358,189,169,25,13,12,2,2,0,17,9,8,87,46,41
FANNIN COUNTY,147,18 Years,506,277,229,369,200,169,31,22,9,2,1,1,19,11,8,85,43,42
FANNIN COUNTY,147,19 Years,471,254,217,344,184,160,31,19,12,0,0,0,17,9,8,79,42,37
FANNIN COUNTY,147,20 Years,509,306,203,360,204,156,43,31,12,2,2,0,25,17,8,79,52,27
FANNIN COUNTY,147,21 Years,485,291,194,326,184,142,48,37,11,7,6,1,15,8,7,89,56,33
FANNIN COUNTY,147,22 Years,469,286,183,313,182,131,44,34,10,6,5,1,17,10,7,89,55,34
FANNIN COUNTY,147,23 Years,428,277,151,271,159,112,60,53,7,4,3,1,11,7,4,82,55,27
FANNIN COUNTY,147,24 Years,422,271,151,279,159,120,52,44,8,2,2,0,12,9,3,77,57,20
FANNIN COUNTY,147,25 Years,430,270,160,282,158,124,51,44,7,2,1,1,13,9,4,82,58,24
FANNIN COUNTY,147,26 Years,435,269,166,293,167,126,46,39,7,3,1,2,14,10,4,79,52,27
FANNIN COUNTY,147,27 Years,481,304,177,331,192,139,56,49,7,3,2,1,9,7,2,82,54,28
FANNIN COUNTY,147,28 Years,471,282,189,310,168,142,53,42,11,0,0,0,26,18,8,82,54,28
FANNIN COUNTY,147,29 Years,473,294,179,321,185,136,50,40,10,1,1,0,23,15,8,78,53,25
FANNIN COUNTY,147,30 Years,480,286,194,332,181,151,56,45,11,1,0,1,18,10,8,73,50,23
FANNIN COUNTY,147,31 Years,490,292,198,338,185,153,61,49,12,1,0,1,9,3,6,81,55,26
FANNIN COUNTY,147,32 Years,486,280,206,344,178,166,53,43,10,2,1,1,9,5,4,78,53,25
FANNIN COUNTY,147,33 Years,490,253,237,346,158,188,51,40,11,1,1,0,12,5,7,80,49,31
FANNIN COUNTY,147,34 Years,452,235,217,327,154,173,42,32,10,2,2,0,12,6,6,69,41,28
FANNIN COUNTY,147,35 Years,421,237,184,290,144,146,43,35,8,3,3,0,17,11,6,68,44,24
FANNIN COUNTY,147,36 Years,434,232,202,305,150,155,38,28,10,1,1,0,9,3,6,81,50,31
FANNIN COUNTY,147,37 Years,444,235,209,305,147,158,44,29,15,1,0,1,11,6,5,83,53,30
FANNIN COUNTY,147,38 Years,446,245,201,314,158,156,45,32,13,1,0,1,18,10,8,68,45,23
FANNIN COUNTY,147,39 Years,483,273,210,362,191,171,48,37,11,2,2,0,9,4,5,62,39,23
FANNIN COUNTY,147,40 Years,472,273,199,343,186,157,51,39,12,2,1,1,12,7,5,64,40,24
FANNIN COUNTY,147,41 Years,473,266,207,354,187,167,44,35,9,1,0,1,12,6,6,62,38,24
FANNIN COUNTY,147,42 Years,468,261,207,352,179,173,40,34,6,0,0,0,7,3,4,69,45,24
FANNIN COUNTY,147,43 Years,475,261,214,345,177,168,39,32,7,10,2,8,8,4,4,73,46,27
FANNIN COUNTY,147,44 Years,454,250,204,335,173,162,32,25,7,6,1,5,11,6,5,70,45,25
FANNIN COUNTY,147,45 Years,433,226,207,311,154,157,30,21,9,7,0,7,13,6,7,72,45,27
FANNIN COUNTY,147,46 Years,425,227,198,310,155,155,34,26,8,3,1,2,7,4,3,71,41,30
FANNIN COUNTY,147,47 Years,406,219,187,311,164,147,33,26,7,1,1,0,4,2,2,57,26,31
FANNIN COUNTY,147,48 Years,474,263,211,365,195,170,39,30,9,3,1,2,12,7,5,55,30,25
FANNIN COUNTY,147,49 Years,486,268,218,371,197,174,39,27,12,5,2,3,14,9,5,57,33,24
FANNIN COUNTY,147,50 Years,461,242,219,356,181,175,35,25,10,8,2,6,10,3,7,52,31,21
FANNIN COUNTY,147,51 Years,471,246,225,369,193,176,33,21,12,6,2,4,14,3,11,49,27,22
FANNIN COUNTY,147,52 Years,515,267,248,411,214,197,33,19,14,6,2,4,14,4,10,51,28,23
FANNIN COUNTY,147,53 Years,487,252,235,387,192,195,44,30,14,3,2,1,12,5,7,41,23,18
FANNIN COUNTY,147,54 Years,453,230,223,360,175,185,41,28,13,1,0,1,12,6,6,39,21,18
FANNIN COUNTY,147,55 Years,458,239,219,367,186,181,37,25,12,5,3,2,9,2,7,40,23,17
FANNIN COUNTY,147,56 Years,492,250,242,402,198,204,34,21,13,4,3,1,10,3,7,42,25,17
FANNIN COUNTY,147,57 Years,492,254,238,407,206,201,26,16,10,5,4,1,11,5,6,43,23,20
FANNIN COUNTY,147,58 Years,526,288,238,430,224,206,37,25,12,4,3,1,14,8,6,41,28,13
FANNIN COUNTY,147,59 Years,531,278,253,450,227,223,33,22,11,5,2,3,15,6,9,28,21,7
FANNIN COUNTY,147,60 Years,521,269,252,447,226,221,32,20,12,3,1,2,13,5,8,26,17,9
FANNIN COUNTY,147,61 Years,519,266,253,451,224,227,25,17,8,2,1,1,11,5,6,30,19,11
FANNIN COUNTY,147,62 Years,541,278,263,467,230,237,26,19,7,1,1,0,11,6,5,36,22,14
FANNIN COUNTY,147,63 Years,525,255,270,447,211,236,30,18,12,1,1,0,11,5,6,36,20,16
FANNIN COUNTY,147,64 Years,502,234,268,428,199,229,29,15,14,1,0,1,14,4,10,30,16,14
FANNIN COUNTY,147,65 Years,487,226,261,421,193,228,27,14,13,1,0,1,15,6,9,23,13,10
FANNIN COUNTY,147,66 Years,491,248,243,431,214,217,24,16,8,1,0,1,13,7,6,22,11,11
FANNIN COUNTY,147,67 Years,463,244,219,410,213,197,22,15,7,1,0,1,11,5,6,19,11,8
FANNIN COUNTY,147,68 Years,423,219,204,373,194,179,22,12,10,0,0,0,11,5,6,17,8,9
FANNIN COUNTY,147,69 Years,412,211,201,370,193,177,20,11,9,0,0,0,9,3,6,13,4,9
FANNIN COUNTY,147,70 Years,400,194,206,357,173,184,18,10,8,2,0,2,10,5,5,13,6,7
FANNIN COUNTY,147,71 Years,373,176,197,331,155,176,17,10,7,1,0,1,11,6,5,13,5,8
FANNIN COUNTY,147,72 Years,375,180,195,338,162,176,18,9,9,0,0,0,7,4,3,12,5,7
FANNIN COUNTY,147,73 Years,393,189,204,356,168,188,18,10,8,1,0,1,5,3,2,13,8,5
FANNIN COUNTY,147,74 Years,370,180,190,337,162,175,14,9,5,1,0,1,6,3,3,12,6,6
FANNIN COUNTY,147,75 Years,361,193,168,324,171,153,14,7,7,2,2,0,10,7,3,11,6,5
FANNIN COUNTY,147,76 Years,308,161,147,276,145,131,12,5,7,1,1,0,10,6,4,9,4,5
FANNIN COUNTY,147,77 Years,293,137,156,264,124,140,12,5,7,0,0,0,8,5,3,9,3,6
FANNIN COUNTY,147,78 Years,273,120,153,249,112,137,12,4,8,0,0,0,5,3,2,7,1,6
FANNIN COUNTY,147,79 Years,252,110,142,229,103,126,13,4,9,0,0,0,5,2,3,5,1,4
FANNIN COUNTY,147,80 Years,236,105,131,221,99,122,9,3,6,0,0,0,4,2,2,2,1,1
FANNIN COUNTY,147,81 Years,195,86,109,182,80,102,9,4,5,0,0,0,3,2,1,1,0,1
FANNIN COUNTY,147,82 Years,177,76,101,162,69,93,8,4,4,0,0,0,4,2,2,3,1,2
FANNIN COUNTY,147,83 Years,174,77,97,159,70,89,7,4,3,0,0,0,5,2,3,3,1,2
FANNIN COUNTY,147,84 Years,165,77,88,155,73,82,7,3,4,0,0,0,2,1,1,1,0,1
FANNIN COUNTY,147,85 Years,137,63,74,125,56,69,6,2,4,0,0,0,1,1,0,5,4,1
FANNIN COUNTY,147,86 Years,124,55,69,108,47,61,6,3,3,0,0,0,4,1,3,6,4,2
FANNIN COUNTY,147,87 Years,113,49,64,104,48,56,3,1,2,0,0,0,3,0,3,3,0,3
FANNIN COUNTY,147,88 Years,96,42,54,91,41,50,1,0,1,0,0,0,2,1,1,2,0,2
FANNIN COUNTY,147,89 Years,83,35,48,80,34,46,1,0,1,0,0,0,2,1,1,0,0,0
FANNIN COUNTY,147,90 Years,65,28,37,61,27,34,3,1,2,0,0,0,1,0,1,0,0,0
FANNIN COUNTY,147,91 Years,52,21,31,49,21,28,2,0,2,0,0,0,1,0,1,0,0,0
FANNIN COUNTY,147,92 Years,41,15,26,38,15,23,1,0,1,0,0,0,1,0,1,1,0,1
FANNIN COUNTY,147,93 Years,35,13,22,31,12,19,3,1,2,0,0,0,0,0,0,1,0,1
FANNIN COUNTY,147,94 Years,27,10,17,24,8,16,2,2,0,0,0,0,0,0,0,1,0,1
FANNIN COUNTY,147,95 Years +,75,29,46,64,24,40,6,3,3,0,0,0,2,1,1,3,1,2
FAYETTE COUNTY,149,All Ages,25716,12571,13145,17646,8610,9036,1813,851,962,60,31,29,410,201,209,5787,2878,2909
FAYETTE COUNTY,149,< 1 Year,271,140,131,131,68,63,23,12,11,1,0,1,12,6,6,104,54,50
FAYETTE COUNTY,149,1 Years,261,133,128,125,63,62,22,11,11,1,1,0,10,6,4,103,52,51
FAYETTE COUNTY,149,2 Years,261,133,128,128,65,63,20,10,10,2,1,1,9,5,4,102,52,50
FAYETTE COUNTY,149,3 Years,261,142,119,126,67,59,19,9,10,1,1,0,12,8,4,103,57,46
FAYETTE COUNTY,149,4 Years,255,141,114,127,69,58,19,9,10,1,1,0,10,7,3,98,55,43
FAYETTE COUNTY,149,5 Years,257,142,115,130,72,58,21,11,10,1,1,0,9,6,3,96,52,44
FAYETTE COUNTY,149,6 Years,272,149,123,141,78,63,25,14,11,1,1,0,7,4,3,98,52,46
FAYETTE COUNTY,149,7 Years,288,149,139,145,78,67,23,14,9,1,1,0,8,3,5,111,53,58
FAYETTE COUNTY,149,8 Years,297,137,160,154,76,78,23,13,10,2,1,1,12,4,8,106,43,63
FAYETTE COUNTY,149,9 Years,280,124,156,146,71,75,21,9,12,2,1,1,11,4,7,100,39,61
FAYETTE COUNTY,149,10 Years,278,124,154,149,71,78,21,9,12,1,0,1,12,4,8,95,40,55
FAYETTE COUNTY,149,11 Years,277,126,151,150,68,82,23,7,16,1,0,1,6,2,4,97,49,48
FAYETTE COUNTY,149,12 Years,307,150,157,165,79,86,24,10,14,0,0,0,6,3,3,112,58,54
FAYETTE COUNTY,149,13 Years,312,156,156,156,79,77,24,10,14,1,0,1,8,3,5,123,64,59
FAYETTE COUNTY,149,14 Years,310,160,150,158,82,76,21,9,12,1,1,0,8,4,4,122,64,58
FAYETTE COUNTY,149,15 Years,309,157,152,162,83,79,20,9,11,1,1,0,6,5,1,120,59,61
FAYETTE COUNTY,149,16 Years,302,146,156,160,77,83,21,12,9,1,1,0,3,2,1,117,54,63
FAYETTE COUNTY,149,17 Years,311,161,150,160,85,75,28,11,17,1,1,0,5,4,1,117,60,57
FAYETTE COUNTY,149,18 Years,293,152,141,134,68,66,35,14,21,0,0,0,7,5,2,117,65,52
FAYETTE COUNTY,149,19 Years,291,148,143,147,79,68,32,12,20,0,0,0,9,6,3,103,51,52
FAYETTE COUNTY,149,20 Years,282,137,145,147,74,73,29,13,16,0,0,0,8,5,3,98,45,53
FAYETTE COUNTY,149,21 Years,281,142,139,147,76,71,25,12,13,0,0,0,6,3,3,103,51,52
FAYETTE COUNTY,149,22 Years,267,138,129,147,77,70,22,10,12,2,1,1,5,3,2,91,47,44
FAYETTE COUNTY,149,23 Years,234,113,121,121,57,64,24,13,11,4,4,0,5,1,4,80,38,42
FAYETTE COUNTY,149,24 Years,234,119,115,131,65,66,23,13,10,1,1,0,6,2,4,73,38,35
FAYETTE COUNTY,149,25 Years,243,128,115,152,78,74,24,15,9,0,0,0,5,3,2,62,32,30
FAYETTE COUNTY,149,26 Years,260,138,122,163,86,77,21,13,8,0,0,0,5,2,3,71,37,34
FAYETTE COUNTY,149,27 Years,266,134,132,168,86,82,18,10,8,0,0,0,4,3,1,76,35,41
FAYETTE COUNTY,149,28 Years,270,133,137,181,93,88,22,8,14,0,0,0,4,3,1,63,29,34
FAYETTE COUNTY,149,29 Years,283,141,142,187,95,92,29,15,14,1,1,0,4,1,3,62,29,33
FAYETTE COUNTY,149,30 Years,286,152,134,185,103,82,32,15,17,2,2,0,4,1,3,63,31,32
FAYETTE COUNTY,149,31 Years,241,133,108,148,84,64,25,11,14,1,1,0,6,5,1,61,32,29
FAYETTE COUNTY,149,32 Years,205,106,99,112,61,51,22,12,10,0,0,0,4,2,2,67,31,36
FAYETTE COUNTY,149,33 Years,245,117,128,142,72,70,23,15,8,0,0,0,3,1,2,77,29,48
FAYETTE COUNTY,149,34 Years,233,103,130,146,64,82,20,12,8,1,1,0,2,1,1,64,25,39
FAYETTE COUNTY,149,35 Years,230,107,123,145,64,81,19,13,6,1,0,1,2,1,1,63,29,34
FAYETTE COUNTY,149,36 Years,236,117,119,149,75,74,19,9,10,0,0,0,3,1,2,65,32,33
FAYETTE COUNTY,149,37 Years,245,121,124,151,79,72,19,8,11,0,0,0,3,1,2,72,33,39
FAYETTE COUNTY,149,38 Years,262,122,140,151,72,79,15,5,10,0,0,0,4,1,3,92,44,48
FAYETTE COUNTY,149,39 Years,275,127,148,155,72,83,20,6,14,1,0,1,4,2,2,95,47,48
FAYETTE COUNTY,149,40 Years,290,137,153,160,81,79,19,8,11,0,0,0,2,1,1,109,47,62
FAYETTE COUNTY,149,41 Years,289,136,153,176,89,87,15,6,9,0,0,0,1,1,0,97,40,57
FAYETTE COUNTY,149,42 Years,283,140,143,175,88,87,18,9,9,0,0,0,3,1,2,87,42,45
FAYETTE COUNTY,149,43 Years,258,132,126,177,90,87,19,11,8,1,0,1,2,0,2,59,31,28
FAYETTE COUNTY,149,44 Years,250,130,120,168,84,84,22,14,8,0,0,0,1,1,0,59,31,28
FAYETTE COUNTY,149,45 Years,240,120,120,156,76,80,23,14,9,1,0,1,2,1,1,58,29,29
FAYETTE COUNTY,149,46 Years,255,134,121,164,86,78,19,9,10,2,0,2,1,1,0,69,38,31
FAYETTE COUNTY,149,47 Years,269,145,124,168,87,81,15,8,7,0,0,0,5,3,2,81,47,34
FAYETTE COUNTY,149,48 Years,255,136,119,156,83,73,16,6,10,3,2,1,5,3,2,75,42,33
FAYETTE COUNTY,149,49 Years,289,144,145,181,91,90,27,13,14,3,2,1,5,3,2,73,35,38
FAYETTE COUNTY,149,50 Years,286,149,137,190,99,91,24,14,10,1,0,1,6,5,1,65,31,34
FAYETTE COUNTY,149,51 Years,282,143,139,196,98,98,23,13,10,1,0,1,1,1,0,61,31,30
FAYETTE COUNTY,149,52 Years,285,142,143,208,105,103,18,9,9,0,0,0,2,0,2,57,28,29
FAYETTE COUNTY,149,53 Years,250,121,129,185,89,96,13,6,7,0,0,0,2,0,2,50,26,24
FAYETTE COUNTY,149,54 Years,261,120,141,185,85,100,13,6,7,0,0,0,4,2,2,59,27,32
FAYETTE COUNTY,149,55 Years,249,122,127,178,90,88,14,7,7,0,0,0,6,2,4,51,23,28
FAYETTE COUNTY,149,56 Years,274,143,131,187,96,91,18,8,10,0,0,0,5,1,4,64,38,26
FAYETTE COUNTY,149,57 Years,313,151,162,217,101,116,27,12,15,1,0,1,6,2,4,62,36,26
FAYETTE COUNTY,149,58 Years,361,171,190,269,125,144,31,14,17,2,1,1,6,3,3,53,28,25
FAYETTE COUNTY,149,59 Years,391,181,210,301,142,159,28,12,16,1,0,1,6,2,4,55,25,30
FAYETTE COUNTY,149,60 Years,409,187,222,318,142,176,26,11,15,1,0,1,4,2,2,60,32,28
FAYETTE COUNTY,149,61 Years,421,204,217,331,161,170,32,12,20,0,0,0,3,2,1,55,29,26
FAYETTE COUNTY,149,62 Years,410,202,208,326,159,167,28,12,16,1,1,0,5,2,3,50,28,22
FAYETTE COUNTY,149,63 Years,406,197,209,329,157,172,24,13,11,2,1,1,3,1,2,48,25,23
FAYETTE COUNTY,149,64 Years,405,195,210,328,152,176,24,15,9,1,0,1,3,1,2,49,27,22
FAYETTE COUNTY,149,65 Years,393,192,201,320,152,168,21,14,7,0,0,0,4,1,3,48,25,23
FAYETTE COUNTY,149,66 Years,418,209,209,344,173,171,24,13,11,1,0,1,3,1,2,46,22,24
FAYETTE COUNTY,149,67 Years,435,215,220,356,179,177,25,8,17,1,0,1,4,1,3,49,27,22
FAYETTE COUNTY,149,68 Years,447,211,236,373,174,199,27,11,16,1,0,1,4,2,2,42,24,18
FAYETTE COUNTY,149,69 Years,426,193,233,359,166,193,27,10,17,0,0,0,5,1,4,35,16,19
FAYETTE COUNTY,149,70 Years,389,186,203,328,160,168,26,9,17,0,0,0,4,2,2,31,15,16
FAYETTE COUNTY,149,71 Years,373,188,185,313,162,151,23,8,15,0,0,0,5,1,4,32,17,15
FAYETTE COUNTY,149,72 Years,367,181,186,313,154,159,20,7,13,0,0,0,2,1,1,32,19,13
FAYETTE COUNTY,149,73 Years,354,169,185,312,146,166,15,8,7,0,0,0,1,1,0,26,14,12
FAYETTE COUNTY,149,74 Years,327,165,162,294,147,147,11,5,6,1,0,1,2,2,0,19,11,8
FAYETTE COUNTY,149,75 Years,331,162,169,300,144,156,10,4,6,0,0,0,3,2,1,18,12,6
FAYETTE COUNTY,149,76 Years,302,145,157,267,126,141,11,5,6,0,0,0,3,2,1,21,12,9
FAYETTE COUNTY,149,77 Years,277,135,142,239,116,123,12,6,6,0,0,0,5,2,3,21,11,10
FAYETTE COUNTY,149,78 Years,261,116,145,234,104,130,8,4,4,0,0,0,3,1,2,16,7,9
FAYETTE COUNTY,149,79 Years,246,111,135,220,99,121,6,3,3,0,0,0,4,2,2,16,7,9
FAYETTE COUNTY,149,80 Years,222,116,106,197,103,94,8,4,4,0,0,0,3,1,2,14,8,6
FAYETTE COUNTY,149,81 Years,194,93,101,173,82,91,7,4,3,0,0,0,2,0,2,12,7,5
FAYETTE COUNTY,149,82 Years,183,84,99,166,77,89,8,3,5,0,0,0,1,0,1,8,4,4
FAYETTE COUNTY,149,83 Years,175,77,98,159,71,88,10,5,5,0,0,0,1,0,1,5,1,4
FAYETTE COUNTY,149,84 Years,160,75,85,144,67,77,8,5,3,0,0,0,1,1,0,7,2,5
FAYETTE COUNTY,149,85 Years,146,70,76,130,63,67,7,4,3,0,0,0,0,0,0,9,3,6
FAYETTE COUNTY,149,86 Years,123,57,66,113,53,60,4,2,2,0,0,0,0,0,0,6,2,4
FAYETTE COUNTY,149,87 Years,109,45,64,97,42,55,6,1,5,0,0,0,0,0,0,6,2,4
FAYETTE COUNTY,149,88 Years,104,37,67,93,34,59,6,1,5,1,0,1,1,1,0,3,1,2
FAYETTE COUNTY,149,89 Years,91,30,61,82,28,54,6,1,5,0,0,0,0,0,0,3,1,2
FAYETTE COUNTY,149,90 Years,80,29,51,74,28,46,4,0,4,0,0,0,0,0,0,2,1,1
FAYETTE COUNTY,149,91 Years,66,20,46,61,20,41,3,0,3,0,0,0,0,0,0,2,0,2
FAYETTE COUNTY,149,92 Years,59,19,40,54,18,36,3,0,3,0,0,0,1,1,0,1,0,1
FAYETTE COUNTY,149,93 Years,52,17,35,47,16,31,3,0,3,0,0,0,0,0,0,2,1,1
FAYETTE COUNTY,149,94 Years,42,13,29,36,12,24,3,0,3,0,0,0,0,0,0,3,1,2
FAYETTE COUNTY,149,95 Years +,112,31,81,97,27,70,9,1,8,0,0,0,2,1,1,4,2,2
FISHER COUNTY,151,All Ages,3580,1792,1788,2316,1168,1148,120,62,58,5,2,3,31,11,20,1108,549,559
FISHER COUNTY,151,< 1 Year,37,16,21,20,10,10,2,0,2,0,0,0,1,0,1,14,6,8
FISHER COUNTY,151,1 Years,38,19,19,20,11,9,1,0,1,0,0,0,1,0,1,16,8,8
FISHER COUNTY,151,2 Years,39,19,20,20,10,10,1,0,1,0,0,0,1,0,1,17,9,8
FISHER COUNTY,151,3 Years,35,17,18,15,8,7,1,0,1,0,0,0,0,0,0,19,9,10
FISHER COUNTY,151,4 Years,37,20,17,17,9,8,1,0,1,0,0,0,0,0,0,19,11,8
FISHER COUNTY,151,5 Years,36,18,18,17,8,9,1,0,1,0,0,0,0,0,0,18,10,8
FISHER COUNTY,151,6 Years,39,22,17,21,11,10,1,0,1,0,0,0,0,0,0,17,11,6
FISHER COUNTY,151,7 Years,43,24,19,25,13,12,2,1,1,0,0,0,0,0,0,16,10,6
FISHER COUNTY,151,8 Years,55,27,28,36,18,18,2,1,1,0,0,0,0,0,0,17,8,9
FISHER COUNTY,151,9 Years,53,25,28,34,17,17,2,1,1,0,0,0,0,0,0,17,7,10
FISHER COUNTY,151,10 Years,43,19,24,26,11,15,2,1,1,0,0,0,0,0,0,15,7,8
FISHER COUNTY,151,11 Years,44,21,23,26,12,14,2,1,1,0,0,0,0,0,0,16,8,8
FISHER COUNTY,151,12 Years,52,24,28,29,13,16,2,1,1,0,0,0,2,0,2,19,10,9
FISHER COUNTY,151,13 Years,44,19,25,22,7,15,0,0,0,0,0,0,1,0,1,21,12,9
FISHER COUNTY,151,14 Years,46,26,20,27,17,10,0,0,0,0,0,0,1,0,1,18,9,9
FISHER COUNTY,151,15 Years,52,28,24,33,21,12,0,0,0,0,0,0,0,0,0,19,7,12
FISHER COUNTY,151,16 Years,52,27,25,34,19,15,0,0,0,0,0,0,1,0,1,17,8,9
FISHER COUNTY,151,17 Years,45,21,24,26,13,13,1,1,0,0,0,0,1,0,1,17,7,10
FISHER COUNTY,151,18 Years,40,25,15,23,14,9,3,3,0,0,0,0,1,1,0,13,7,6
FISHER COUNTY,151,19 Years,35,21,14,22,14,8,1,1,0,0,0,0,0,0,0,12,6,6
FISHER COUNTY,151,20 Years,38,21,17,26,15,11,1,0,1,0,0,0,0,0,0,11,6,5
FISHER COUNTY,151,21 Years,35,17,18,24,13,11,2,0,2,0,0,0,0,0,0,9,4,5
FISHER COUNTY,151,22 Years,30,12,18,18,7,11,1,0,1,0,0,0,0,0,0,11,5,6
FISHER COUNTY,151,23 Years,27,16,11,16,8,8,1,1,0,0,0,0,0,0,0,10,7,3
FISHER COUNTY,151,24 Years,29,16,13,15,8,7,2,1,1,0,0,0,0,0,0,12,7,5
FISHER COUNTY,151,25 Years,32,18,14,17,10,7,2,2,0,0,0,0,0,0,0,13,6,7
FISHER COUNTY,151,26 Years,31,20,11,18,12,6,0,0,0,0,0,0,0,0,0,13,8,5
FISHER COUNTY,151,27 Years,40,22,18,22,11,11,2,1,1,0,0,0,0,0,0,16,10,6
FISHER COUNTY,151,28 Years,47,26,21,28,17,11,2,1,1,1,0,1,0,0,0,16,8,8
FISHER COUNTY,151,29 Years,53,27,26,33,20,13,2,0,2,0,0,0,2,1,1,16,6,10
FISHER COUNTY,151,30 Years,45,22,23,28,14,14,2,1,1,0,0,0,1,0,1,14,7,7
FISHER COUNTY,151,31 Years,37,18,19,20,8,12,2,1,1,0,0,0,1,0,1,14,9,5
FISHER COUNTY,151,32 Years,32,18,14,19,10,9,3,2,1,0,0,0,0,0,0,10,6,4
FISHER COUNTY,151,33 Years,35,18,17,21,10,11,2,2,0,0,0,0,0,0,0,12,6,6
FISHER COUNTY,151,34 Years,43,23,20,30,15,15,2,2,0,0,0,0,0,0,0,11,6,5
FISHER COUNTY,151,35 Years,40,21,19,25,12,13,3,3,0,0,0,0,0,0,0,12,6,6
FISHER COUNTY,151,36 Years,34,16,18,23,10,13,3,3,0,0,0,0,0,0,0,8,3,5
FISHER COUNTY,151,37 Years,39,16,23,22,12,10,1,1,0,0,0,0,0,0,0,16,3,13
FISHER COUNTY,151,38 Years,41,18,23,23,12,11,1,1,0,0,0,0,0,0,0,17,5,12
FISHER COUNTY,151,39 Years,49,26,23,27,13,14,1,1,0,0,0,0,0,0,0,21,12,9
FISHER COUNTY,151,40 Years,41,22,19,25,12,13,1,1,0,0,0,0,0,0,0,15,9,6
FISHER COUNTY,151,41 Years,41,18,23,25,12,13,1,1,0,0,0,0,1,0,1,14,5,9
FISHER COUNTY,151,42 Years,34,17,17,23,13,10,1,1,0,1,0,1,0,0,0,9,3,6
FISHER COUNTY,151,43 Years,27,15,12,21,12,9,0,0,0,0,0,0,0,0,0,6,3,3
FISHER COUNTY,151,44 Years,34,16,18,28,12,16,0,0,0,0,0,0,0,0,0,6,4,2
FISHER COUNTY,151,45 Years,41,25,16,27,14,13,0,0,0,0,0,0,0,0,0,14,11,3
FISHER COUNTY,151,46 Years,42,26,16,25,14,11,0,0,0,0,0,0,2,0,2,15,12,3
FISHER COUNTY,151,47 Years,35,16,19,19,9,10,1,1,0,0,0,0,0,0,0,15,6,9
FISHER COUNTY,151,48 Years,31,11,20,18,6,12,2,0,2,0,0,0,0,0,0,11,5,6
FISHER COUNTY,151,49 Years,34,16,18,19,8,11,1,0,1,0,0,0,0,0,0,14,8,6
FISHER COUNTY,151,50 Years,40,21,19,22,10,12,3,2,1,0,0,0,0,0,0,15,9,6
FISHER COUNTY,151,51 Years,45,20,25,29,12,17,1,0,1,0,0,0,0,0,0,15,8,7
FISHER COUNTY,151,52 Years,43,20,23,29,13,16,2,1,1,0,0,0,0,0,0,12,6,6
FISHER COUNTY,151,53 Years,41,21,20,31,17,14,2,1,1,0,0,0,0,0,0,8,3,5
FISHER COUNTY,151,54 Years,38,20,18,26,15,11,2,1,1,0,0,0,0,0,0,10,4,6
FISHER COUNTY,151,55 Years,41,22,19,27,17,10,2,0,2,0,0,0,1,1,0,11,4,7
FISHER COUNTY,151,56 Years,39,19,20,27,14,13,2,1,1,0,0,0,0,0,0,10,4,6
FISHER COUNTY,151,57 Years,41,23,18,27,15,12,3,1,2,0,0,0,0,0,0,11,7,4
FISHER COUNTY,151,58 Years,45,25,20,28,16,12,3,1,2,0,0,0,0,0,0,14,8,6
FISHER COUNTY,151,59 Years,52,26,26,34,19,15,3,1,2,0,0,0,2,0,2,13,6,7
FISHER COUNTY,151,60 Years,53,25,28,38,20,18,1,0,1,0,0,0,1,0,1,13,5,8
FISHER COUNTY,151,61 Years,49,25,24,34,20,14,1,0,1,1,0,1,0,0,0,13,5,8
FISHER COUNTY,151,62 Years,54,31,23,37,21,16,3,3,0,0,0,0,0,0,0,14,7,7
FISHER COUNTY,151,63 Years,53,30,23,36,21,15,2,1,1,1,1,0,1,1,0,13,6,7
FISHER COUNTY,151,64 Years,51,25,26,35,16,19,3,3,0,1,1,0,0,0,0,12,5,7
FISHER COUNTY,151,65 Years,48,19,29,33,13,20,1,1,0,0,0,0,0,0,0,14,5,9
FISHER COUNTY,151,66 Years,52,25,27,37,17,20,1,1,0,0,0,0,0,0,0,14,7,7
FISHER COUNTY,151,67 Years,54,29,25,37,19,18,0,0,0,0,0,0,1,1,0,16,9,7
FISHER COUNTY,151,68 Years,57,30,27,41,20,21,0,0,0,0,0,0,1,1,0,15,9,6
FISHER COUNTY,151,69 Years,52,27,25,36,18,18,1,1,0,0,0,0,0,0,0,15,8,7
FISHER COUNTY,151,70 Years,51,26,25,38,18,20,0,0,0,0,0,0,1,1,0,12,7,5
FISHER COUNTY,151,71 Years,46,22,24,37,18,19,0,0,0,0,0,0,0,0,0,9,4,5
FISHER COUNTY,151,72 Years,49,25,24,35,17,18,0,0,0,0,0,0,1,1,0,13,7,6
FISHER COUNTY,151,73 Years,42,20,22,31,14,17,0,0,0,0,0,0,1,1,0,10,5,5
FISHER COUNTY,151,74 Years,40,18,22,32,16,16,1,0,1,0,0,0,0,0,0,7,2,5
FISHER COUNTY,151,75 Years,39,22,17,30,19,11,2,1,1,0,0,0,0,0,0,7,2,5
FISHER COUNTY,151,76 Years,38,21,17,27,15,12,2,1,1,0,0,0,0,0,0,9,5,4
FISHER COUNTY,151,77 Years,32,17,15,24,12,12,1,0,1,0,0,0,0,0,0,7,5,2
FISHER COUNTY,151,78 Years,29,17,12,22,11,11,1,1,0,0,0,0,1,1,0,5,4,1
FISHER COUNTY,151,79 Years,26,12,14,19,8,11,2,0,2,0,0,0,1,1,0,4,3,1
FISHER COUNTY,151,80 Years,25,10,15,18,7,11,1,0,1,0,0,0,1,0,1,5,3,2
FISHER COUNTY,151,81 Years,24,9,15,19,7,12,0,0,0,0,0,0,1,0,1,4,2,2
FISHER COUNTY,151,82 Years,22,8,14,18,6,12,0,0,0,0,0,0,0,0,0,4,2,2
FISHER COUNTY,151,83 Years,28,10,18,24,8,16,1,1,0,0,0,0,0,0,0,3,1,2
FISHER COUNTY,151,84 Years,23,8,15,19,6,13,1,1,0,0,0,0,0,0,0,3,1,2
FISHER COUNTY,151,85 Years,22,9,13,18,8,10,0,0,0,0,0,0,0,0,0,4,1,3
FISHER COUNTY,151,86 Years,21,8,13,15,7,8,2,0,2,0,0,0,0,0,0,4,1,3
FISHER COUNTY,151,87 Years,17,8,9,13,7,6,0,0,0,0,0,0,0,0,0,4,1,3
FISHER COUNTY,151,88 Years,13,6,7,11,6,5,0,0,0,0,0,0,0,0,0,2,0,2
FISHER COUNTY,151,89 Years,9,6,3,8,6,2,0,0,0,0,0,0,0,0,0,1,0,1
FISHER COUNTY,151,90 Years,9,4,5,6,3,3,1,0,1,0,0,0,0,0,0,2,1,1
FISHER COUNTY,151,91 Years,7,3,4,5,3,2,0,0,0,0,0,0,0,0,0,2,0,2
FISHER COUNTY,151,92 Years,9,2,7,5,2,3,1,0,1,0,0,0,0,0,0,3,0,3
FISHER COUNTY,151,93 Years,8,2,6,6,2,4,1,0,1,0,0,0,0,0,0,1,0,1
FISHER COUNTY,151,94 Years,7,1,6,5,1,4,0,0,0,0,0,0,0,0,0,2,0,2
FISHER COUNTY,151,95 Years +,14,4,10,9,3,6,0,0,0,0,0,0,0,0,0,5,1,4
FLOYD COUNTY,153,All Ages,5174,2627,2547,1718,859,859,192,99,93,2,1,1,52,32,20,3210,1636,1574
FLOYD COUNTY,153,< 1 Year,68,36,32,15,9,6,2,1,1,0,0,0,1,0,1,50,26,24
FLOYD COUNTY,153,1 Years,71,37,34,13,7,6,2,1,1,0,0,0,1,1,0,55,28,27
FLOYD COUNTY,153,2 Years,72,36,36,14,7,7,2,1,1,0,0,0,1,0,1,55,28,27
FLOYD COUNTY,153,3 Years,71,33,38,20,7,13,2,2,0,0,0,0,0,0,0,49,24,25
FLOYD COUNTY,153,4 Years,73,34,39,22,9,13,4,2,2,0,0,0,0,0,0,47,23,24
FLOYD COUNTY,153,5 Years,73,32,41,21,8,13,4,1,3,0,0,0,0,0,0,48,23,25
FLOYD COUNTY,153,6 Years,72,35,37,17,9,8,4,1,3,0,0,0,1,0,1,50,25,25
FLOYD COUNTY,153,7 Years,68,33,35,14,7,7,3,2,1,0,0,0,1,0,1,50,24,26
FLOYD COUNTY,153,8 Years,66,31,35,12,5,7,2,1,1,0,0,0,0,0,0,52,25,27
FLOYD COUNTY,153,9 Years,72,34,38,14,6,8,3,2,1,0,0,0,0,0,0,55,26,29
FLOYD COUNTY,153,10 Years,72,33,39,16,6,10,2,1,1,0,0,0,0,0,0,54,26,28
FLOYD COUNTY,153,11 Years,72,33,39,16,6,10,2,1,1,0,0,0,0,0,0,54,26,28
FLOYD COUNTY,153,12 Years,75,39,36,16,10,6,2,0,2,0,0,0,0,0,0,57,29,28
FLOYD COUNTY,153,13 Years,78,39,39,18,11,7,1,0,1,0,0,0,0,0,0,59,28,31
FLOYD COUNTY,153,14 Years,88,45,43,19,9,10,1,0,1,0,0,0,2,2,0,66,34,32
FLOYD COUNTY,153,15 Years,84,45,39,16,8,8,3,2,1,0,0,0,1,1,0,64,34,30
FLOYD COUNTY,153,16 Years,84,49,35,16,10,6,3,2,1,1,0,1,0,0,0,64,37,27
FLOYD COUNTY,153,17 Years,86,46,40,15,8,7,4,3,1,0,0,0,0,0,0,67,35,32
FLOYD COUNTY,153,18 Years,79,43,36,14,8,6,3,3,0,0,0,0,0,0,0,62,32,30
FLOYD COUNTY,153,19 Years,78,45,33,16,11,5,3,2,1,0,0,0,1,1,0,58,31,27
FLOYD COUNTY,153,20 Years,76,43,33,14,10,4,3,1,2,0,0,0,1,1,0,58,31,27
FLOYD COUNTY,153,21 Years,69,38,31,12,7,5,3,2,1,0,0,0,0,0,0,54,29,25
FLOYD COUNTY,153,22 Years,67,37,30,11,6,5,3,2,1,0,0,0,2,0,2,51,29,22
FLOYD COUNTY,153,23 Years,53,26,27,8,4,4,4,3,1,0,0,0,0,0,0,41,19,22
FLOYD COUNTY,153,24 Years,52,27,25,8,5,3,2,1,1,0,0,0,3,3,0,39,18,21
FLOYD COUNTY,153,25 Years,54,24,30,12,6,6,1,0,1,0,0,0,1,1,0,40,17,23
FLOYD COUNTY,153,26 Years,53,25,28,14,6,8,1,0,1,0,0,0,0,0,0,38,19,19
FLOYD COUNTY,153,27 Years,56,30,26,16,8,8,2,1,1,0,0,0,0,0,0,38,21,17
FLOYD COUNTY,153,28 Years,62,30,32,16,7,9,2,2,0,0,0,0,0,0,0,44,21,23
FLOYD COUNTY,153,29 Years,66,34,32,14,7,7,4,3,1,0,0,0,0,0,0,48,24,24
FLOYD COUNTY,153,30 Years,64,34,30,17,10,7,2,1,1,0,0,0,1,1,0,44,22,22
FLOYD COUNTY,153,31 Years,50,27,23,12,8,4,3,2,1,0,0,0,0,0,0,35,17,18
FLOYD COUNTY,153,32 Years,50,23,27,11,8,3,3,2,1,0,0,0,0,0,0,36,13,23
FLOYD COUNTY,153,33 Years,55,25,30,15,8,7,2,1,1,0,0,0,1,0,1,37,16,21
FLOYD COUNTY,153,34 Years,59,34,25,16,9,7,1,1,0,0,0,0,1,0,1,41,24,17
FLOYD COUNTY,153,35 Years,54,30,24,18,10,8,1,0,1,0,0,0,1,0,1,34,20,14
FLOYD COUNTY,153,36 Years,54,26,28,18,9,9,1,0,1,0,0,0,0,0,0,35,17,18
FLOYD COUNTY,153,37 Years,55,28,27,18,10,8,1,0,1,0,0,0,0,0,0,36,18,18
FLOYD COUNTY,153,38 Years,55,27,28,17,8,9,1,0,1,0,0,0,0,0,0,37,19,18
FLOYD COUNTY,153,39 Years,59,31,28,15,7,8,2,1,1,0,0,0,0,0,0,42,23,19
FLOYD COUNTY,153,40 Years,60,34,26,18,9,9,2,1,1,0,0,0,0,0,0,40,24,16
FLOYD COUNTY,153,41 Years,69,30,39,19,9,10,1,0,1,0,0,0,1,0,1,48,21,27
FLOYD COUNTY,153,42 Years,64,29,35,18,9,9,1,0,1,0,0,0,1,0,1,44,20,24
FLOYD COUNTY,153,43 Years,53,30,23,15,9,6,0,0,0,0,0,0,1,1,0,37,20,17
FLOYD COUNTY,153,44 Years,54,30,24,16,9,7,4,3,1,0,0,0,0,0,0,34,18,16
FLOYD COUNTY,153,45 Years,52,29,23,16,11,5,2,0,2,0,0,0,0,0,0,34,18,16
FLOYD COUNTY,153,46 Years,59,26,33,14,8,6,2,0,2,0,0,0,0,0,0,43,18,25
FLOYD COUNTY,153,47 Years,57,26,31,14,8,6,2,0,2,0,0,0,0,0,0,41,18,23
FLOYD COUNTY,153,48 Years,56,29,27,19,10,9,2,1,1,0,0,0,2,2,0,33,16,17
FLOYD COUNTY,153,49 Years,55,29,26,17,8,9,2,1,1,0,0,0,2,2,0,34,18,16
FLOYD COUNTY,153,50 Years,60,32,28,18,9,9,2,1,1,0,0,0,3,2,1,37,20,17
FLOYD COUNTY,153,51 Years,68,39,29,20,11,9,1,1,0,1,1,0,3,2,1,43,24,19
FLOYD COUNTY,153,52 Years,69,39,30,19,10,9,3,2,1,0,0,0,2,2,0,45,25,20
FLOYD COUNTY,153,53 Years,56,31,25,19,9,10,2,1,1,0,0,0,0,0,0,35,21,14
FLOYD COUNTY,153,54 Years,51,26,25,20,8,12,2,1,1,0,0,0,0,0,0,29,17,12
FLOYD COUNTY,153,55 Years,57,31,26,24,11,13,2,2,0,0,0,0,0,0,0,31,18,13
FLOYD COUNTY,153,56 Years,56,30,26,22,10,12,3,2,1,0,0,0,0,0,0,31,18,13
FLOYD COUNTY,153,57 Years,55,28,27,23,12,11,3,1,2,0,0,0,0,0,0,29,15,14
FLOYD COUNTY,153,58 Years,58,27,31,26,13,13,3,2,1,0,0,0,1,1,0,28,11,17
FLOYD COUNTY,153,59 Years,57,27,30,27,14,13,3,2,1,0,0,0,0,0,0,27,11,16
FLOYD COUNTY,153,60 Years,60,27,33,28,13,15,2,1,1,0,0,0,0,0,0,30,13,17
FLOYD COUNTY,153,61 Years,59,27,32,26,12,14,2,1,1,0,0,0,0,0,0,31,14,17
FLOYD COUNTY,153,62 Years,58,29,29,29,15,14,2,0,2,0,0,0,0,0,0,27,14,13
FLOYD COUNTY,153,63 Years,62,31,31,31,14,17,3,0,3,0,0,0,1,1,0,27,16,11
FLOYD COUNTY,153,64 Years,63,34,29,32,18,14,3,0,3,0,0,0,1,0,1,27,16,11
FLOYD COUNTY,153,65 Years,57,31,26,26,14,12,2,1,1,0,0,0,1,1,0,28,15,13
FLOYD COUNTY,153,66 Years,54,29,25,24,13,11,2,1,1,0,0,0,0,0,0,28,15,13
FLOYD COUNTY,153,67 Years,62,34,28,31,16,15,3,1,2,0,0,0,1,1,0,27,16,11
FLOYD COUNTY,153,68 Years,55,31,24,26,15,11,3,1,2,0,0,0,1,1,0,25,14,11
FLOYD COUNTY,153,69 Years,57,33,24,28,14,14,4,3,1,0,0,0,2,1,1,23,15,8
FLOYD COUNTY,153,70 Years,60,33,27,31,17,14,4,3,1,0,0,0,2,1,1,23,12,11
FLOYD COUNTY,153,71 Years,56,30,26,29,16,13,3,2,1,0,0,0,0,0,0,24,12,12
FLOYD COUNTY,153,72 Years,50,26,24,28,15,13,2,1,1,0,0,0,0,0,0,20,10,10
FLOYD COUNTY,153,73 Years,50,22,28,27,11,16,2,1,1,0,0,0,2,2,0,19,8,11
FLOYD COUNTY,153,74 Years,44,20,24,22,8,14,2,2,0,0,0,0,1,1,0,19,9,10
FLOYD COUNTY,153,75 Years,40,18,22,19,8,11,3,2,1,0,0,0,0,0,0,18,8,10
FLOYD COUNTY,153,76 Years,40,18,22,22,10,12,2,1,1,0,0,0,0,0,0,16,7,9
FLOYD COUNTY,153,77 Years,38,15,23,22,8,14,1,0,1,0,0,0,0,0,0,15,7,8
FLOYD COUNTY,153,78 Years,33,17,16,21,10,11,0,0,0,0,0,0,0,0,0,12,7,5
FLOYD COUNTY,153,79 Years,37,18,19,26,12,14,0,0,0,0,0,0,0,0,0,11,6,5
FLOYD COUNTY,153,80 Years,35,15,20,22,9,13,1,1,0,0,0,0,1,0,1,11,5,6
FLOYD COUNTY,153,81 Years,34,17,17,22,11,11,0,0,0,0,0,0,1,0,1,11,6,5
FLOYD COUNTY,153,82 Years,30,14,16,19,9,10,0,0,0,0,0,0,1,0,1,10,5,5
FLOYD COUNTY,153,83 Years,28,11,17,18,8,10,1,0,1,0,0,0,1,0,1,8,3,5
FLOYD COUNTY,153,84 Years,25,11,14,16,7,9,1,1,0,0,0,0,0,0,0,8,3,5
FLOYD COUNTY,153,85 Years,23,11,12,14,7,7,1,1,0,0,0,0,0,0,0,8,3,5
FLOYD COUNTY,153,86 Years,25,12,13,18,8,10,2,1,1,0,0,0,0,0,0,5,3,2
FLOYD COUNTY,153,87 Years,24,10,14,17,6,11,3,2,1,0,0,0,0,0,0,4,2,2
FLOYD COUNTY,153,88 Years,13,6,7,9,3,6,0,0,0,0,0,0,0,0,0,4,3,1
FLOYD COUNTY,153,89 Years,10,5,5,5,2,3,1,0,1,0,0,0,0,0,0,4,3,1
FLOYD COUNTY,153,90 Years,11,4,7,7,2,5,1,0,1,0,0,0,0,0,0,3,2,1
FLOYD COUNTY,153,91 Years,9,5,4,6,3,3,0,0,0,0,0,0,0,0,0,3,2,1
FLOYD COUNTY,153,92 Years,10,4,6,6,2,4,0,0,0,0,0,0,0,0,0,4,2,2
FLOYD COUNTY,153,93 Years,8,6,2,6,4,2,0,0,0,0,0,0,0,0,0,2,2,0
FLOYD COUNTY,153,94 Years,8,5,3,5,3,2,0,0,0,0,0,0,0,0,0,3,2,1
FLOYD COUNTY,153,95 Years +,15,9,6,10,5,5,0,0,0,0,0,0,0,0,0,5,4,1
FOARD COUNTY,155,All Ages,1069,499,570,815,380,435,43,17,26,3,0,3,1,1,0,207,101,106
FOARD COUNTY,155,< 1 Year,11,6,5,6,3,3,0,0,0,0,0,0,1,1,0,4,2,2
FOARD COUNTY,155,1 Years,12,8,4,8,5,3,1,1,0,0,0,0,0,0,0,3,2,1
FOARD COUNTY,155,2 Years,12,5,7,8,4,4,1,0,1,0,0,0,0,0,0,3,1,2
FOARD COUNTY,155,3 Years,12,7,5,10,6,4,0,0,0,0,0,0,0,0,0,2,1,1
FOARD COUNTY,155,4 Years,10,5,5,9,5,4,0,0,0,0,0,0,0,0,0,1,0,1
FOARD COUNTY,155,5 Years,11,5,6,9,5,4,0,0,0,0,0,0,0,0,0,2,0,2
FOARD COUNTY,155,6 Years,10,4,6,8,4,4,0,0,0,0,0,0,0,0,0,2,0,2
FOARD COUNTY,155,7 Years,10,4,6,9,4,5,0,0,0,0,0,0,0,0,0,1,0,1
FOARD COUNTY,155,8 Years,8,2,6,6,2,4,0,0,0,0,0,0,0,0,0,2,0,2
FOARD COUNTY,155,9 Years,9,4,5,7,3,4,0,0,0,0,0,0,0,0,0,2,1,1
FOARD COUNTY,155,10 Years,11,6,5,8,5,3,0,0,0,0,0,0,0,0,0,3,1,2
FOARD COUNTY,155,11 Years,12,6,6,8,4,4,0,0,0,0,0,0,0,0,0,4,2,2
FOARD COUNTY,155,12 Years,13,6,7,8,4,4,0,0,0,0,0,0,0,0,0,5,2,3
FOARD COUNTY,155,13 Years,14,5,9,7,4,3,3,0,3,0,0,0,0,0,0,4,1,3
FOARD COUNTY,155,14 Years,13,6,7,8,5,3,1,0,1,1,0,1,0,0,0,3,1,2
FOARD COUNTY,155,15 Years,8,3,5,5,2,3,0,0,0,0,0,0,0,0,0,3,1,2
FOARD COUNTY,155,16 Years,10,5,5,6,3,3,0,0,0,0,0,0,0,0,0,4,2,2
FOARD COUNTY,155,17 Years,10,5,5,6,3,3,0,0,0,0,0,0,0,0,0,4,2,2
FOARD COUNTY,155,18 Years,17,7,10,10,5,5,2,0,2,0,0,0,0,0,0,5,2,3
FOARD COUNTY,155,19 Years,17,8,9,11,6,5,2,0,2,1,0,1,0,0,0,3,2,1
FOARD COUNTY,155,20 Years,17,7,10,13,7,6,1,0,1,1,0,1,0,0,0,2,0,2
FOARD COUNTY,155,21 Years,15,5,10,12,5,7,2,0,2,0,0,0,0,0,0,1,0,1
FOARD COUNTY,155,22 Years,12,7,5,10,5,5,1,1,0,0,0,0,0,0,0,1,1,0
FOARD COUNTY,155,23 Years,7,4,3,5,2,3,1,1,0,0,0,0,0,0,0,1,1,0
FOARD COUNTY,155,24 Years,7,2,5,3,1,2,2,0,2,0,0,0,0,0,0,2,1,1
FOARD COUNTY,155,25 Years,8,2,6,4,1,3,2,0,2,0,0,0,0,0,0,2,1,1
FOARD COUNTY,155,26 Years,8,3,5,5,2,3,1,0,1,0,0,0,0,0,0,2,1,1
FOARD COUNTY,155,27 Years,8,2,6,5,2,3,2,0,2,0,0,0,0,0,0,1,0,1
FOARD COUNTY,155,28 Years,10,6,4,6,3,3,1,1,0,0,0,0,0,0,0,3,2,1
FOARD COUNTY,155,29 Years,11,6,5,7,4,3,1,0,1,0,0,0,0,0,0,3,2,1
FOARD COUNTY,155,30 Years,10,6,4,7,4,3,0,0,0,0,0,0,0,0,0,3,2,1
FOARD COUNTY,155,31 Years,10,4,6,8,3,5,0,0,0,0,0,0,0,0,0,2,1,1
FOARD COUNTY,155,32 Years,9,4,5,8,3,5,0,0,0,0,0,0,0,0,0,1,1,0
FOARD COUNTY,155,33 Years,10,6,4,7,4,3,1,1,0,0,0,0,0,0,0,2,1,1
FOARD COUNTY,155,34 Years,7,4,3,5,3,2,0,0,0,0,0,0,0,0,0,2,1,1
FOARD COUNTY,155,35 Years,5,1,4,4,1,3,0,0,0,0,0,0,0,0,0,1,0,1
FOARD COUNTY,155,36 Years,9,4,5,7,3,4,0,0,0,0,0,0,0,0,0,2,1,1
FOARD COUNTY,155,37 Years,9,3,6,7,2,5,0,0,0,0,0,0,0,0,0,2,1,1
FOARD COUNTY,155,38 Years,12,7,5,6,2,4,2,2,0,0,0,0,0,0,0,4,3,1
FOARD COUNTY,155,39 Years,13,8,5,7,4,3,2,1,1,0,0,0,0,0,0,4,3,1
FOARD COUNTY,155,40 Years,12,5,7,9,4,5,1,0,1,0,0,0,0,0,0,2,1,1
FOARD COUNTY,155,41 Years,11,5,6,7,2,5,0,0,0,0,0,0,0,0,0,4,3,1
FOARD COUNTY,155,42 Years,8,3,5,6,2,4,0,0,0,0,0,0,0,0,0,2,1,1
FOARD COUNTY,155,43 Years,7,3,4,4,2,2,0,0,0,0,0,0,0,0,0,3,1,2
FOARD COUNTY,155,44 Years,7,3,4,4,2,2,0,0,0,0,0,0,0,0,0,3,1,2
FOARD COUNTY,155,45 Years,7,3,4,4,2,2,0,0,0,0,0,0,0,0,0,3,1,2
FOARD COUNTY,155,46 Years,12,4,8,9,4,5,1,0,1,0,0,0,0,0,0,2,0,2
FOARD COUNTY,155,47 Years,12,5,7,9,4,5,0,0,0,0,0,0,0,0,0,3,1,2
FOARD COUNTY,155,48 Years,8,4,4,6,3,3,0,0,0,0,0,0,0,0,0,2,1,1
FOARD COUNTY,155,49 Years,6,4,2,5,3,2,0,0,0,0,0,0,0,0,0,1,1,0
FOARD COUNTY,155,50 Years,8,5,3,6,4,2,0,0,0,0,0,0,0,0,0,2,1,1
FOARD COUNTY,155,51 Years,13,7,6,12,6,6,0,0,0,0,0,0,0,0,0,1,1,0
FOARD COUNTY,155,52 Years,15,6,9,13,5,8,0,0,0,0,0,0,0,0,0,2,1,1
FOARD COUNTY,155,53 Years,14,7,7,12,6,6,0,0,0,0,0,0,0,0,0,2,1,1
FOARD COUNTY,155,54 Years,18,10,8,15,9,6,1,0,1,0,0,0,0,0,0,2,1,1
FOARD COUNTY,155,55 Years,16,9,7,11,5,6,0,0,0,0,0,0,0,0,0,5,4,1
FOARD COUNTY,155,56 Years,15,6,9,11,3,8,0,0,0,0,0,0,0,0,0,4,3,1
FOARD COUNTY,155,57 Years,15,8,7,10,4,6,1,1,0,0,0,0,0,0,0,4,3,1
FOARD COUNTY,155,58 Years,20,9,11,15,5,10,1,1,0,0,0,0,0,0,0,4,3,1
FOARD COUNTY,155,59 Years,20,12,8,13,6,7,0,0,0,0,0,0,0,0,0,7,6,1
FOARD COUNTY,155,60 Years,19,11,8,14,7,7,1,1,0,0,0,0,0,0,0,4,3,1
FOARD COUNTY,155,61 Years,19,11,8,14,7,7,1,1,0,0,0,0,0,0,0,4,3,1
FOARD COUNTY,155,62 Years,16,8,8,14,7,7,0,0,0,0,0,0,0,0,0,2,1,1
FOARD COUNTY,155,63 Years,16,8,8,13,7,6,0,0,0,0,0,0,0,0,0,3,1,2
FOARD COUNTY,155,64 Years,15,8,7,12,7,5,0,0,0,0,0,0,0,0,0,3,1,2
FOARD COUNTY,155,65 Years,19,8,11,16,7,9,0,0,0,0,0,0,0,0,0,3,1,2
FOARD COUNTY,155,66 Years,17,6,11,16,5,11,0,0,0,0,0,0,0,0,0,1,1,0
FOARD COUNTY,155,67 Years,11,4,7,9,3,6,0,0,0,0,0,0,0,0,0,2,1,1
FOARD COUNTY,155,68 Years,9,5,4,7,3,4,0,0,0,0,0,0,0,0,0,2,2,0
FOARD COUNTY,155,69 Years,12,7,5,10,6,4,0,0,0,0,0,0,0,0,0,2,1,1
FOARD COUNTY,155,70 Years,15,8,7,13,7,6,1,1,0,0,0,0,0,0,0,1,0,1
FOARD COUNTY,155,71 Years,16,9,7,15,8,7,1,1,0,0,0,0,0,0,0,0,0,0
FOARD COUNTY,155,72 Years,14,7,7,13,7,6,0,0,0,0,0,0,0,0,0,1,0,1
FOARD COUNTY,155,73 Years,12,6,6,11,6,5,0,0,0,0,0,0,0,0,0,1,0,1
FOARD COUNTY,155,74 Years,13,5,8,11,5,6,0,0,0,0,0,0,0,0,0,2,0,2
FOARD COUNTY,155,75 Years,12,4,8,11,4,7,0,0,0,0,0,0,0,0,0,1,0,1
FOARD COUNTY,155,76 Years,12,5,7,11,5,6,0,0,0,0,0,0,0,0,0,1,0,1
FOARD COUNTY,155,77 Years,10,5,5,8,4,4,0,0,0,0,0,0,0,0,0,2,1,1
FOARD COUNTY,155,78 Years,13,6,7,8,3,5,2,2,0,0,0,0,0,0,0,3,1,2
FOARD COUNTY,155,79 Years,13,6,7,10,5,5,1,1,0,0,0,0,0,0,0,2,0,2
FOARD COUNTY,155,80 Years,11,6,5,10,6,4,0,0,0,0,0,0,0,0,0,1,0,1
FOARD COUNTY,155,81 Years,13,7,6,11,6,5,0,0,0,0,0,0,0,0,0,2,1,1
FOARD COUNTY,155,82 Years,12,6,6,11,5,6,0,0,0,0,0,0,0,0,0,1,1,0
FOARD COUNTY,155,83 Years,13,6,7,11,5,6,1,0,1,0,0,0,0,0,0,1,1,0
FOARD COUNTY,155,84 Years,8,3,5,7,3,4,0,0,0,0,0,0,0,0,0,1,0,1
FOARD COUNTY,155,85 Years,8,3,5,7,3,4,0,0,0,0,0,0,0,0,0,1,0,1
FOARD COUNTY,155,86 Years,8,3,5,7,3,4,0,0,0,0,0,0,0,0,0,1,0,1
FOARD COUNTY,155,87 Years,8,3,5,8,3,5,0,0,0,0,0,0,0,0,0,0,0,0
FOARD COUNTY,155,88 Years,5,1,4,5,1,4,0,0,0,0,0,0,0,0,0,0,0,0
FOARD COUNTY,155,89 Years,5,1,4,5,1,4,0,0,0,0,0,0,0,0,0,0,0,0
FOARD COUNTY,155,90 Years,5,1,4,5,1,4,0,0,0,0,0,0,0,0,0,0,0,0
FOARD COUNTY,155,91 Years,4,2,2,4,2,2,0,0,0,0,0,0,0,0,0,0,0,0
FOARD COUNTY,155,92 Years,4,2,2,4,2,2,0,0,0,0,0,0,0,0,0,0,0,0
FOARD COUNTY,155,93 Years,2,0,2,2,0,2,0,0,0,0,0,0,0,0,0,0,0,0
FOARD COUNTY,155,94 Years,1,0,1,1,0,1,0,0,0,0,0,0,0,0,0,0,0,0
FOARD COUNTY,155,95 Years +,8,2,6,7,2,5,1,0,1,0,0,0,0,0,0,0,0,0
FORT BEND COUNTY,157,All Ages,898514,440880,457634,286141,143127,143014,172890,81553,91337,191006,92991,98015,26389,13091,13298,222088,110118,111970
FORT BEND COUNTY,157,< 1 Year,10175,5187,4988,2147,1100,1047,1974,991,983,1561,804,757,1232,632,600,3261,1660,1601
FORT BEND COUNTY,157,1 Years,9460,4818,4642,2124,1083,1041,1887,961,926,1513,769,744,584,297,287,3352,1708,1644
FORT BEND COUNTY,157,2 Years,9340,4759,4581,2130,1085,1045,1846,940,906,1472,751,721,576,293,283,3316,1690,1626
FORT BEND COUNTY,157,3 Years,9685,4897,4788,2528,1298,1230,2013,1012,1001,1554,788,766,598,297,301,2992,1502,1490
FORT BEND COUNTY,157,4 Years,10141,5119,5022,2753,1403,1350,2120,1064,1056,1689,858,831,623,306,317,2956,1488,1468
FORT BEND COUNTY,157,5 Years,10867,5469,5398,2954,1499,1455,2227,1104,1123,1915,970,945,668,325,343,3103,1571,1532
FORT BEND COUNTY,157,6 Years,11819,5958,5861,3232,1645,1587,2418,1198,1220,2207,1129,1078,686,331,355,3276,1655,1621
FORT BEND COUNTY,157,7 Years,12598,6373,6225,3481,1777,1704,2548,1264,1284,2475,1294,1181,666,323,343,3428,1715,1713
FORT BEND COUNTY,157,8 Years,14446,7371,7075,4119,2063,2056,2719,1370,1349,2964,1575,1389,807,420,387,3837,1943,1894
FORT BEND COUNTY,157,9 Years,14589,7471,7118,4259,2107,2152,2600,1325,1275,3016,1613,1403,813,429,384,3901,1997,1904
FORT BEND COUNTY,157,10 Years,14014,7170,6844,4138,2059,2079,2436,1246,1190,2855,1502,1353,751,389,362,3834,1974,1860
FORT BEND COUNTY,157,11 Years,13899,7110,6789,4055,2032,2023,2413,1228,1185,2827,1468,1359,706,361,345,3898,2021,1877
FORT BEND COUNTY,157,12 Years,12971,6671,6300,3734,1957,1777,2287,1141,1146,2597,1337,1260,621,315,306,3732,1921,1811
FORT BEND COUNTY,157,13 Years,13945,7188,6757,3918,2086,1832,2471,1234,1237,2865,1470,1395,623,344,279,4068,2054,2014
FORT BEND COUNTY,157,14 Years,14507,7468,7039,4054,2131,1923,2637,1331,1306,3066,1561,1505,609,332,277,4141,2113,2028
FORT BEND COUNTY,157,15 Years,14781,7546,7235,4166,2167,1999,2767,1384,1383,3086,1567,1519,610,321,289,4152,2107,2045
FORT BEND COUNTY,157,16 Years,14834,7655,7179,4365,2322,2043,2798,1431,1367,3013,1524,1489,584,301,283,4074,2077,1997
FORT BEND COUNTY,157,17 Years,14699,7554,7145,4441,2369,2072,2780,1387,1393,2882,1439,1443,580,307,273,4016,2052,1964
FORT BEND COUNTY,157,18 Years,13795,7006,6789,3806,1965,1841,2574,1267,1307,2895,1445,1450,543,279,264,3977,2050,1927
FORT BEND COUNTY,157,19 Years,13382,6771,6611,3542,1773,1769,2525,1288,1237,2894,1465,1429,500,243,257,3921,2002,1919
FORT BEND COUNTY,157,20 Years,13306,6861,6445,3623,1872,1751,2562,1324,1238,2792,1462,1330,482,248,234,3847,1955,1892
FORT BEND COUNTY,157,21 Years,13039,6756,6283,3602,1903,1699,2611,1328,1283,2715,1429,1286,488,251,237,3623,1845,1778
FORT BEND COUNTY,157,22 Years,12262,6342,5920,3453,1862,1591,2586,1314,1272,2425,1227,1198,472,237,235,3326,1702,1624
FORT BEND COUNTY,157,23 Years,10444,5281,5163,2758,1456,1302,2242,1134,1108,2002,982,1020,385,187,198,3057,1522,1535
FORT BEND COUNTY,157,24 Years,10001,5007,4994,2507,1294,1213,2192,1080,1112,2005,1001,1004,357,168,189,2940,1464,1476
FORT BEND COUNTY,157,25 Years,10123,5091,5032,2579,1330,1249,2216,1105,1111,2151,1078,1073,332,161,171,2845,1417,1428
FORT BEND COUNTY,157,26 Years,10419,5241,5178,2704,1388,1316,2251,1124,1127,2304,1169,1135,321,161,160,2839,1399,1440
FORT BEND COUNTY,157,27 Years,10678,5290,5388,2724,1382,1342,2267,1102,1165,2475,1224,1251,332,167,165,2880,1415,1465
FORT BEND COUNTY,157,28 Years,10082,4885,5197,2917,1436,1481,2133,1047,1086,2113,973,1140,289,135,154,2630,1294,1336
FORT BEND COUNTY,157,29 Years,10117,4956,5161,2964,1478,1486,2165,1096,1069,2094,965,1129,279,130,149,2615,1287,1328
FORT BEND COUNTY,157,30 Years,9762,4814,4948,2734,1375,1359,2092,1056,1036,2065,952,1113,258,121,137,2613,1310,1303
FORT BEND COUNTY,157,31 Years,9152,4463,4689,2242,1115,1127,1936,984,952,2068,909,1159,215,100,115,2691,1355,1336
FORT BEND COUNTY,157,32 Years,9017,4267,4750,1925,948,977,1811,905,906,2297,938,1359,183,93,90,2801,1383,1418
FORT BEND COUNTY,157,33 Years,10466,4909,5557,2648,1303,1345,2189,1038,1151,2418,1022,1396,232,118,114,2979,1428,1551
FORT BEND COUNTY,157,34 Years,10938,5059,5879,3050,1469,1581,2170,954,1216,2519,1072,1447,247,117,130,2952,1447,1505
FORT BEND COUNTY,157,35 Years,11146,5182,5964,3267,1543,1724,2047,902,1145,2565,1149,1416,271,120,151,2996,1468,1528
FORT BEND COUNTY,157,36 Years,11509,5390,6119,3417,1645,1772,2024,900,1124,2690,1197,1493,262,115,147,3116,1533,1583
FORT BEND COUNTY,157,37 Years,12135,5692,6443,3676,1758,1918,2044,900,1144,2973,1380,1593,228,108,120,3214,1546,1668
FORT BEND COUNTY,157,38 Years,13623,6393,7230,3946,1931,2015,2409,1077,1332,3539,1611,1928,246,119,127,3483,1655,1828
FORT BEND COUNTY,157,39 Years,14320,6750,7570,4203,2086,2117,2552,1161,1391,3581,1607,1974,253,121,132,3731,1775,1956
FORT BEND COUNTY,157,40 Years,14458,6912,7546,4341,2152,2189,2585,1167,1418,3465,1607,1858,263,122,141,3804,1864,1940
FORT BEND COUNTY,157,41 Years,14470,6927,7543,4443,2218,2225,2656,1189,1467,3259,1536,1723,293,133,160,3819,1851,1968
FORT BEND COUNTY,157,42 Years,14565,6919,7646,4521,2257,2264,2842,1249,1593,3200,1476,1724,286,134,152,3716,1803,1913
FORT BEND COUNTY,157,43 Years,14100,6850,7250,4252,2139,2113,2598,1180,1418,3404,1632,1772,270,118,152,3576,1781,1795
FORT BEND COUNTY,157,44 Years,13842,6823,7019,4149,2097,2052,2471,1143,1328,3394,1666,1728,271,119,152,3557,1798,1759
FORT BEND COUNTY,157,45 Years,13838,6750,7088,4182,2116,2066,2550,1190,1360,3316,1603,1713,247,99,148,3543,1742,1801
FORT BEND COUNTY,157,46 Years,13654,6651,7003,4093,2075,2018,2562,1179,1383,3253,1572,1681,250,114,136,3496,1711,1785
FORT BEND COUNTY,157,47 Years,13903,6781,7122,4269,2145,2124,2628,1210,1418,3250,1551,1699,270,136,134,3486,1739,1747
FORT BEND COUNTY,157,48 Years,13192,6483,6709,3890,2007,1883,2498,1153,1345,3256,1545,1711,258,130,128,3290,1648,1642
FORT BEND COUNTY,157,49 Years,13150,6502,6648,3843,1990,1853,2547,1180,1367,3296,1609,1687,237,112,125,3227,1611,1616
FORT BEND COUNTY,157,50 Years,13509,6634,6875,4162,2128,2034,2654,1234,1420,3241,1558,1683,230,113,117,3222,1601,1621
FORT BEND COUNTY,157,51 Years,13702,6777,6925,4484,2308,2176,2728,1274,1454,3117,1491,1626,231,123,108,3142,1581,1561
FORT BEND COUNTY,157,52 Years,13392,6603,6789,4594,2350,2244,2602,1201,1401,2928,1397,1531,224,119,105,3044,1536,1508
FORT BEND COUNTY,157,53 Years,11987,5892,6095,3998,1999,1999,2365,1078,1287,2678,1304,1374,204,103,101,2742,1408,1334
FORT BEND COUNTY,157,54 Years,11151,5517,5634,3721,1904,1817,2262,1038,1224,2454,1205,1249,174,78,96,2540,1292,1248
FORT BEND COUNTY,157,55 Years,10898,5466,5432,3735,1939,1796,2198,1019,1179,2391,1201,1190,163,76,87,2411,1231,1180
FORT BEND COUNTY,157,56 Years,10813,5423,5390,3700,1894,1806,2164,1010,1154,2403,1222,1181,165,81,84,2381,1216,1165
FORT BEND COUNTY,157,57 Years,10718,5349,5369,3812,1951,1861,2152,985,1167,2266,1153,1113,178,86,92,2310,1174,1136
FORT BEND COUNTY,157,58 Years,10319,5009,5310,3654,1816,1838,2147,946,1201,2187,1110,1077,165,83,82,2166,1054,1112
FORT BEND COUNTY,157,59 Years,10267,4997,5270,3716,1881,1835,2124,950,1174,2212,1102,1110,160,84,76,2055,980,1075
FORT BEND COUNTY,157,60 Years,10009,4903,5106,3833,1945,1888,2042,931,1111,2029,1004,1025,167,83,84,1938,940,998
FORT BEND COUNTY,157,61 Years,9874,4752,5122,3889,1925,1964,2035,938,1097,1972,942,1030,162,75,87,1816,872,944
FORT BEND COUNTY,157,62 Years,10013,4863,5150,4081,2052,2029,2045,955,1090,1982,924,1058,152,75,77,1753,857,896
FORT BEND COUNTY,157,63 Years,9744,4691,5053,4142,2048,2094,1965,899,1066,1851,857,994,139,73,66,1647,814,833
FORT BEND COUNTY,157,64 Years,9514,4560,4954,4137,2063,2074,1908,846,1062,1772,828,944,132,71,61,1565,752,813
FORT BEND COUNTY,157,65 Years,9273,4465,4808,4079,2059,2020,1847,816,1031,1732,821,911,133,67,66,1482,702,780
FORT BEND COUNTY,157,66 Years,8984,4390,4594,3865,1966,1899,1783,807,976,1769,857,912,144,74,70,1423,686,737
FORT BEND COUNTY,157,67 Years,8603,4139,4464,3642,1812,1830,1760,796,964,1731,843,888,139,70,69,1331,618,713
FORT BEND COUNTY,157,68 Years,8140,3831,4309,3458,1683,1775,1660,720,940,1664,816,848,114,60,54,1244,552,692
FORT BEND COUNTY,157,69 Years,7813,3655,4158,3313,1588,1725,1549,663,886,1682,825,857,106,56,50,1163,523,640
FORT BEND COUNTY,157,70 Years,7421,3433,3988,3197,1558,1639,1460,588,872,1555,731,824,107,51,56,1102,505,597
FORT BEND COUNTY,157,71 Years,6870,3178,3692,2950,1432,1518,1335,558,777,1486,680,806,99,46,53,1000,462,538
FORT BEND COUNTY,157,72 Years,6503,3037,3466,2764,1333,1431,1256,549,707,1440,676,764,93,42,51,950,437,513
FORT BEND COUNTY,157,73 Years,6090,2841,3249,2709,1295,1414,1197,493,704,1239,601,638,83,38,45,862,414,448
FORT BEND COUNTY,157,74 Years,5703,2646,3057,2670,1271,1399,1072,437,635,1085,530,555,75,35,40,801,373,428
FORT BEND COUNTY,157,75 Years,5364,2490,2874,2633,1253,1380,919,364,555,988,493,495,75,36,39,749,344,405
FORT BEND COUNTY,157,76 Years,4478,2082,2396,2124,1002,1122,737,301,436,888,442,446,57,27,30,672,310,362
FORT BEND COUNTY,157,77 Years,3833,1751,2082,1798,830,968,619,249,370,794,385,409,50,24,26,572,263,309
FORT BEND COUNTY,157,78 Years,3557,1594,1963,1786,828,958,565,213,352,682,333,349,43,19,24,481,201,280
FORT BEND COUNTY,157,79 Years,3234,1466,1768,1686,783,903,485,188,297,603,312,291,36,14,22,424,169,255
FORT BEND COUNTY,157,80 Years,2780,1260,1520,1445,660,785,398,157,241,538,276,262,37,12,25,362,155,207
FORT BEND COUNTY,157,81 Years,2447,1071,1376,1237,552,685,349,134,215,496,235,261,31,9,22,334,141,193
FORT BEND COUNTY,157,82 Years,2206,970,1236,1110,495,615,300,117,183,459,223,236,29,9,20,308,126,182
FORT BEND COUNTY,157,83 Years,1981,873,1108,1023,454,569,268,108,160,387,194,193,26,9,17,277,108,169
FORT BEND COUNTY,157,84 Years,1763,755,1008,910,394,516,236,85,151,335,169,166,23,6,17,259,101,158
FORT BEND COUNTY,157,85 Years,1514,634,880,771,337,434,197,63,134,298,144,154,16,5,11,232,85,147
FORT BEND COUNTY,157,86 Years,1357,544,813,693,290,403,170,57,113,270,122,148,11,4,7,213,71,142
FORT BEND COUNTY,157,87 Years,1195,485,710,612,248,364,144,52,92,236,111,125,11,3,8,192,71,121
FORT BEND COUNTY,157,88 Years,1058,423,635,556,217,339,139,47,92,191,95,96,10,3,7,162,61,101
FORT BEND COUNTY,157,89 Years,951,363,588,517,196,321,125,36,89,155,73,82,9,3,6,145,55,90
FORT BEND COUNTY,157,90 Years,812,301,511,449,167,282,96,27,69,125,56,69,5,1,4,137,50,87
FORT BEND COUNTY,157,91 Years,675,242,433,368,136,232,72,18,54,107,45,62,4,2,2,124,41,83
FORT BEND COUNTY,157,92 Years,575,193,382,310,104,206,59,15,44,91,34,57,4,1,3,111,39,72
FORT BEND COUNTY,157,93 Years,466,151,315,254,81,173,55,15,40,69,27,42,3,0,3,85,28,57
FORT BEND COUNTY,157,94 Years,363,119,244,198,65,133,45,11,34,55,22,33,4,1,3,61,20,41
FORT BEND COUNTY,157,95 Years +,937,274,663,488,144,344,126,28,98,143,49,94,9,2,7,171,51,120
FRANKLIN COUNTY,159,All Ages,10790,5363,5427,8212,4030,4182,501,245,256,49,22,27,273,135,138,1755,931,824
FRANKLIN COUNTY,159,< 1 Year,128,68,60,78,42,36,6,3,3,2,1,1,6,4,2,36,18,18
FRANKLIN COUNTY,159,1 Years,132,69,63,81,41,40,8,5,3,1,1,0,5,3,2,37,19,18
FRANKLIN COUNTY,159,2 Years,135,70,65,83,42,41,8,5,3,1,1,0,5,3,2,38,19,19
FRANKLIN COUNTY,159,3 Years,134,65,69,79,40,39,11,5,6,1,0,1,4,3,1,39,17,22
FRANKLIN COUNTY,159,4 Years,127,63,64,75,40,35,11,4,7,0,0,0,5,4,1,36,15,21
FRANKLIN COUNTY,159,5 Years,126,66,60,77,42,35,9,5,4,0,0,0,5,4,1,35,15,20
FRANKLIN COUNTY,159,6 Years,122,67,55,78,43,35,6,3,3,0,0,0,5,4,1,33,17,16
FRANKLIN COUNTY,159,7 Years,125,67,58,78,40,38,8,3,5,0,0,0,8,5,3,31,19,12
FRANKLIN COUNTY,159,8 Years,130,72,58,85,47,38,6,3,3,1,0,1,8,4,4,30,18,12
FRANKLIN COUNTY,159,9 Years,124,66,58,81,43,38,6,4,2,0,0,0,7,3,4,30,16,14
FRANKLIN COUNTY,159,10 Years,132,67,65,86,43,43,5,3,2,0,0,0,9,3,6,32,18,14
FRANKLIN COUNTY,159,11 Years,129,64,65,86,42,44,3,1,2,1,0,1,7,2,5,32,19,13
FRANKLIN COUNTY,159,12 Years,155,76,79,105,49,56,4,2,2,0,0,0,8,6,2,38,19,19
FRANKLIN COUNTY,159,13 Years,147,72,75,99,50,49,3,1,2,1,1,0,4,3,1,40,17,23
FRANKLIN COUNTY,159,14 Years,141,74,67,90,48,42,6,3,3,0,0,0,4,2,2,41,21,20
FRANKLIN COUNTY,159,15 Years,156,80,76,100,46,54,10,6,4,0,0,0,3,2,1,43,26,17
FRANKLIN COUNTY,159,16 Years,145,71,74,101,44,57,6,2,4,1,1,0,3,2,1,34,22,12
FRANKLIN COUNTY,159,17 Years,156,74,82,109,50,59,7,3,4,2,0,2,4,2,2,34,19,15
FRANKLIN COUNTY,159,18 Years,171,95,76,118,67,51,8,5,3,2,0,2,7,4,3,36,19,17
FRANKLIN COUNTY,159,19 Years,131,72,59,89,51,38,7,5,2,1,0,1,3,2,1,31,14,17
FRANKLIN COUNTY,159,20 Years,137,71,66,99,53,46,8,6,2,1,0,1,2,0,2,27,12,15
FRANKLIN COUNTY,159,21 Years,133,69,64,92,47,45,11,7,4,2,0,2,3,2,1,25,13,12
FRANKLIN COUNTY,159,22 Years,118,58,60,78,40,38,12,6,6,1,0,1,3,2,1,24,10,14
FRANKLIN COUNTY,159,23 Years,102,43,59,63,30,33,10,3,7,1,0,1,2,1,1,26,9,17
FRANKLIN COUNTY,159,24 Years,95,40,55,59,30,29,7,1,6,3,1,2,2,0,2,24,8,16
FRANKLIN COUNTY,159,25 Years,99,47,52,64,32,32,6,0,6,2,2,0,5,3,2,22,10,12
FRANKLIN COUNTY,159,26 Years,99,49,50,70,35,35,4,1,3,0,0,0,3,2,1,22,11,11
FRANKLIN COUNTY,159,27 Years,107,48,59,74,34,40,7,1,6,1,1,0,4,2,2,21,10,11
FRANKLIN COUNTY,159,28 Years,94,43,51,64,32,32,7,1,6,0,0,0,2,0,2,21,10,11
FRANKLIN COUNTY,159,29 Years,97,47,50,66,33,33,6,1,5,0,0,0,2,1,1,23,12,11
FRANKLIN COUNTY,159,30 Years,105,53,52,74,36,38,4,2,2,2,2,0,2,1,1,23,12,11
FRANKLIN COUNTY,159,31 Years,105,51,54,75,36,39,5,3,2,0,0,0,2,1,1,23,11,12
FRANKLIN COUNTY,159,32 Years,115,56,59,82,40,42,5,1,4,0,0,0,2,0,2,26,15,11
FRANKLIN COUNTY,159,33 Years,113,54,59,86,40,46,5,1,4,0,0,0,3,1,2,19,12,7
FRANKLIN COUNTY,159,34 Years,119,60,59,90,41,49,7,4,3,0,0,0,3,1,2,19,14,5
FRANKLIN COUNTY,159,35 Years,112,55,57,81,37,44,6,4,2,0,0,0,2,1,1,23,13,10
FRANKLIN COUNTY,159,36 Years,110,53,57,79,35,44,5,4,1,0,0,0,2,1,1,24,13,11
FRANKLIN COUNTY,159,37 Years,105,52,53,77,36,41,4,1,3,0,0,0,3,3,0,21,12,9
FRANKLIN COUNTY,159,38 Years,114,57,57,83,39,44,6,3,3,0,0,0,1,1,0,24,14,10
FRANKLIN COUNTY,159,39 Years,118,62,56,84,40,44,11,8,3,0,0,0,0,0,0,23,14,9
FRANKLIN COUNTY,159,40 Years,126,65,61,88,45,43,9,6,3,0,0,0,0,0,0,29,14,15
FRANKLIN COUNTY,159,41 Years,117,63,54,88,45,43,3,2,1,0,0,0,0,0,0,26,16,10
FRANKLIN COUNTY,159,42 Years,128,66,62,95,45,50,5,2,3,0,0,0,5,4,1,23,15,8
FRANKLIN COUNTY,159,43 Years,121,63,58,89,44,45,7,3,4,0,0,0,5,2,3,20,14,6
FRANKLIN COUNTY,159,44 Years,119,69,50,86,47,39,6,4,2,0,0,0,3,1,2,24,17,7
FRANKLIN COUNTY,159,45 Years,108,51,57,77,34,43,8,4,4,0,0,0,2,1,1,21,12,9
FRANKLIN COUNTY,159,46 Years,105,52,53,78,37,41,7,3,4,1,0,1,1,1,0,18,11,7
FRANKLIN COUNTY,159,47 Years,112,50,62,88,38,50,5,2,3,0,0,0,3,1,2,16,9,7
FRANKLIN COUNTY,159,48 Years,104,48,56,83,39,44,4,2,2,0,0,0,1,0,1,16,7,9
FRANKLIN COUNTY,159,49 Years,119,58,61,93,45,48,4,1,3,0,0,0,5,2,3,17,10,7
FRANKLIN COUNTY,159,50 Years,123,60,63,95,49,46,3,0,3,1,0,1,3,0,3,21,11,10
FRANKLIN COUNTY,159,51 Years,131,70,61,102,54,48,4,3,1,2,1,1,2,0,2,21,12,9
FRANKLIN COUNTY,159,52 Years,127,68,59,95,52,43,8,5,3,1,0,1,4,1,3,19,10,9
FRANKLIN COUNTY,159,53 Years,129,68,61,104,54,50,6,4,2,1,0,1,5,3,2,13,7,6
FRANKLIN COUNTY,159,54 Years,121,65,56,96,49,47,5,3,2,2,2,0,2,2,0,16,9,7
FRANKLIN COUNTY,159,55 Years,115,54,61,88,41,47,5,2,3,0,0,0,2,0,2,20,11,9
FRANKLIN COUNTY,159,56 Years,125,56,69,99,44,55,5,2,3,1,1,0,2,1,1,18,8,10
FRANKLIN COUNTY,159,57 Years,144,65,79,118,53,65,4,1,3,1,1,0,3,2,1,18,8,10
FRANKLIN COUNTY,159,58 Years,159,71,88,129,56,73,6,5,1,2,0,2,4,0,4,18,10,8
FRANKLIN COUNTY,159,59 Years,168,88,80,138,69,69,8,7,1,2,1,1,3,1,2,17,10,7
FRANKLIN COUNTY,159,60 Years,160,85,75,130,65,65,8,6,2,1,1,0,4,3,1,17,10,7
FRANKLIN COUNTY,159,61 Years,153,78,75,129,63,66,7,5,2,1,1,0,1,0,1,15,9,6
FRANKLIN COUNTY,159,62 Years,151,74,77,125,60,65,7,4,3,1,1,0,4,2,2,14,7,7
FRANKLIN COUNTY,159,63 Years,172,84,88,144,68,76,6,3,3,2,2,0,4,3,1,16,8,8
FRANKLIN COUNTY,159,64 Years,170,85,85,148,71,77,5,3,2,0,0,0,4,3,1,13,8,5
FRANKLIN COUNTY,159,65 Years,166,82,84,143,69,74,7,3,4,0,0,0,3,2,1,13,8,5
FRANKLIN COUNTY,159,66 Years,161,80,81,141,71,70,7,2,5,0,0,0,2,1,1,11,6,5
FRANKLIN COUNTY,159,67 Years,149,79,70,130,68,62,9,5,4,1,0,1,1,0,1,8,6,2
FRANKLIN COUNTY,159,68 Years,136,72,64,124,66,58,2,2,0,1,0,1,1,0,1,8,4,4
FRANKLIN COUNTY,159,69 Years,138,70,68,125,65,60,3,1,2,0,0,0,3,1,2,7,3,4
FRANKLIN COUNTY,159,70 Years,154,70,84,136,66,70,6,1,5,0,0,0,3,1,2,9,2,7
FRANKLIN COUNTY,159,71 Years,148,70,78,129,66,63,7,1,6,1,0,1,3,1,2,8,2,6
FRANKLIN COUNTY,159,72 Years,132,72,60,118,66,52,4,2,2,0,0,0,4,1,3,6,3,3
FRANKLIN COUNTY,159,73 Years,135,74,61,122,67,55,3,2,1,0,0,0,3,1,2,7,4,3
FRANKLIN COUNTY,159,74 Years,129,64,65,119,59,60,3,1,2,0,0,0,3,1,2,4,3,1
FRANKLIN COUNTY,159,75 Years,123,54,69,114,47,67,1,1,0,0,0,0,2,0,2,6,6,0
FRANKLIN COUNTY,159,76 Years,112,49,63,99,40,59,2,2,0,0,0,0,2,0,2,9,7,2
FRANKLIN COUNTY,159,77 Years,91,43,48,82,38,44,2,1,1,0,0,0,2,1,1,5,3,2
FRANKLIN COUNTY,159,78 Years,92,40,52,82,37,45,3,1,2,0,0,0,1,1,0,6,1,5
FRANKLIN COUNTY,159,79 Years,92,38,54,85,37,48,3,1,2,0,0,0,1,0,1,3,0,3
FRANKLIN COUNTY,159,80 Years,82,36,46,79,34,45,2,1,1,0,0,0,0,0,0,1,1,0
FRANKLIN COUNTY,159,81 Years,71,35,36,64,31,33,3,1,2,0,0,0,2,1,1,2,2,0
FRANKLIN COUNTY,159,82 Years,60,33,27,54,28,26,3,2,1,0,0,0,1,1,0,2,2,0
FRANKLIN COUNTY,159,83 Years,57,27,30,53,27,26,1,0,1,0,0,0,2,0,2,1,0,1
FRANKLIN COUNTY,159,84 Years,57,26,31,53,25,28,3,1,2,0,0,0,1,0,1,0,0,0
FRANKLIN COUNTY,159,85 Years,48,23,25,44,21,23,4,2,2,0,0,0,0,0,0,0,0,0
FRANKLIN COUNTY,159,86 Years,37,16,21,31,13,18,2,1,1,0,0,0,0,0,0,4,2,2
FRANKLIN COUNTY,159,87 Years,33,14,19,30,13,17,0,0,0,0,0,0,0,0,0,3,1,2
FRANKLIN COUNTY,159,88 Years,28,12,16,28,12,16,0,0,0,0,0,0,0,0,0,0,0,0
FRANKLIN COUNTY,159,89 Years,23,9,14,23,9,14,0,0,0,0,0,0,0,0,0,0,0,0
FRANKLIN COUNTY,159,90 Years,19,8,11,19,8,11,0,0,0,0,0,0,0,0,0,0,0,0
FRANKLIN COUNTY,159,91 Years,17,7,10,16,7,9,0,0,0,0,0,0,1,0,1,0,0,0
FRANKLIN COUNTY,159,92 Years,14,6,8,12,5,7,0,0,0,0,0,0,2,1,1,0,0,0
FRANKLIN COUNTY,159,93 Years,9,3,6,9,3,6,0,0,0,0,0,0,0,0,0,0,0,0
FRANKLIN COUNTY,159,94 Years,8,4,4,8,4,4,0,0,0,0,0,0,0,0,0,0,0,0
FRANKLIN COUNTY,159,95 Years +,19,5,14,17,5,12,2,0,2,0,0,0,0,0,0,0,0,0
FREESTONE COUNTY,161,All Ages,20342,10589,9753,13167,6636,6531,3246,1771,1475,55,22,33,362,207,155,3512,1953,1559
FREESTONE COUNTY,161,< 1 Year,229,117,112,127,66,61,27,14,13,1,1,0,12,6,6,62,30,32
FREESTONE COUNTY,161,1 Years,227,116,111,125,64,61,28,14,14,1,1,0,9,4,5,64,33,31
FREESTONE COUNTY,161,2 Years,229,117,112,128,65,63,30,15,15,1,1,0,8,4,4,62,32,30
FREESTONE COUNTY,161,3 Years,255,127,128,139,62,77,32,16,16,1,0,1,10,7,3,73,42,31
FREESTONE COUNTY,161,4 Years,257,127,130,139,62,77,33,17,16,0,0,0,14,8,6,71,40,31
FREESTONE COUNTY,161,5 Years,247,123,124,134,63,71,34,17,17,1,1,0,10,6,4,68,36,32
FREESTONE COUNTY,161,6 Years,240,119,121,128,63,65,35,17,18,1,1,0,8,5,3,68,33,35
FREESTONE COUNTY,161,7 Years,237,117,120,124,65,59,36,16,20,1,0,1,7,4,3,69,32,37
FREESTONE COUNTY,161,8 Years,242,124,118,126,68,58,35,17,18,0,0,0,13,5,8,68,34,34
FREESTONE COUNTY,161,9 Years,247,128,119,129,68,61,35,16,19,1,0,1,13,7,6,69,37,32
FREESTONE COUNTY,161,10 Years,258,138,120,136,72,64,36,17,19,0,0,0,11,8,3,75,41,34
FREESTONE COUNTY,161,11 Years,256,130,126,139,70,69,34,14,20,0,0,0,10,8,2,73,38,35
FREESTONE COUNTY,161,12 Years,262,123,139,149,70,79,32,14,18,0,0,0,11,2,9,70,37,33
FREESTONE COUNTY,161,13 Years,259,127,132,146,75,71,40,17,23,0,0,0,6,2,4,67,33,34
FREESTONE COUNTY,161,14 Years,272,147,125,168,97,71,39,20,19,0,0,0,5,2,3,60,28,32
FREESTONE COUNTY,161,15 Years,281,152,129,171,99,72,47,25,22,1,0,1,7,4,3,55,24,31
FREESTONE COUNTY,161,16 Years,263,132,131,151,82,69,46,22,24,1,0,1,7,4,3,58,24,34
FREESTONE COUNTY,161,17 Years,254,119,135,146,69,77,33,15,18,0,0,0,7,3,4,68,32,36
FREESTONE COUNTY,161,18 Years,263,123,140,151,74,77,35,13,22,0,0,0,5,3,2,72,33,39
FREESTONE COUNTY,161,19 Years,255,121,134,153,79,74,32,12,20,0,0,0,3,1,2,67,29,38
FREESTONE COUNTY,161,20 Years,267,139,128,163,85,78,36,21,15,0,0,0,4,2,2,64,31,33
FREESTONE COUNTY,161,21 Years,264,141,123,155,82,73,37,22,15,0,0,0,4,2,2,68,35,33
FREESTONE COUNTY,161,22 Years,231,120,111,133,68,65,36,19,17,0,0,0,2,1,1,60,32,28
FREESTONE COUNTY,161,23 Years,186,99,87,110,57,53,31,17,14,0,0,0,2,1,1,43,24,19
FREESTONE COUNTY,161,24 Years,167,89,78,100,51,49,31,18,13,0,0,0,3,2,1,33,18,15
FREESTONE COUNTY,161,25 Years,189,110,79,118,69,49,33,21,12,0,0,0,3,2,1,35,18,17
FREESTONE COUNTY,161,26 Years,205,117,88,124,72,52,32,19,13,0,0,0,5,3,2,44,23,21
FREESTONE COUNTY,161,27 Years,228,130,98,144,77,67,36,22,14,0,0,0,7,6,1,41,25,16
FREESTONE COUNTY,161,28 Years,214,116,98,135,69,66,30,14,16,2,0,2,5,4,1,42,29,13
FREESTONE COUNTY,161,29 Years,208,118,90,125,69,56,32,14,18,3,0,3,3,2,1,45,33,12
FREESTONE COUNTY,161,30 Years,219,124,95,132,71,61,39,20,19,2,0,2,5,3,2,41,30,11
FREESTONE COUNTY,161,31 Years,200,113,87,124,67,57,32,16,16,2,0,2,2,1,1,40,29,11
FREESTONE COUNTY,161,32 Years,216,129,87,128,75,53,33,19,14,2,0,2,3,2,1,50,33,17
FREESTONE COUNTY,161,33 Years,239,154,85,147,92,55,37,27,10,2,0,2,2,1,1,51,34,17
FREESTONE COUNTY,161,34 Years,243,140,103,145,80,65,42,29,13,1,1,0,3,1,2,52,29,23
FREESTONE COUNTY,161,35 Years,236,132,104,132,66,66,45,30,15,1,1,0,2,1,1,56,34,22
FREESTONE COUNTY,161,36 Years,235,136,99,133,69,64,45,29,16,1,0,1,4,3,1,52,35,17
FREESTONE COUNTY,161,37 Years,220,129,91,130,70,60,35,26,9,2,1,1,3,2,1,50,30,20
FREESTONE COUNTY,161,38 Years,231,135,96,131,70,61,38,26,12,3,2,1,6,5,1,53,32,21
FREESTONE COUNTY,161,39 Years,232,128,104,126,64,62,48,31,17,1,1,0,2,1,1,55,31,24
FREESTONE COUNTY,161,40 Years,260,141,119,144,73,71,46,27,19,0,0,0,1,0,1,69,41,28
FREESTONE COUNTY,161,41 Years,275,156,119,164,85,79,42,28,14,0,0,0,2,1,1,67,42,25
FREESTONE COUNTY,161,42 Years,279,162,117,171,93,78,46,28,18,0,0,0,2,1,1,60,40,20
FREESTONE COUNTY,161,43 Years,276,155,121,161,88,73,60,36,24,0,0,0,1,1,0,54,30,24
FREESTONE COUNTY,161,44 Years,285,167,118,167,92,75,59,36,23,0,0,0,4,3,1,55,36,19
FREESTONE COUNTY,161,45 Years,263,155,108,171,96,75,45,27,18,0,0,0,2,1,1,45,31,14
FREESTONE COUNTY,161,46 Years,265,161,104,172,100,72,43,29,14,0,0,0,1,0,1,49,32,17
FREESTONE COUNTY,161,47 Years,259,155,104,159,88,71,50,37,13,2,2,0,3,2,1,45,26,19
FREESTONE COUNTY,161,48 Years,254,150,104,158,87,71,43,32,11,1,1,0,3,2,1,49,28,21
FREESTONE COUNTY,161,49 Years,239,151,88,152,92,60,42,32,10,0,0,0,5,4,1,40,23,17
FREESTONE COUNTY,161,50 Years,261,153,108,161,90,71,43,30,13,1,0,1,2,2,0,54,31,23
FREESTONE COUNTY,161,51 Years,276,148,128,173,87,86,56,38,18,1,0,1,2,1,1,44,22,22
FREESTONE COUNTY,161,52 Years,273,141,132,184,88,96,48,31,17,1,1,0,3,2,1,37,19,18
FREESTONE COUNTY,161,53 Years,261,138,123,171,84,87,48,30,18,1,1,0,4,3,1,37,20,17
FREESTONE COUNTY,161,54 Years,221,129,92,149,81,68,40,27,13,0,0,0,0,0,0,32,21,11
FREESTONE COUNTY,161,55 Years,212,116,96,140,70,70,42,27,15,0,0,0,2,1,1,28,18,10
FREESTONE COUNTY,161,56 Years,220,113,107,140,67,73,43,26,17,3,0,3,5,4,1,29,16,13
FREESTONE COUNTY,161,57 Years,242,120,122,164,77,87,45,25,20,1,0,1,5,3,2,27,15,12
FREESTONE COUNTY,161,58 Years,253,131,122,183,93,90,40,19,21,0,0,0,3,1,2,27,18,9
FREESTONE COUNTY,161,59 Years,253,143,110,180,96,84,42,25,17,1,0,1,3,2,1,27,20,7
FREESTONE COUNTY,161,60 Years,250,123,127,177,82,95,44,25,19,0,0,0,2,0,2,27,16,11
FREESTONE COUNTY,161,61 Years,250,116,134,182,79,103,46,25,21,0,0,0,1,1,0,21,11,10
FREESTONE COUNTY,161,62 Years,272,133,139,202,97,105,45,21,24,2,2,0,2,1,1,21,12,9
FREESTONE COUNTY,161,63 Years,273,139,134,200,98,102,49,27,22,1,1,0,3,2,1,20,11,9
FREESTONE COUNTY,161,64 Years,264,125,139,196,90,106,47,23,24,3,2,1,2,2,0,16,8,8
FREESTONE COUNTY,161,65 Years,246,116,130,185,87,98,42,21,21,1,0,1,2,1,1,16,7,9
FREESTONE COUNTY,161,66 Years,250,117,133,187,90,97,41,18,23,1,0,1,3,2,1,18,7,11
FREESTONE COUNTY,161,67 Years,263,125,138,198,97,101,43,19,24,0,0,0,2,1,1,20,8,12
FREESTONE COUNTY,161,68 Years,266,134,132,210,106,104,40,19,21,0,0,0,2,1,1,14,8,6
FREESTONE COUNTY,161,69 Years,267,129,138,213,104,109,39,15,24,0,0,0,3,2,1,12,8,4
FREESTONE COUNTY,161,70 Years,246,114,132,192,90,102,40,14,26,0,0,0,3,2,1,11,8,3
FREESTONE COUNTY,161,71 Years,222,108,114,168,79,89,40,18,22,0,0,0,2,2,0,12,9,3
FREESTONE COUNTY,161,72 Years,242,120,122,179,87,92,45,22,23,1,0,1,3,2,1,14,9,5
FREESTONE COUNTY,161,73 Years,235,111,124,186,88,98,35,18,17,1,0,1,1,0,1,12,5,7
FREESTONE COUNTY,161,74 Years,224,102,122,186,83,103,27,15,12,0,0,0,3,1,2,8,3,5
FREESTONE COUNTY,161,75 Years,228,117,111,190,96,94,26,15,11,0,0,0,3,2,1,9,4,5
FREESTONE COUNTY,161,76 Years,185,90,95,147,72,75,27,11,16,0,0,0,2,2,0,9,5,4
FREESTONE COUNTY,161,77 Years,166,75,91,130,60,70,23,8,15,0,0,0,4,2,2,9,5,4
FREESTONE COUNTY,161,78 Years,170,74,96,134,56,78,22,10,12,0,0,0,3,2,1,11,6,5
FREESTONE COUNTY,161,79 Years,161,73,88,131,55,76,20,10,10,0,0,0,3,2,1,7,6,1
FREESTONE COUNTY,161,80 Years,143,64,79,120,51,69,18,8,10,0,0,0,1,1,0,4,4,0
FREESTONE COUNTY,161,81 Years,121,55,66,101,47,54,15,6,9,0,0,0,2,1,1,3,1,2
FREESTONE COUNTY,161,82 Years,104,50,54,86,42,44,13,6,7,0,0,0,2,1,1,3,1,2
FREESTONE COUNTY,161,83 Years,96,43,53,77,36,41,13,5,8,1,1,0,1,0,1,4,1,3
FREESTONE COUNTY,161,84 Years,88,39,49,72,33,39,13,5,8,0,0,0,1,0,1,2,1,1
FREESTONE COUNTY,161,85 Years,76,35,41,63,29,34,10,5,5,0,0,0,1,0,1,2,1,1
FREESTONE COUNTY,161,86 Years,72,28,44,60,23,37,9,4,5,0,0,0,1,0,1,2,1,1
FREESTONE COUNTY,161,87 Years,63,23,40,52,19,33,8,3,5,0,0,0,1,0,1,2,1,1
FREESTONE COUNTY,161,88 Years,51,21,30,41,16,25,7,3,4,0,0,0,0,0,0,3,2,1
FREESTONE COUNTY,161,89 Years,46,15,31,38,13,25,6,2,4,0,0,0,1,0,1,1,0,1
FREESTONE COUNTY,161,90 Years,39,13,26,31,11,20,7,2,5,0,0,0,1,0,1,0,0,0
FREESTONE COUNTY,161,91 Years,37,15,22,28,11,17,6,2,4,0,0,0,1,1,0,2,1,1
FREESTONE COUNTY,161,92 Years,32,11,21,24,8,16,4,1,3,0,0,0,1,1,0,3,1,2
FREESTONE COUNTY,161,93 Years,25,6,19,18,4,14,5,2,3,0,0,0,0,0,0,2,0,2
FREESTONE COUNTY,161,94 Years,19,5,14,13,4,9,5,1,4,0,0,0,0,0,0,1,0,1
FREESTONE COUNTY,161,95 Years +,60,14,46,42,10,32,16,4,12,0,0,0,0,0,0,2,0,2
FRIO COUNTY,163,All Ages,18520,11065,7455,2551,1368,1183,597,543,54,473,429,44,155,92,63,14744,8633,6111
FRIO COUNTY,163,< 1 Year,213,111,102,24,13,11,2,1,1,0,0,0,4,2,2,183,95,88
FRIO COUNTY,163,1 Years,211,108,103,23,12,11,2,1,1,0,0,0,3,2,1,183,93,90
FRIO COUNTY,163,2 Years,210,108,102,23,12,11,2,1,1,0,0,0,3,2,1,182,93,89
FRIO COUNTY,163,3 Years,225,113,112,28,13,15,3,1,2,0,0,0,4,2,2,190,97,93
FRIO COUNTY,163,4 Years,225,117,108,28,14,14,1,1,0,0,0,0,4,3,1,192,99,93
FRIO COUNTY,163,5 Years,232,115,117,29,14,15,3,1,2,0,0,0,4,2,2,196,98,98
FRIO COUNTY,163,6 Years,232,118,114,27,14,13,0,0,0,2,2,0,3,2,1,200,100,100
FRIO COUNTY,163,7 Years,245,123,122,30,16,14,2,0,2,4,2,2,3,2,1,206,103,103
FRIO COUNTY,163,8 Years,250,126,124,30,14,16,2,0,2,3,0,3,1,0,1,214,112,102
FRIO COUNTY,163,9 Years,253,132,121,32,16,16,2,1,1,2,0,2,1,0,1,216,115,101
FRIO COUNTY,163,10 Years,244,123,121,31,14,17,2,1,1,2,0,2,1,0,1,208,108,100
FRIO COUNTY,163,11 Years,238,121,117,30,14,16,2,1,1,2,1,1,0,0,0,204,105,99
FRIO COUNTY,163,12 Years,240,124,116,27,12,15,2,1,1,0,0,0,0,0,0,211,111,100
FRIO COUNTY,163,13 Years,216,110,106,25,12,13,1,0,1,0,0,0,0,0,0,190,98,92
FRIO COUNTY,163,14 Years,220,121,99,24,11,13,0,0,0,0,0,0,0,0,0,196,110,86
FRIO COUNTY,163,15 Years,222,113,109,27,10,17,0,0,0,0,0,0,2,1,1,193,102,91
FRIO COUNTY,163,16 Years,232,117,115,24,10,14,3,1,2,0,0,0,1,0,1,204,106,98
FRIO COUNTY,163,17 Years,226,113,113,22,11,11,2,1,1,0,0,0,2,1,1,200,100,100
FRIO COUNTY,163,18 Years,273,164,109,25,14,11,10,10,0,3,3,0,2,2,0,233,135,98
FRIO COUNTY,163,19 Years,286,177,109,25,11,14,8,8,0,22,21,1,2,1,1,229,136,93
FRIO COUNTY,163,20 Years,355,228,127,29,18,11,16,16,0,13,12,1,3,3,0,294,179,115
FRIO COUNTY,163,21 Years,398,272,126,28,19,9,30,29,1,18,17,1,4,3,1,318,204,114
FRIO COUNTY,163,22 Years,396,279,117,31,22,9,31,31,0,20,20,0,3,1,2,311,205,106
FRIO COUNTY,163,23 Years,446,330,116,35,23,12,49,49,0,23,22,1,5,2,3,334,234,100
FRIO COUNTY,163,24 Years,403,305,98,35,25,10,40,40,0,16,16,0,1,1,0,311,223,88
FRIO COUNTY,163,25 Years,409,317,92,32,20,12,30,30,0,28,28,0,7,5,2,312,234,78
FRIO COUNTY,163,26 Years,384,300,84,28,19,9,30,30,0,23,23,0,4,3,1,299,225,74
FRIO COUNTY,163,27 Years,421,316,105,33,20,13,29,27,2,27,27,0,1,1,0,331,241,90
FRIO COUNTY,163,28 Years,391,292,99,33,19,14,24,21,3,28,27,1,6,5,1,300,220,80
FRIO COUNTY,163,29 Years,375,281,94,45,34,11,24,24,0,23,22,1,3,2,1,280,199,81
FRIO COUNTY,163,30 Years,396,292,104,40,26,14,30,30,0,23,22,1,3,2,1,300,212,88
FRIO COUNTY,163,31 Years,368,263,105,35,23,12,22,20,2,18,18,0,6,4,2,287,198,89
FRIO COUNTY,163,32 Years,326,246,80,24,15,9,18,18,0,26,26,0,4,3,1,254,184,70
FRIO COUNTY,163,33 Years,266,192,74,25,14,11,16,16,0,8,8,0,1,0,1,216,154,62
FRIO COUNTY,163,34 Years,292,219,73,23,14,9,26,24,2,9,8,1,2,2,0,232,171,61
FRIO COUNTY,163,35 Years,268,195,73,24,14,10,18,17,1,14,14,0,1,1,0,211,149,62
FRIO COUNTY,163,36 Years,250,170,80,26,13,13,9,9,0,8,7,1,1,0,1,206,141,65
FRIO COUNTY,163,37 Years,265,185,80,35,24,11,12,11,1,11,9,2,3,3,0,204,138,66
FRIO COUNTY,163,38 Years,270,185,85,33,22,11,5,4,1,10,9,1,1,1,0,221,149,72
FRIO COUNTY,163,39 Years,277,184,93,32,21,11,8,7,1,6,5,1,0,0,0,231,151,80
FRIO COUNTY,163,40 Years,239,153,86,23,13,10,8,7,1,7,4,3,0,0,0,201,129,72
FRIO COUNTY,163,41 Years,204,125,79,26,15,11,5,4,1,4,2,2,0,0,0,169,104,65
FRIO COUNTY,163,42 Years,217,139,78,28,15,13,2,2,0,5,4,1,1,1,0,181,117,64
FRIO COUNTY,163,43 Years,226,136,90,32,16,16,6,5,1,5,5,0,2,0,2,181,110,71
FRIO COUNTY,163,44 Years,205,124,81,28,16,12,6,4,2,6,5,1,0,0,0,165,99,66
FRIO COUNTY,163,45 Years,184,104,80,24,13,11,4,4,0,2,2,0,3,1,2,151,84,67
FRIO COUNTY,163,46 Years,182,105,77,22,11,11,3,2,1,8,8,0,2,1,1,147,83,64
FRIO COUNTY,163,47 Years,189,113,76,25,14,11,3,3,0,5,4,1,2,2,0,154,90,64
FRIO COUNTY,163,48 Years,187,101,86,27,17,10,5,5,0,2,2,0,2,1,1,151,76,75
FRIO COUNTY,163,49 Years,190,105,85,28,19,9,2,1,1,3,3,0,2,1,1,155,81,74
FRIO COUNTY,163,50 Years,187,106,81,24,16,8,4,4,0,4,4,0,2,0,2,153,82,71
FRIO COUNTY,163,51 Years,178,95,83,28,14,14,0,0,0,2,1,1,1,1,0,147,79,68
FRIO COUNTY,163,52 Years,179,104,75,35,18,17,0,0,0,4,3,1,1,1,0,139,82,57
FRIO COUNTY,163,53 Years,167,93,74,31,16,15,1,0,1,1,1,0,1,1,0,133,75,58
FRIO COUNTY,163,54 Years,169,101,68,32,19,13,2,2,0,5,2,3,2,2,0,128,76,52
FRIO COUNTY,163,55 Years,175,97,78,34,16,18,4,3,1,3,2,1,1,1,0,133,75,58
FRIO COUNTY,163,56 Years,181,89,92,29,14,15,5,3,2,1,1,0,0,0,0,146,71,75
FRIO COUNTY,163,57 Years,179,94,85,28,16,12,5,3,2,1,1,0,2,1,1,143,73,70
FRIO COUNTY,163,58 Years,194,91,103,38,16,22,3,2,1,1,1,0,3,2,1,149,70,79
FRIO COUNTY,163,59 Years,182,90,92,39,15,24,2,1,1,0,0,0,3,1,2,138,73,65
FRIO COUNTY,163,60 Years,158,78,80,38,19,19,2,1,1,2,2,0,1,1,0,115,55,60
FRIO COUNTY,163,61 Years,149,70,79,36,21,15,2,1,1,0,0,0,2,1,1,109,47,62
FRIO COUNTY,163,62 Years,157,83,74,35,22,13,2,1,1,0,0,0,3,2,1,117,58,59
FRIO COUNTY,163,63 Years,156,84,72,36,23,13,1,1,0,2,0,2,2,1,1,115,59,56
FRIO COUNTY,163,64 Years,147,76,71,35,20,15,0,0,0,1,0,1,2,1,1,109,55,54
FRIO COUNTY,163,65 Years,144,70,74,35,18,17,0,0,0,0,0,0,1,0,1,108,52,56
FRIO COUNTY,163,66 Years,136,65,71,34,17,17,0,0,0,0,0,0,3,1,2,99,47,52
FRIO COUNTY,163,67 Years,129,63,66,37,20,17,0,0,0,0,0,0,3,1,2,89,42,47
FRIO COUNTY,163,68 Years,117,56,61,32,15,17,0,0,0,0,0,0,2,0,2,83,41,42
FRIO COUNTY,163,69 Years,116,53,63,32,14,18,0,0,0,0,0,0,1,0,1,83,39,44
FRIO COUNTY,163,70 Years,111,46,65,33,15,18,0,0,0,0,0,0,1,1,0,77,30,47
FRIO COUNTY,163,71 Years,115,47,68,31,13,18,0,0,0,0,0,0,2,1,1,82,33,49
FRIO COUNTY,163,72 Years,126,61,65,32,16,16,0,0,0,0,0,0,1,1,0,93,44,49
FRIO COUNTY,163,73 Years,132,61,71,38,18,20,0,0,0,0,0,0,0,0,0,94,43,51
FRIO COUNTY,163,74 Years,121,52,69,36,16,20,2,0,2,1,1,0,0,0,0,82,35,47
FRIO COUNTY,163,75 Years,105,49,56,25,11,14,0,0,0,1,1,0,0,0,0,79,37,42
FRIO COUNTY,163,76 Years,100,45,55,26,14,12,0,0,0,0,0,0,0,0,0,74,31,43
FRIO COUNTY,163,77 Years,103,47,56,28,15,13,0,0,0,1,0,1,0,0,0,74,32,42
FRIO COUNTY,163,78 Years,93,43,50,25,12,13,0,0,0,0,0,0,0,0,0,68,31,37
FRIO COUNTY,163,79 Years,81,33,48,23,10,13,0,0,0,0,0,0,0,0,0,58,23,35
FRIO COUNTY,163,80 Years,69,26,43,17,7,10,0,0,0,1,0,1,1,0,1,50,19,31
FRIO COUNTY,163,81 Years,61,23,38,18,6,12,1,1,0,0,0,0,0,0,0,42,16,26
FRIO COUNTY,163,82 Years,52,24,28,18,8,10,0,0,0,0,0,0,0,0,0,34,16,18
FRIO COUNTY,163,83 Years,52,22,30,19,8,11,0,0,0,1,0,1,0,0,0,32,14,18
FRIO COUNTY,163,84 Years,46,19,27,18,8,10,0,0,0,1,0,1,0,0,0,27,11,16
FRIO COUNTY,163,85 Years,44,19,25,16,8,8,0,0,0,0,0,0,0,0,0,28,11,17
FRIO COUNTY,163,86 Years,39,16,23,13,6,7,0,0,0,0,0,0,0,0,0,26,10,16
FRIO COUNTY,163,87 Years,37,15,22,9,5,4,0,0,0,0,0,0,0,0,0,28,10,18
FRIO COUNTY,163,88 Years,35,10,25,7,3,4,1,0,1,1,1,0,0,0,0,26,6,20
FRIO COUNTY,163,89 Years,25,7,18,4,1,3,0,0,0,0,0,0,0,0,0,21,6,15
FRIO COUNTY,163,90 Years,20,7,13,4,1,3,0,0,0,0,0,0,0,0,0,16,6,10
FRIO COUNTY,163,91 Years,17,6,11,4,1,3,0,0,0,0,0,0,0,0,0,13,5,8
FRIO COUNTY,163,92 Years,15,4,11,4,2,2,0,0,0,0,0,0,0,0,0,11,2,9
FRIO COUNTY,163,93 Years,13,3,10,3,1,2,0,0,0,0,0,0,0,0,0,10,2,8
FRIO COUNTY,163,94 Years,9,4,5,2,1,1,0,0,0,0,0,0,0,0,0,7,3,4
FRIO COUNTY,163,95 Years +,27,8,19,7,2,5,0,0,0,0,0,0,1,0,1,19,6,13
GAINES COUNTY,165,All Ages,23075,11719,11356,12427,6173,6254,345,198,147,57,31,26,237,122,115,10009,5195,4814
GAINES COUNTY,165,< 1 Year,411,215,196,222,118,104,6,4,2,1,1,0,11,5,6,171,87,84
GAINES COUNTY,165,1 Years,356,182,174,164,84,80,5,3,2,1,0,1,11,5,6,175,90,85
GAINES COUNTY,165,2 Years,352,180,172,163,83,80,5,3,2,1,0,1,11,6,5,172,88,84
GAINES COUNTY,165,3 Years,427,226,201,234,124,110,4,3,1,0,0,0,5,4,1,184,95,89
GAINES COUNTY,165,4 Years,463,249,214,259,140,119,5,4,1,1,1,0,3,3,0,195,101,94
GAINES COUNTY,165,5 Years,471,255,216,245,134,111,5,4,1,2,1,1,7,3,4,212,113,99
GAINES COUNTY,165,6 Years,496,268,228,244,132,112,7,4,3,2,1,1,9,4,5,234,127,107
GAINES COUNTY,165,7 Years,505,261,244,239,123,116,8,3,5,1,1,0,10,4,6,247,130,117
GAINES COUNTY,165,8 Years,479,238,241,243,116,127,5,2,3,2,1,1,4,3,1,225,116,109
GAINES COUNTY,165,9 Years,447,218,229,226,109,117,6,3,3,1,0,1,2,2,0,212,104,108
GAINES COUNTY,165,10 Years,435,213,222,217,108,109,6,3,3,1,0,1,5,2,3,206,100,106
GAINES COUNTY,165,11 Years,431,218,213,212,107,105,6,3,3,0,0,0,6,3,3,207,105,102
GAINES COUNTY,165,12 Years,471,241,230,221,118,103,7,3,4,0,0,0,5,2,3,238,118,120
GAINES COUNTY,165,13 Years,470,238,232,238,118,120,6,3,3,0,0,0,4,2,2,222,115,107
GAINES COUNTY,165,14 Years,471,229,242,253,113,140,5,2,3,0,0,0,6,3,3,207,111,96
GAINES COUNTY,165,15 Years,448,210,238,250,102,148,3,1,2,0,0,0,6,3,3,189,104,85
GAINES COUNTY,165,16 Years,446,213,233,245,111,134,5,3,2,0,0,0,2,1,1,194,98,96
GAINES COUNTY,165,17 Years,442,206,236,235,107,128,3,2,1,0,0,0,4,0,4,200,97,103
GAINES COUNTY,165,18 Years,469,229,240,253,125,128,5,3,2,1,1,0,6,2,4,204,98,106
GAINES COUNTY,165,19 Years,440,227,213,230,123,107,4,2,2,2,2,0,7,2,5,197,98,99
GAINES COUNTY,165,20 Years,403,219,184,218,121,97,3,1,2,2,2,0,4,2,2,176,93,83
GAINES COUNTY,165,21 Years,375,195,180,201,109,92,6,1,5,1,1,0,2,2,0,165,82,83
GAINES COUNTY,165,22 Years,341,172,169,185,98,87,6,4,2,1,0,1,2,1,1,147,69,78
GAINES COUNTY,165,23 Years,306,146,160,165,79,86,5,4,1,1,1,0,3,2,1,132,60,72
GAINES COUNTY,165,24 Years,281,138,143,148,72,76,4,3,1,2,2,0,2,1,1,125,60,65
GAINES COUNTY,165,25 Years,267,131,136,140,64,76,4,2,2,1,1,0,2,2,0,120,62,58
GAINES COUNTY,165,26 Years,288,140,148,149,66,83,5,3,2,1,1,0,3,2,1,130,68,62
GAINES COUNTY,165,27 Years,295,147,148,152,69,83,5,4,1,0,0,0,2,2,0,136,72,64
GAINES COUNTY,165,28 Years,280,146,134,148,77,71,3,2,1,5,1,4,3,2,1,121,64,57
GAINES COUNTY,165,29 Years,287,155,132,155,83,72,4,2,2,2,1,1,3,2,1,123,67,56
GAINES COUNTY,165,30 Years,312,172,140,165,87,78,4,2,2,0,0,0,5,4,1,138,79,59
GAINES COUNTY,165,31 Years,307,171,136,163,86,77,4,3,1,0,0,0,4,3,1,136,79,57
GAINES COUNTY,165,32 Years,291,156,135,155,78,77,4,3,1,0,0,0,4,2,2,128,73,55
GAINES COUNTY,165,33 Years,302,156,146,159,73,86,2,1,1,1,1,0,4,1,3,136,80,56
GAINES COUNTY,165,34 Years,306,155,151,165,78,87,3,2,1,1,1,0,2,1,1,135,73,62
GAINES COUNTY,165,35 Years,290,157,133,157,83,74,2,2,0,1,1,0,1,0,1,129,71,58
GAINES COUNTY,165,36 Years,296,159,137,164,83,81,4,3,1,1,1,0,2,0,2,125,72,53
GAINES COUNTY,165,37 Years,284,139,145,155,76,79,4,3,1,1,1,0,3,0,3,121,59,62
GAINES COUNTY,165,38 Years,296,152,144,160,86,74,4,3,1,2,0,2,2,0,2,128,63,65
GAINES COUNTY,165,39 Years,288,149,139,152,82,70,8,7,1,1,0,1,1,0,1,126,60,66
GAINES COUNTY,165,40 Years,270,142,128,142,76,66,9,8,1,0,0,0,1,0,1,118,58,60
GAINES COUNTY,165,41 Years,278,150,128,146,80,66,6,5,1,0,0,0,2,1,1,124,64,60
GAINES COUNTY,165,42 Years,272,137,135,143,71,72,6,4,2,0,0,0,0,0,0,123,62,61
GAINES COUNTY,165,43 Years,287,143,144,156,81,75,3,3,0,0,0,0,1,0,1,127,59,68
GAINES COUNTY,165,44 Years,277,138,139,150,79,71,3,3,0,0,0,0,1,0,1,123,56,67
GAINES COUNTY,165,45 Years,277,142,135,139,70,69,4,3,1,0,0,0,2,1,1,132,68,64
GAINES COUNTY,165,46 Years,272,141,131,140,68,72,6,3,3,1,0,1,2,1,1,123,69,54
GAINES COUNTY,165,47 Years,245,123,122,133,61,72,7,3,4,1,0,1,2,2,0,102,57,45
GAINES COUNTY,165,48 Years,235,120,115,131,66,65,5,1,4,0,0,0,1,1,0,98,52,46
GAINES COUNTY,165,49 Years,222,112,110,117,60,57,3,0,3,1,1,0,1,0,1,100,51,49
GAINES COUNTY,165,50 Years,232,117,115,126,61,65,3,3,0,1,0,1,2,1,1,100,52,48
GAINES COUNTY,165,51 Years,223,105,118,124,56,68,7,4,3,1,0,1,0,0,0,91,45,46
GAINES COUNTY,165,52 Years,221,115,106,136,66,70,5,3,2,0,0,0,0,0,0,80,46,34
GAINES COUNTY,165,53 Years,196,99,97,116,56,60,3,1,2,0,0,0,2,0,2,75,42,33
GAINES COUNTY,165,54 Years,198,101,97,116,59,57,3,1,2,0,0,0,0,0,0,79,41,38
GAINES COUNTY,165,55 Years,194,104,90,112,58,54,1,1,0,1,1,0,0,0,0,80,44,36
GAINES COUNTY,165,56 Years,187,97,90,109,54,55,2,1,1,0,0,0,0,0,0,76,42,34
GAINES COUNTY,165,57 Years,206,109,97,122,63,59,5,2,3,0,0,0,1,1,0,78,43,35
GAINES COUNTY,165,58 Years,238,127,111,140,77,63,5,1,4,1,1,0,2,2,0,90,46,44
GAINES COUNTY,165,59 Years,243,121,122,145,74,71,6,1,5,1,1,0,2,2,0,89,43,46
GAINES COUNTY,165,60 Years,238,117,121,138,67,71,7,3,4,1,1,0,2,2,0,90,44,46
GAINES COUNTY,165,61 Years,231,112,119,131,55,76,5,4,1,1,1,0,2,1,1,92,51,41
GAINES COUNTY,165,62 Years,231,116,115,134,59,75,6,3,3,1,1,0,4,2,2,86,51,35
GAINES COUNTY,165,63 Years,219,121,98,128,66,62,4,3,1,1,0,1,4,2,2,82,50,32
GAINES COUNTY,165,64 Years,206,112,94,107,57,50,6,2,4,1,0,1,3,1,2,89,52,37
GAINES COUNTY,165,65 Years,186,96,90,103,52,51,7,4,3,0,0,0,3,1,2,73,39,34
GAINES COUNTY,165,66 Years,168,85,83,96,49,47,4,2,2,0,0,0,3,1,2,65,33,32
GAINES COUNTY,165,67 Years,155,78,77,90,44,46,2,1,1,0,0,0,1,1,0,62,32,30
GAINES COUNTY,165,68 Years,133,67,66,75,35,40,1,1,0,0,0,0,2,1,1,55,30,25
GAINES COUNTY,165,69 Years,139,67,72,79,35,44,2,0,2,1,0,1,2,1,1,55,31,24
GAINES COUNTY,165,70 Years,136,68,68,78,39,39,1,0,1,1,0,1,1,0,1,55,29,26
GAINES COUNTY,165,71 Years,114,54,60,64,30,34,0,0,0,1,0,1,1,0,1,48,24,24
GAINES COUNTY,165,72 Years,109,51,58,62,28,34,1,1,0,1,0,1,0,0,0,45,22,23
GAINES COUNTY,165,73 Years,101,52,49,58,29,29,2,2,0,0,0,0,0,0,0,41,21,20
GAINES COUNTY,165,74 Years,95,46,49,55,28,27,0,0,0,0,0,0,1,1,0,39,17,22
GAINES COUNTY,165,75 Years,82,42,40,47,26,21,0,0,0,0,0,0,2,2,0,33,14,19
GAINES COUNTY,165,76 Years,71,39,32,42,23,19,1,1,0,0,0,0,1,1,0,27,14,13
GAINES COUNTY,165,77 Years,73,33,40,48,22,26,1,0,1,0,0,0,0,0,0,24,11,13
GAINES COUNTY,165,78 Years,64,28,36,43,19,24,1,1,0,0,0,0,0,0,0,20,8,12
GAINES COUNTY,165,79 Years,62,31,31,41,18,23,2,2,0,0,0,0,1,1,0,18,10,8
GAINES COUNTY,165,80 Years,58,28,30,37,14,23,2,1,1,0,0,0,1,1,0,18,12,6
GAINES COUNTY,165,81 Years,41,19,22,25,9,16,1,1,0,0,0,0,1,1,0,14,8,6
GAINES COUNTY,165,82 Years,40,17,23,27,10,17,1,1,0,0,0,0,0,0,0,12,6,6
GAINES COUNTY,165,83 Years,41,14,27,30,10,20,1,0,1,0,0,0,0,0,0,10,4,6
GAINES COUNTY,165,84 Years,38,13,25,27,10,17,1,0,1,0,0,0,0,0,0,10,3,7
GAINES COUNTY,165,85 Years,39,13,26,27,8,19,1,0,1,0,0,0,0,0,0,11,5,6
GAINES COUNTY,165,86 Years,37,14,23,22,7,15,1,0,1,0,0,0,0,0,0,14,7,7
GAINES COUNTY,165,87 Years,33,15,18,19,7,12,0,0,0,0,0,0,1,1,0,13,7,6
GAINES COUNTY,165,88 Years,27,13,14,18,7,11,1,1,0,0,0,0,1,1,0,7,4,3
GAINES COUNTY,165,89 Years,21,7,14,16,5,11,1,0,1,0,0,0,0,0,0,4,2,2
GAINES COUNTY,165,90 Years,17,7,10,14,5,9,0,0,0,0,0,0,0,0,0,3,2,1
GAINES COUNTY,165,91 Years,18,8,10,14,5,9,0,0,0,0,0,0,0,0,0,4,3,1
GAINES COUNTY,165,92 Years,13,6,7,11,4,7,0,0,0,0,0,0,0,0,0,2,2,0
GAINES COUNTY,165,93 Years,11,4,7,9,3,6,0,0,0,0,0,0,0,0,0,2,1,1
GAINES COUNTY,165,94 Years,8,3,5,6,2,4,0,0,0,0,0,0,0,0,0,2,1,1
GAINES COUNTY,165,95 Years +,22,9,13,14,5,9,0,0,0,0,0,0,0,0,0,8,4,4
GALVESTON COUNTY,167,All Ages,360795,176470,184325,197370,96644,100726,46469,21891,24578,13918,6466,7452,9160,4581,4579,93878,46888,46990
GALVESTON COUNTY,167,< 1 Year,4040,2073,1967,1633,834,799,531,270,261,123,65,58,241,127,114,1512,777,735
GALVESTON COUNTY,167,1 Years,3985,2033,1952,1588,811,777,551,281,270,124,63,61,191,97,94,1531,781,750
GALVESTON COUNTY,167,2 Years,3961,2024,1937,1594,814,780,542,277,265,120,62,58,188,96,92,1517,775,742
GALVESTON COUNTY,167,3 Years,4048,2036,2012,1778,891,887,533,271,262,106,56,50,208,100,108,1423,718,705
GALVESTON COUNTY,167,4 Years,4143,2084,2059,1865,935,930,549,274,275,105,54,51,215,101,114,1409,720,689
GALVESTON COUNTY,167,5 Years,4303,2183,2120,1958,985,973,584,296,288,118,62,56,224,107,117,1419,733,686
GALVESTON COUNTY,167,6 Years,4518,2329,2189,2069,1062,1007,623,318,305,125,67,58,220,107,113,1481,775,706
GALVESTON COUNTY,167,7 Years,4716,2443,2273,2198,1139,1059,648,334,314,130,70,60,208,103,105,1532,797,735
GALVESTON COUNTY,167,8 Years,4823,2488,2335,2281,1168,1113,647,332,315,131,73,58,207,109,98,1557,806,751
GALVESTON COUNTY,167,9 Years,4827,2467,2360,2298,1159,1139,634,325,309,137,74,63,211,113,98,1547,796,751
GALVESTON COUNTY,167,10 Years,4827,2471,2356,2265,1147,1118,623,321,302,145,76,69,220,114,106,1574,813,761
GALVESTON COUNTY,167,11 Years,4910,2506,2404,2279,1155,1124,625,319,306,159,80,79,221,109,112,1626,843,783
GALVESTON COUNTY,167,12 Years,4852,2456,2396,2234,1119,1115,624,310,314,157,75,82,209,104,105,1628,848,780
GALVESTON COUNTY,167,13 Years,4931,2506,2425,2218,1130,1088,704,349,355,160,80,80,210,111,99,1639,836,803
GALVESTON COUNTY,167,14 Years,5063,2603,2460,2239,1144,1095,741,381,360,174,97,77,211,113,98,1698,868,830
GALVESTON COUNTY,167,15 Years,5131,2633,2498,2301,1171,1130,731,384,347,180,96,84,197,107,90,1722,875,847
GALVESTON COUNTY,167,16 Years,5029,2564,2465,2299,1167,1132,728,381,347,182,87,95,196,114,82,1624,815,809
GALVESTON COUNTY,167,17 Years,4929,2517,2412,2299,1180,1119,662,352,310,183,82,101,190,106,84,1595,797,798
GALVESTON COUNTY,167,18 Years,5044,2633,2411,2384,1242,1142,678,370,308,197,95,102,169,99,70,1616,827,789
GALVESTON COUNTY,167,19 Years,4963,2547,2416,2295,1174,1121,721,372,349,212,104,108,153,83,70,1582,814,768
GALVESTON COUNTY,167,20 Years,4823,2440,2383,2222,1130,1092,678,331,347,198,92,106,149,79,70,1576,808,768
GALVESTON COUNTY,167,21 Years,4729,2407,2322,2190,1117,1073,635,320,315,201,86,115,159,90,69,1544,794,750
GALVESTON COUNTY,167,22 Years,4491,2293,2198,2052,1071,981,640,317,323,189,85,104,155,88,67,1455,732,723
GALVESTON COUNTY,167,23 Years,4283,2228,2055,2007,1064,943,616,322,294,176,87,89,136,76,60,1348,679,669
GALVESTON COUNTY,167,24 Years,4256,2212,2044,2018,1080,938,625,324,301,180,86,94,127,65,62,1306,657,649
GALVESTON COUNTY,167,25 Years,4273,2164,2109,2046,1065,981,609,306,303,192,77,115,131,67,64,1295,649,646
GALVESTON COUNTY,167,26 Years,4390,2199,2191,2133,1094,1039,599,298,301,219,81,138,131,65,66,1308,661,647
GALVESTON COUNTY,167,27 Years,4589,2253,2336,2249,1106,1143,649,327,322,234,94,140,114,57,57,1343,669,674
GALVESTON COUNTY,167,28 Years,4389,2133,2256,2159,1059,1100,605,290,315,217,97,120,105,51,54,1303,636,667
GALVESTON COUNTY,167,29 Years,4498,2165,2333,2202,1094,1108,666,302,364,223,95,128,113,50,63,1294,624,670
GALVESTON COUNTY,167,30 Years,4690,2292,2398,2341,1180,1161,690,311,379,194,81,113,119,57,62,1346,663,683
GALVESTON COUNTY,167,31 Years,4901,2425,2476,2502,1268,1234,699,311,388,184,89,95,116,57,59,1400,700,700
GALVESTON COUNTY,167,32 Years,4878,2435,2443,2513,1246,1267,685,331,354,194,101,93,107,51,56,1379,706,673
GALVESTON COUNTY,167,33 Years,4696,2319,2377,2441,1171,1270,664,342,322,173,86,87,94,45,49,1324,675,649
GALVESTON COUNTY,167,34 Years,4581,2207,2374,2400,1153,1247,629,291,338,186,84,102,88,43,45,1278,636,642
GALVESTON COUNTY,167,35 Years,4665,2214,2451,2482,1186,1296,589,253,336,221,98,123,86,37,49,1287,640,647
GALVESTON COUNTY,167,36 Years,4783,2334,2449,2585,1257,1328,580,278,302,207,93,114,85,38,47,1326,668,658
GALVESTON COUNTY,167,37 Years,4750,2372,2378,2548,1260,1288,589,306,283,198,94,104,77,34,43,1338,678,660
GALVESTON COUNTY,167,38 Years,4905,2358,2547,2571,1248,1323,637,294,343,208,97,111,75,40,35,1414,679,735
GALVESTON COUNTY,167,39 Years,4909,2355,2554,2550,1226,1324,624,292,332,205,93,112,81,43,38,1449,701,748
GALVESTON COUNTY,167,40 Years,4821,2337,2484,2539,1232,1307,600,295,305,210,92,118,93,42,51,1379,676,703
GALVESTON COUNTY,167,41 Years,4894,2349,2545,2566,1240,1326,659,307,352,206,83,123,91,42,49,1372,677,695
GALVESTON COUNTY,167,42 Years,5003,2435,2568,2608,1289,1319,695,311,384,196,80,116,95,47,48,1409,708,701
GALVESTON COUNTY,167,43 Years,4882,2360,2522,2588,1272,1316,654,281,373,213,94,119,86,35,51,1341,678,663
GALVESTON COUNTY,167,44 Years,4632,2217,2415,2473,1199,1274,598,258,340,188,77,111,78,33,45,1295,650,645
GALVESTON COUNTY,167,45 Years,4491,2154,2337,2358,1170,1188,576,243,333,202,67,135,76,38,38,1279,636,643
GALVESTON COUNTY,167,46 Years,4470,2143,2327,2327,1134,1193,566,245,321,225,87,138,81,43,38,1271,634,637
GALVESTON COUNTY,167,47 Years,4465,2166,2299,2346,1135,1211,533,244,289,245,108,137,75,36,39,1266,643,623
GALVESTON COUNTY,167,48 Years,4435,2167,2268,2383,1146,1237,531,247,284,210,100,110,85,41,44,1226,633,593
GALVESTON COUNTY,167,49 Years,4460,2199,2261,2452,1197,1255,526,246,280,212,99,113,85,41,44,1185,616,569
GALVESTON COUNTY,167,50 Years,4461,2202,2259,2448,1202,1246,514,251,263,228,105,123,94,45,49,1177,599,578
GALVESTON COUNTY,167,51 Years,4750,2325,2425,2754,1343,1411,517,247,270,227,108,119,99,46,53,1153,581,572
GALVESTON COUNTY,167,52 Years,4747,2304,2443,2828,1379,1449,501,243,258,224,106,118,88,43,45,1106,533,573
GALVESTON COUNTY,167,53 Years,4509,2203,2306,2731,1353,1378,453,224,229,208,92,116,71,32,39,1046,502,544
GALVESTON COUNTY,167,54 Years,4389,2119,2270,2681,1307,1374,453,216,237,189,81,108,73,33,40,993,482,511
GALVESTON COUNTY,167,55 Years,4287,2083,2204,2603,1265,1338,483,235,248,191,89,102,54,28,26,956,466,490
GALVESTON COUNTY,167,56 Years,4391,2106,2285,2654,1278,1376,534,254,280,208,104,104,66,37,29,929,433,496
GALVESTON COUNTY,167,57 Years,4581,2185,2396,2781,1345,1436,567,249,318,206,104,102,74,33,41,953,454,499
GALVESTON COUNTY,167,58 Years,4660,2219,2441,2902,1395,1507,581,249,332,194,96,98,79,33,46,904,446,458
GALVESTON COUNTY,167,59 Years,4790,2304,2486,3070,1492,1578,569,252,317,186,85,101,70,33,37,895,442,453
GALVESTON COUNTY,167,60 Years,4842,2304,2538,3126,1492,1634,574,263,311,183,81,102,74,44,30,885,424,461
GALVESTON COUNTY,167,61 Years,4875,2322,2553,3168,1515,1653,593,270,323,176,81,95,81,43,38,857,413,444
GALVESTON COUNTY,167,62 Years,4863,2327,2536,3196,1534,1662,594,268,326,168,84,84,84,41,43,821,400,421
GALVESTON COUNTY,167,63 Years,4730,2281,2449,3140,1521,1619,586,256,330,160,85,75,77,30,47,767,389,378
GALVESTON COUNTY,167,64 Years,4580,2226,2354,3046,1480,1566,554,246,308,158,83,75,78,41,37,744,376,368
GALVESTON COUNTY,167,65 Years,4431,2176,2255,2974,1456,1518,530,242,288,155,82,73,73,36,37,699,360,339
GALVESTON COUNTY,167,66 Years,4278,2106,2172,2888,1421,1467,526,244,282,146,75,71,72,34,38,646,332,314
GALVESTON COUNTY,167,67 Years,4126,1995,2131,2808,1385,1423,509,218,291,147,68,79,65,35,30,597,289,308
GALVESTON COUNTY,167,68 Years,3951,1854,2097,2698,1307,1391,484,196,288,152,59,93,56,27,29,561,265,296
GALVESTON COUNTY,167,69 Years,3786,1791,1995,2591,1254,1337,475,194,281,137,63,74,52,24,28,531,256,275
GALVESTON COUNTY,167,70 Years,3584,1687,1897,2479,1191,1288,435,180,255,110,56,54,56,26,30,504,234,270
GALVESTON COUNTY,167,71 Years,3297,1540,1757,2263,1082,1181,398,165,233,102,50,52,50,22,28,484,221,263
GALVESTON COUNTY,167,72 Years,3129,1456,1673,2155,1028,1127,384,160,224,98,46,52,43,20,23,449,202,247
GALVESTON COUNTY,167,73 Years,2949,1357,1592,2044,957,1087,358,150,208,108,49,59,39,19,20,400,182,218
GALVESTON COUNTY,167,74 Years,2872,1321,1551,2072,971,1101,326,132,194,90,40,50,29,13,16,355,165,190
GALVESTON COUNTY,167,75 Years,2736,1276,1460,2008,949,1059,282,126,156,83,38,45,30,15,15,333,148,185
GALVESTON COUNTY,167,76 Years,2276,1061,1215,1639,779,860,247,110,137,73,28,45,28,15,13,289,129,160
GALVESTON COUNTY,167,77 Years,2008,930,1078,1414,675,739,229,89,140,70,21,49,27,15,12,268,130,138
GALVESTON COUNTY,167,78 Years,1906,865,1041,1382,653,729,211,75,136,57,22,35,24,11,13,232,104,128
GALVESTON COUNTY,167,79 Years,1762,785,977,1293,592,701,191,73,118,45,20,25,20,7,13,213,93,120
GALVESTON COUNTY,167,80 Years,1565,685,880,1129,506,623,171,68,103,46,19,27,20,8,12,199,84,115
GALVESTON COUNTY,167,81 Years,1394,610,784,1001,446,555,154,59,95,51,22,29,18,7,11,170,76,94
GALVESTON COUNTY,167,82 Years,1241,536,705,890,394,496,136,48,88,48,24,24,16,6,10,151,64,87
GALVESTON COUNTY,167,83 Years,1108,462,646,787,340,447,131,48,83,33,16,17,12,4,8,145,54,91
GALVESTON COUNTY,167,84 Years,1001,410,591,704,299,405,121,41,80,32,17,15,14,4,10,130,49,81
GALVESTON COUNTY,167,85 Years,921,363,558,645,268,377,118,34,84,28,14,14,13,3,10,117,44,73
GALVESTON COUNTY,167,86 Years,813,312,501,572,232,340,106,29,77,24,9,15,10,3,7,101,39,62
GALVESTON COUNTY,167,87 Years,727,272,455,515,201,314,90,25,65,21,8,13,9,2,7,92,36,56
GALVESTON COUNTY,167,88 Years,606,224,382,426,160,266,73,21,52,15,6,9,9,3,6,83,34,49
GALVESTON COUNTY,167,89 Years,525,192,333,364,138,226,66,17,49,13,5,8,7,2,5,75,30,45
GALVESTON COUNTY,167,90 Years,458,163,295,322,117,205,57,15,42,11,5,6,4,1,3,64,25,39
GALVESTON COUNTY,167,91 Years,390,138,252,275,102,173,48,12,36,9,4,5,5,1,4,53,19,34
GALVESTON COUNTY,167,92 Years,333,121,212,233,88,145,42,10,32,9,5,4,4,1,3,45,17,28
GALVESTON COUNTY,167,93 Years,278,97,181,201,71,130,35,10,25,7,3,4,2,1,1,33,12,21
GALVESTON COUNTY,167,94 Years,225,74,151,158,53,105,32,8,24,5,2,3,2,1,1,28,10,18
GALVESTON COUNTY,167,95 Years +,589,173,416,386,112,274,106,29,77,13,5,8,7,2,5,77,25,52
GARZA COUNTY,169,All Ages,5638,3742,1896,2335,1361,974,352,231,121,6,1,5,60,32,28,2885,2117,768
GARZA COUNTY,169,< 1 Year,45,22,23,16,8,8,2,0,2,1,1,0,1,0,1,25,13,12
GARZA COUNTY,169,1 Years,47,25,22,17,9,8,3,2,1,0,0,0,2,1,1,25,13,12
GARZA COUNTY,169,2 Years,48,24,24,18,9,9,3,1,2,0,0,0,2,1,1,25,13,12
GARZA COUNTY,169,3 Years,40,21,19,14,7,7,2,1,1,0,0,0,1,0,1,23,13,10
GARZA COUNTY,169,4 Years,38,20,18,14,7,7,3,1,2,0,0,0,1,0,1,20,12,8
GARZA COUNTY,169,5 Years,44,23,21,16,8,8,3,0,3,0,0,0,3,1,2,22,14,8
GARZA COUNTY,169,6 Years,46,24,22,17,8,9,3,1,2,0,0,0,3,2,1,23,13,10
GARZA COUNTY,169,7 Years,47,24,23,18,9,9,3,1,2,0,0,0,3,2,1,23,12,11
GARZA COUNTY,169,8 Years,46,23,23,20,10,10,1,0,1,0,0,0,3,2,1,22,11,11
GARZA COUNTY,169,9 Years,40,18,22,17,9,8,1,0,1,0,0,0,3,1,2,19,8,11
GARZA COUNTY,169,10 Years,41,19,22,16,8,8,2,0,2,0,0,0,3,2,1,20,9,11
GARZA COUNTY,169,11 Years,42,19,23,17,9,8,2,0,2,0,0,0,1,0,1,22,10,12
GARZA COUNTY,169,12 Years,50,23,27,20,9,11,4,0,4,0,0,0,1,0,1,25,14,11
GARZA COUNTY,169,13 Years,62,38,24,21,14,7,5,2,3,0,0,0,1,0,1,35,22,13
GARZA COUNTY,169,14 Years,53,36,17,20,14,6,3,2,1,0,0,0,2,2,0,28,18,10
GARZA COUNTY,169,15 Years,61,42,19,24,17,7,4,3,1,0,0,0,2,2,0,31,20,11
GARZA COUNTY,169,16 Years,57,36,21,24,14,10,4,4,0,0,0,0,0,0,0,29,18,11
GARZA COUNTY,169,17 Years,50,30,20,23,14,9,3,3,0,0,0,0,0,0,0,24,13,11
GARZA COUNTY,169,18 Years,101,81,20,36,27,9,8,7,1,0,0,0,0,0,0,57,47,10
GARZA COUNTY,169,19 Years,90,68,22,27,18,9,7,6,1,0,0,0,1,0,1,55,44,11
GARZA COUNTY,169,20 Years,89,65,24,27,18,9,9,7,2,0,0,0,0,0,0,53,40,13
GARZA COUNTY,169,21 Years,114,92,22,30,23,7,13,12,1,0,0,0,0,0,0,71,57,14
GARZA COUNTY,169,22 Years,146,127,19,37,30,7,14,12,2,0,0,0,1,0,1,94,85,9
GARZA COUNTY,169,23 Years,99,79,20,32,25,7,7,5,2,0,0,0,1,0,1,59,49,10
GARZA COUNTY,169,24 Years,89,66,23,28,19,9,4,3,1,0,0,0,0,0,0,57,44,13
GARZA COUNTY,169,25 Years,135,106,29,25,13,12,13,12,1,0,0,0,0,0,0,97,81,16
GARZA COUNTY,169,26 Years,168,137,31,45,34,11,13,9,4,0,0,0,1,0,1,109,94,15
GARZA COUNTY,169,27 Years,112,87,25,37,27,10,10,7,3,0,0,0,1,0,1,64,53,11
GARZA COUNTY,169,28 Years,95,73,22,30,22,8,4,3,1,0,0,0,1,0,1,60,48,12
GARZA COUNTY,169,29 Years,166,144,22,53,42,11,9,7,2,0,0,0,2,2,0,102,93,9
GARZA COUNTY,169,30 Years,128,103,25,34,23,11,10,9,1,0,0,0,1,1,0,83,70,13
GARZA COUNTY,169,31 Years,97,76,21,27,20,7,10,9,1,0,0,0,0,0,0,60,47,13
GARZA COUNTY,169,32 Years,88,70,18,24,18,6,6,5,1,0,0,0,0,0,0,58,47,11
GARZA COUNTY,169,33 Years,67,42,25,20,10,10,8,5,3,0,0,0,1,1,0,38,26,12
GARZA COUNTY,169,34 Years,118,90,28,40,28,12,10,6,4,0,0,0,1,0,1,67,56,11
GARZA COUNTY,169,35 Years,64,41,23,26,13,13,5,3,2,0,0,0,0,0,0,33,25,8
GARZA COUNTY,169,36 Years,52,29,23,21,11,10,3,1,2,0,0,0,0,0,0,28,17,11
GARZA COUNTY,169,37 Years,53,26,27,21,8,13,6,3,3,0,0,0,0,0,0,26,15,11
GARZA COUNTY,169,38 Years,93,67,26,34,20,14,6,5,1,1,0,1,0,0,0,52,42,10
GARZA COUNTY,169,39 Years,70,47,23,28,16,12,2,1,1,1,0,1,0,0,0,39,30,9
GARZA COUNTY,169,40 Years,61,40,21,19,10,9,3,3,0,1,0,1,1,0,1,37,27,10
GARZA COUNTY,169,41 Years,67,47,20,26,17,9,1,1,0,1,0,1,1,0,1,38,29,9
GARZA COUNTY,169,42 Years,65,43,22,25,14,11,3,1,2,1,0,1,1,0,1,35,28,7
GARZA COUNTY,169,43 Years,107,87,20,30,20,10,9,8,1,0,0,0,0,0,0,68,59,9
GARZA COUNTY,169,44 Years,58,38,20,20,11,9,4,3,1,0,0,0,1,1,0,33,23,10
GARZA COUNTY,169,45 Years,91,76,15,22,15,7,7,6,1,0,0,0,0,0,0,62,55,7
GARZA COUNTY,169,46 Years,100,79,21,26,16,10,7,5,2,0,0,0,0,0,0,67,58,9
GARZA COUNTY,169,47 Years,95,69,26,32,20,12,7,4,3,0,0,0,1,1,0,55,44,11
GARZA COUNTY,169,48 Years,75,50,25,31,19,12,3,2,1,0,0,0,2,2,0,39,27,12
GARZA COUNTY,169,49 Years,58,31,27,30,16,14,3,3,0,0,0,0,0,0,0,25,12,13
GARZA COUNTY,169,50 Years,95,69,26,35,21,14,4,3,1,0,0,0,0,0,0,56,45,11
GARZA COUNTY,169,51 Years,81,51,30,37,21,16,3,2,1,0,0,0,2,2,0,39,26,13
GARZA COUNTY,169,52 Years,76,46,30,36,18,18,3,2,1,0,0,0,1,1,0,36,25,11
GARZA COUNTY,169,53 Years,68,30,38,32,11,21,4,1,3,0,0,0,0,0,0,32,18,14
GARZA COUNTY,169,54 Years,52,25,27,25,11,14,3,2,1,0,0,0,1,1,0,23,11,12
GARZA COUNTY,169,55 Years,64,44,20,29,19,10,3,2,1,0,0,0,0,0,0,32,23,9
GARZA COUNTY,169,56 Years,106,89,17,34,24,10,5,5,0,0,0,0,0,0,0,67,60,7
GARZA COUNTY,169,57 Years,94,71,23,34,21,13,4,3,1,0,0,0,1,0,1,55,47,8
GARZA COUNTY,169,58 Years,75,50,25,39,23,16,3,2,1,0,0,0,0,0,0,33,25,8
GARZA COUNTY,169,59 Years,57,33,24,39,23,16,4,2,2,0,0,0,0,0,0,14,8,6
GARZA COUNTY,169,60 Years,49,26,23,34,19,15,2,1,1,0,0,0,4,3,1,9,3,6
GARZA COUNTY,169,61 Years,46,20,26,35,18,17,1,0,1,0,0,0,1,1,0,9,1,8
GARZA COUNTY,169,62 Years,64,33,31,35,17,18,2,0,2,0,0,0,0,0,0,27,16,11
GARZA COUNTY,169,63 Years,60,33,27,31,16,15,1,0,1,0,0,0,0,0,0,28,17,11
GARZA COUNTY,169,64 Years,54,32,22,30,18,12,3,1,2,0,0,0,0,0,0,21,13,8
GARZA COUNTY,169,65 Years,51,28,23,31,17,14,2,1,1,0,0,0,0,0,0,18,10,8
GARZA COUNTY,169,66 Years,48,24,24,33,17,16,4,1,3,0,0,0,0,0,0,11,6,5
GARZA COUNTY,169,67 Years,37,21,16,27,17,10,3,1,2,0,0,0,0,0,0,7,3,4
GARZA COUNTY,169,68 Years,37,21,16,27,17,10,2,1,1,0,0,0,0,0,0,8,3,5
GARZA COUNTY,169,69 Years,40,20,20,29,16,13,2,1,1,0,0,0,0,0,0,9,3,6
GARZA COUNTY,169,70 Years,38,17,21,27,14,13,2,1,1,0,0,0,0,0,0,9,2,7
GARZA COUNTY,169,71 Years,28,10,18,21,8,13,1,0,1,0,0,0,0,0,0,6,2,4
GARZA COUNTY,169,72 Years,28,11,17,21,8,13,2,1,1,0,0,0,0,0,0,5,2,3
GARZA COUNTY,169,73 Years,33,15,18,24,10,14,3,2,1,0,0,0,0,0,0,6,3,3
GARZA COUNTY,169,74 Years,30,13,17,22,10,12,1,0,1,0,0,0,0,0,0,7,3,4
GARZA COUNTY,169,75 Years,27,12,15,21,9,12,2,1,1,0,0,0,0,0,0,4,2,2
GARZA COUNTY,169,76 Years,24,10,14,20,9,11,1,0,1,0,0,0,0,0,0,3,1,2
GARZA COUNTY,169,77 Years,24,9,15,19,8,11,1,0,1,0,0,0,0,0,0,4,1,3
GARZA COUNTY,169,78 Years,29,13,16,23,12,11,1,0,1,0,0,0,0,0,0,5,1,4
GARZA COUNTY,169,79 Years,29,15,14,22,11,11,1,1,0,0,0,0,0,0,0,6,3,3
GARZA COUNTY,169,80 Years,26,12,14,21,10,11,0,0,0,0,0,0,0,0,0,5,2,3
GARZA COUNTY,169,81 Years,23,10,13,19,10,9,0,0,0,0,0,0,0,0,0,4,0,4
GARZA COUNTY,169,82 Years,25,11,14,18,8,10,1,0,1,0,0,0,0,0,0,6,3,3
GARZA COUNTY,169,83 Years,23,12,11,20,10,10,0,0,0,0,0,0,0,0,0,3,2,1
GARZA COUNTY,169,84 Years,22,12,10,19,10,9,0,0,0,0,0,0,0,0,0,3,2,1
GARZA COUNTY,169,85 Years,21,12,9,18,10,8,0,0,0,0,0,0,0,0,0,3,2,1
GARZA COUNTY,169,86 Years,20,9,11,14,7,7,2,0,2,0,0,0,0,0,0,4,2,2
GARZA COUNTY,169,87 Years,17,9,8,14,8,6,1,0,1,0,0,0,0,0,0,2,1,1
GARZA COUNTY,169,88 Years,9,5,4,9,5,4,0,0,0,0,0,0,0,0,0,0,0,0
GARZA COUNTY,169,89 Years,7,3,4,7,3,4,0,0,0,0,0,0,0,0,0,0,0,0
GARZA COUNTY,169,90 Years,6,3,3,6,3,3,0,0,0,0,0,0,0,0,0,0,0,0
GARZA COUNTY,169,91 Years,7,1,6,5,1,4,0,0,0,0,0,0,0,0,0,2,0,2
GARZA COUNTY,169,92 Years,5,2,3,5,2,3,0,0,0,0,0,0,0,0,0,0,0,0
GARZA COUNTY,169,93 Years,3,1,2,3,1,2,0,0,0,0,0,0,0,0,0,0,0,0
GARZA COUNTY,169,94 Years,2,1,1,2,1,1,0,0,0,0,0,0,0,0,0,0,0,0
GARZA COUNTY,169,95 Years +,10,5,5,8,3,5,0,0,0,0,0,0,0,0,0,2,2,0
GILLESPIE COUNTY,171,All Ages,27791,13496,14295,19800,9478,10322,126,74,52,115,54,61,387,187,200,7363,3703,3660
GILLESPIE COUNTY,171,< 1 Year,212,107,105,103,52,51,2,1,1,2,1,1,10,5,5,95,48,47
GILLESPIE COUNTY,171,1 Years,277,143,134,137,70,67,3,2,1,3,2,1,9,5,4,125,64,61
GILLESPIE COUNTY,171,2 Years,279,143,136,139,71,68,3,1,2,2,1,1,10,6,4,125,64,61
GILLESPIE COUNTY,171,3 Years,264,133,131,133,69,64,1,0,1,1,0,1,7,3,4,122,61,61
GILLESPIE COUNTY,171,4 Years,269,133,136,133,68,65,0,0,0,0,0,0,9,4,5,127,61,66
GILLESPIE COUNTY,171,5 Years,277,140,137,137,70,67,1,0,1,0,0,0,7,4,3,132,66,66
GILLESPIE COUNTY,171,6 Years,290,144,146,146,75,71,0,0,0,1,0,1,6,2,4,137,67,70
GILLESPIE COUNTY,171,7 Years,300,149,151,154,79,75,0,0,0,1,0,1,6,1,5,139,69,70
GILLESPIE COUNTY,171,8 Years,323,162,161,172,86,86,5,3,2,1,0,1,5,2,3,140,71,69
GILLESPIE COUNTY,171,9 Years,327,166,161,175,89,86,4,2,2,1,0,1,5,3,2,142,72,70
GILLESPIE COUNTY,171,10 Years,326,166,160,172,91,81,1,1,0,2,1,1,7,4,3,144,69,75
GILLESPIE COUNTY,171,11 Years,339,164,175,182,92,90,0,0,0,3,1,2,7,4,3,147,67,80
GILLESPIE COUNTY,171,12 Years,316,155,161,168,85,83,1,1,0,1,0,1,4,0,4,142,69,73
GILLESPIE COUNTY,171,13 Years,322,165,157,188,97,91,1,1,0,0,0,0,5,2,3,128,65,63
GILLESPIE COUNTY,171,14 Years,348,180,168,202,104,98,3,1,2,3,3,0,5,3,2,135,69,66
GILLESPIE COUNTY,171,15 Years,329,159,170,186,89,97,3,1,2,1,1,0,4,1,3,135,67,68
GILLESPIE COUNTY,171,16 Years,301,155,146,172,85,87,1,1,0,0,0,0,5,1,4,123,68,55
GILLESPIE COUNTY,171,17 Years,306,163,143,172,93,79,1,1,0,3,0,3,4,1,3,126,68,58
GILLESPIE COUNTY,171,18 Years,366,214,152,203,123,80,2,0,2,2,0,2,6,1,5,153,90,63
GILLESPIE COUNTY,171,19 Years,328,181,147,184,99,85,1,0,1,1,0,1,3,1,2,139,81,58
GILLESPIE COUNTY,171,20 Years,311,168,143,187,98,89,0,0,0,1,0,1,2,1,1,121,69,52
GILLESPIE COUNTY,171,21 Years,273,141,132,156,74,82,0,0,0,3,2,1,2,1,1,112,64,48
GILLESPIE COUNTY,171,22 Years,267,142,125,150,78,72,0,0,0,0,0,0,4,1,3,113,63,50
GILLESPIE COUNTY,171,23 Years,239,126,113,137,74,63,0,0,0,0,0,0,4,2,2,98,50,48
GILLESPIE COUNTY,171,24 Years,241,128,113,135,73,62,0,0,0,0,0,0,4,1,3,102,54,48
GILLESPIE COUNTY,171,25 Years,262,149,113,152,81,71,0,0,0,1,1,0,5,4,1,104,63,41
GILLESPIE COUNTY,171,26 Years,270,139,131,158,76,82,0,0,0,2,2,0,5,3,2,105,58,47
GILLESPIE COUNTY,171,27 Years,278,144,134,167,84,83,2,0,2,0,0,0,4,2,2,105,58,47
GILLESPIE COUNTY,171,28 Years,269,138,131,158,79,79,3,2,1,3,2,1,6,4,2,99,51,48
GILLESPIE COUNTY,171,29 Years,271,136,135,164,78,86,3,3,0,3,2,1,3,2,1,98,51,47
GILLESPIE COUNTY,171,30 Years,271,135,136,168,82,86,3,3,0,3,1,2,2,1,1,95,48,47
GILLESPIE COUNTY,171,31 Years,238,126,112,137,73,64,5,3,2,3,2,1,2,0,2,91,48,43
GILLESPIE COUNTY,171,32 Years,218,115,103,116,62,54,4,3,1,1,0,1,6,2,4,91,48,43
GILLESPIE COUNTY,171,33 Years,216,99,117,124,56,68,3,2,1,2,0,2,7,2,5,80,39,41
GILLESPIE COUNTY,171,34 Years,219,111,108,133,65,68,3,2,1,1,0,1,4,3,1,78,41,37
GILLESPIE COUNTY,171,35 Years,245,123,122,148,68,80,2,2,0,4,3,1,2,2,0,89,48,41
GILLESPIE COUNTY,171,36 Years,231,117,114,140,70,70,3,2,1,2,1,1,3,1,2,83,43,40
GILLESPIE COUNTY,171,37 Years,232,113,119,148,72,76,1,0,1,1,0,1,3,0,3,79,41,38
GILLESPIE COUNTY,171,38 Years,282,128,154,187,85,102,1,1,0,2,0,2,2,0,2,90,42,48
GILLESPIE COUNTY,171,39 Years,287,137,150,183,87,96,1,1,0,3,2,1,1,1,0,99,46,53
GILLESPIE COUNTY,171,40 Years,265,122,143,165,75,90,1,1,0,1,1,0,3,1,2,95,44,51
GILLESPIE COUNTY,171,41 Years,279,138,141,174,87,87,2,1,1,0,0,0,4,3,1,99,47,52
GILLESPIE COUNTY,171,42 Years,285,141,144,177,93,84,2,1,1,2,1,1,3,2,1,101,44,57
GILLESPIE COUNTY,171,43 Years,286,148,138,177,90,87,1,1,0,2,2,0,3,3,0,103,52,51
GILLESPIE COUNTY,171,44 Years,288,151,137,193,104,89,1,1,0,2,2,0,5,3,2,87,41,46
GILLESPIE COUNTY,171,45 Years,249,119,130,159,74,85,1,1,0,1,1,0,4,3,1,84,40,44
GILLESPIE COUNTY,171,46 Years,273,120,153,179,80,99,1,1,0,0,0,0,3,2,1,90,37,53
GILLESPIE COUNTY,171,47 Years,261,100,161,157,58,99,1,1,0,1,0,1,4,2,2,98,39,59
GILLESPIE COUNTY,171,48 Years,268,131,137,170,79,91,1,1,0,1,0,1,4,2,2,92,49,43
GILLESPIE COUNTY,171,49 Years,258,128,130,173,81,92,0,0,0,0,0,0,2,1,1,83,46,37
GILLESPIE COUNTY,171,50 Years,256,117,139,187,86,101,0,0,0,0,0,0,2,2,0,67,29,38
GILLESPIE COUNTY,171,51 Years,282,135,147,213,108,105,0,0,0,0,0,0,2,1,1,67,26,41
GILLESPIE COUNTY,171,52 Years,295,136,159,210,102,108,0,0,0,3,0,3,2,1,1,80,33,47
GILLESPIE COUNTY,171,53 Years,295,135,160,206,89,117,2,1,1,1,0,1,5,2,3,81,43,38
GILLESPIE COUNTY,171,54 Years,298,130,168,210,87,123,2,1,1,1,1,0,4,1,3,81,40,41
GILLESPIE COUNTY,171,55 Years,298,135,163,210,92,118,2,1,1,1,1,0,4,3,1,81,38,43
GILLESPIE COUNTY,171,56 Years,311,155,156,231,111,120,2,1,1,2,1,1,2,2,0,74,40,34
GILLESPIE COUNTY,171,57 Years,328,158,170,246,120,126,2,1,1,1,0,1,3,0,3,76,37,39
GILLESPIE COUNTY,171,58 Years,333,155,178,241,111,130,1,1,0,3,1,2,6,4,2,82,38,44
GILLESPIE COUNTY,171,59 Years,354,152,202,264,108,156,1,1,0,3,2,1,5,4,1,81,37,44
GILLESPIE COUNTY,171,60 Years,403,186,217,312,144,168,1,1,0,1,0,1,7,4,3,82,37,45
GILLESPIE COUNTY,171,61 Years,422,202,220,331,158,173,1,1,0,3,1,2,4,4,0,83,38,45
GILLESPIE COUNTY,171,62 Years,437,215,222,355,171,184,1,1,0,4,2,2,4,3,1,73,38,35
GILLESPIE COUNTY,171,63 Years,449,217,232,372,175,197,2,1,1,6,3,3,7,3,4,62,35,27
GILLESPIE COUNTY,171,64 Years,436,203,233,368,166,202,3,0,3,1,0,1,8,3,5,56,34,22
GILLESPIE COUNTY,171,65 Years,462,201,261,389,172,217,1,0,1,0,0,0,8,3,5,64,26,38
GILLESPIE COUNTY,171,66 Years,455,210,245,391,178,213,2,1,1,0,0,0,4,3,1,58,28,30
GILLESPIE COUNTY,171,67 Years,445,216,229,384,186,198,2,1,1,0,0,0,7,3,4,52,26,26
GILLESPIE COUNTY,171,68 Years,450,217,233,386,189,197,2,2,0,0,0,0,9,4,5,53,22,31
GILLESPIE COUNTY,171,69 Years,481,218,263,416,195,221,5,2,3,1,1,0,8,1,7,51,19,32
GILLESPIE COUNTY,171,70 Years,482,222,260,429,194,235,3,2,1,1,1,0,3,0,3,46,25,21
GILLESPIE COUNTY,171,71 Years,461,212,249,410,186,224,2,2,0,0,0,0,6,3,3,43,21,22
GILLESPIE COUNTY,171,72 Years,442,216,226,399,193,206,2,2,0,1,0,1,7,4,3,33,17,16
GILLESPIE COUNTY,171,73 Years,402,188,214,366,171,195,2,1,1,3,1,2,4,2,2,27,13,14
GILLESPIE COUNTY,171,74 Years,396,197,199,362,179,183,1,0,1,1,1,0,4,2,2,28,15,13
GILLESPIE COUNTY,171,75 Years,435,202,233,403,185,218,0,0,0,1,1,0,3,2,1,28,14,14
GILLESPIE COUNTY,171,76 Years,397,185,212,365,167,198,0,0,0,0,0,0,2,1,1,30,17,13
GILLESPIE COUNTY,171,77 Years,345,164,181,317,150,167,0,0,0,0,0,0,3,2,1,25,12,13
GILLESPIE COUNTY,171,78 Years,336,166,170,312,155,157,0,0,0,0,0,0,3,0,3,21,11,10
GILLESPIE COUNTY,171,79 Years,319,155,164,295,142,153,2,1,1,0,0,0,3,1,2,19,11,8
GILLESPIE COUNTY,171,80 Years,281,138,143,257,123,134,1,0,1,1,1,0,1,0,1,21,14,7
GILLESPIE COUNTY,171,81 Years,259,123,136,236,109,127,0,0,0,1,1,0,1,0,1,21,13,8
GILLESPIE COUNTY,171,82 Years,230,105,125,214,96,118,0,0,0,0,0,0,1,1,0,15,8,7
GILLESPIE COUNTY,171,83 Years,218,104,114,204,99,105,1,0,1,1,0,1,2,2,0,10,3,7
GILLESPIE COUNTY,171,84 Years,205,97,108,192,94,98,2,0,2,0,0,0,2,2,0,9,1,8
GILLESPIE COUNTY,171,85 Years,183,87,96,173,83,90,0,0,0,0,0,0,2,2,0,8,2,6
GILLESPIE COUNTY,171,86 Years,161,74,87,148,70,78,0,0,0,0,0,0,3,2,1,10,2,8
GILLESPIE COUNTY,171,87 Years,145,67,78,136,65,71,0,0,0,1,0,1,0,0,0,8,2,6
GILLESPIE COUNTY,171,88 Years,122,55,67,115,52,63,0,0,0,0,0,0,0,0,0,7,3,4
GILLESPIE COUNTY,171,89 Years,99,41,58,94,39,55,0,0,0,0,0,0,0,0,0,5,2,3
GILLESPIE COUNTY,171,90 Years,87,35,52,81,32,49,0,0,0,0,0,0,1,0,1,5,3,2
GILLESPIE COUNTY,171,91 Years,76,30,46,71,27,44,0,0,0,0,0,0,1,1,0,4,2,2
GILLESPIE COUNTY,171,92 Years,63,24,39,60,22,38,0,0,0,0,0,0,0,0,0,3,2,1
GILLESPIE COUNTY,171,93 Years,54,22,32,51,21,30,0,0,0,0,0,0,0,0,0,3,1,2
GILLESPIE COUNTY,171,94 Years,45,18,27,41,16,25,0,0,0,0,0,0,1,0,1,3,2,1
GILLESPIE COUNTY,171,95 Years +,127,41,86,117,37,80,0,0,0,0,0,0,3,1,2,7,3,4
GLASSCOCK COUNTY,173,All Ages,1116,599,517,722,366,356,8,3,5,0,0,0,7,6,1,379,224,155
GLASSCOCK COUNTY,173,< 1 Year,13,7,6,8,4,4,0,0,0,0,0,0,0,0,0,5,3,2
GLASSCOCK COUNTY,173,1 Years,12,7,5,7,4,3,0,0,0,0,0,0,0,0,0,5,3,2
GLASSCOCK COUNTY,173,2 Years,12,7,5,7,4,3,0,0,0,0,0,0,0,0,0,5,3,2
GLASSCOCK COUNTY,173,3 Years,17,7,10,12,5,7,0,0,0,0,0,0,0,0,0,5,2,3
GLASSCOCK COUNTY,173,4 Years,14,6,8,10,4,6,0,0,0,0,0,0,0,0,0,4,2,2
GLASSCOCK COUNTY,173,5 Years,14,5,9,9,3,6,0,0,0,0,0,0,0,0,0,5,2,3
GLASSCOCK COUNTY,173,6 Years,14,6,8,9,3,6,0,0,0,0,0,0,0,0,0,5,3,2
GLASSCOCK COUNTY,173,7 Years,14,7,7,9,5,4,0,0,0,0,0,0,0,0,0,5,2,3
GLASSCOCK COUNTY,173,8 Years,17,11,6,11,7,4,0,0,0,0,0,0,0,0,0,6,4,2
GLASSCOCK COUNTY,173,9 Years,17,9,8,10,5,5,0,0,0,0,0,0,0,0,0,7,4,3
GLASSCOCK COUNTY,173,10 Years,17,8,9,11,5,6,0,0,0,0,0,0,0,0,0,6,3,3
GLASSCOCK COUNTY,173,11 Years,18,12,6,12,8,4,0,0,0,0,0,0,0,0,0,6,4,2
GLASSCOCK COUNTY,173,12 Years,17,11,6,10,6,4,0,0,0,0,0,0,0,0,0,7,5,2
GLASSCOCK COUNTY,173,13 Years,15,8,7,9,4,5,1,1,0,0,0,0,0,0,0,5,3,2
GLASSCOCK COUNTY,173,14 Years,16,8,8,10,4,6,0,0,0,0,0,0,0,0,0,6,4,2
GLASSCOCK COUNTY,173,15 Years,17,7,10,10,3,7,0,0,0,0,0,0,1,0,1,6,4,2
GLASSCOCK COUNTY,173,16 Years,18,9,9,11,4,7,0,0,0,0,0,0,0,0,0,7,5,2
GLASSCOCK COUNTY,173,17 Years,18,11,7,11,6,5,0,0,0,0,0,0,0,0,0,7,5,2
GLASSCOCK COUNTY,173,18 Years,14,7,7,7,4,3,0,0,0,0,0,0,0,0,0,7,3,4
GLASSCOCK COUNTY,173,19 Years,14,7,7,7,3,4,0,0,0,0,0,0,0,0,0,7,4,3
GLASSCOCK COUNTY,173,20 Years,12,9,3,8,6,2,0,0,0,0,0,0,0,0,0,4,3,1
GLASSCOCK COUNTY,173,21 Years,13,8,5,8,6,2,0,0,0,0,0,0,0,0,0,5,2,3
GLASSCOCK COUNTY,173,22 Years,13,4,9,7,3,4,0,0,0,0,0,0,0,0,0,6,1,5
GLASSCOCK COUNTY,173,23 Years,12,3,9,7,2,5,0,0,0,0,0,0,0,0,0,5,1,4
GLASSCOCK COUNTY,173,24 Years,12,6,6,8,4,4,0,0,0,0,0,0,0,0,0,4,2,2
GLASSCOCK COUNTY,173,25 Years,11,5,6,7,4,3,1,0,1,0,0,0,0,0,0,3,1,2
GLASSCOCK COUNTY,173,26 Years,13,7,6,9,5,4,0,0,0,0,0,0,0,0,0,4,2,2
GLASSCOCK COUNTY,173,27 Years,16,8,8,11,6,5,0,0,0,0,0,0,0,0,0,5,2,3
GLASSCOCK COUNTY,173,28 Years,20,13,7,12,7,5,2,1,1,0,0,0,0,0,0,6,5,1
GLASSCOCK COUNTY,173,29 Years,21,14,7,15,9,6,1,1,0,0,0,0,0,0,0,5,4,1
GLASSCOCK COUNTY,173,30 Years,15,6,9,10,4,6,0,0,0,0,0,0,0,0,0,5,2,3
GLASSCOCK COUNTY,173,31 Years,10,5,5,6,3,3,0,0,0,0,0,0,0,0,0,4,2,2
GLASSCOCK COUNTY,173,32 Years,7,3,4,3,0,3,0,0,0,0,0,0,0,0,0,4,3,1
GLASSCOCK COUNTY,173,33 Years,11,8,3,4,2,2,0,0,0,0,0,0,0,0,0,7,6,1
GLASSCOCK COUNTY,173,34 Years,21,19,2,7,5,2,0,0,0,0,0,0,0,0,0,14,14,0
GLASSCOCK COUNTY,173,35 Years,31,24,7,16,11,5,0,0,0,0,0,0,0,0,0,15,13,2
GLASSCOCK COUNTY,173,36 Years,21,15,6,10,6,4,0,0,0,0,0,0,0,0,0,11,9,2
GLASSCOCK COUNTY,173,37 Years,22,11,11,15,6,9,0,0,0,0,0,0,0,0,0,7,5,2
GLASSCOCK COUNTY,173,38 Years,18,11,7,12,7,5,0,0,0,0,0,0,0,0,0,6,4,2
GLASSCOCK COUNTY,173,39 Years,14,9,5,9,6,3,0,0,0,0,0,0,0,0,0,5,3,2
GLASSCOCK COUNTY,173,40 Years,13,8,5,6,4,2,0,0,0,0,0,0,0,0,0,7,4,3
GLASSCOCK COUNTY,173,41 Years,11,6,5,6,3,3,0,0,0,0,0,0,0,0,0,5,3,2
GLASSCOCK COUNTY,173,42 Years,11,5,6,7,4,3,0,0,0,0,0,0,0,0,0,4,1,3
GLASSCOCK COUNTY,173,43 Years,10,6,4,6,3,3,0,0,0,0,0,0,0,0,0,4,3,1
GLASSCOCK COUNTY,173,44 Years,11,6,5,8,4,4,0,0,0,0,0,0,0,0,0,3,2,1
GLASSCOCK COUNTY,173,45 Years,13,7,6,7,3,4,0,0,0,0,0,0,1,1,0,5,3,2
GLASSCOCK COUNTY,173,46 Years,17,7,10,12,5,7,0,0,0,0,0,0,1,1,0,4,1,3
GLASSCOCK COUNTY,173,47 Years,13,5,8,9,4,5,0,0,0,0,0,0,0,0,0,4,1,3
GLASSCOCK COUNTY,173,48 Years,13,6,7,7,3,4,0,0,0,0,0,0,0,0,0,6,3,3
GLASSCOCK COUNTY,173,49 Years,10,6,4,6,4,2,0,0,0,0,0,0,0,0,0,4,2,2
GLASSCOCK COUNTY,173,50 Years,15,5,10,8,4,4,0,0,0,0,0,0,0,0,0,7,1,6
GLASSCOCK COUNTY,173,51 Years,16,7,9,10,5,5,1,0,1,0,0,0,0,0,0,5,2,3
GLASSCOCK COUNTY,173,52 Years,19,8,11,12,5,7,2,0,2,0,0,0,0,0,0,5,3,2
GLASSCOCK COUNTY,173,53 Years,12,6,6,9,4,5,0,0,0,0,0,0,0,0,0,3,2,1
GLASSCOCK COUNTY,173,54 Years,9,2,7,6,1,5,0,0,0,0,0,0,0,0,0,3,1,2
GLASSCOCK COUNTY,173,55 Years,10,6,4,8,4,4,0,0,0,0,0,0,0,0,0,2,2,0
GLASSCOCK COUNTY,173,56 Years,12,6,6,6,3,3,0,0,0,0,0,0,0,0,0,6,3,3
GLASSCOCK COUNTY,173,57 Years,12,7,5,7,5,2,0,0,0,0,0,0,0,0,0,5,2,3
GLASSCOCK COUNTY,173,58 Years,13,7,6,10,6,4,0,0,0,0,0,0,0,0,0,3,1,2
GLASSCOCK COUNTY,173,59 Years,16,8,8,11,6,5,0,0,0,0,0,0,0,0,0,5,2,3
GLASSCOCK COUNTY,173,60 Years,12,6,6,9,4,5,0,0,0,0,0,0,1,1,0,2,1,1
GLASSCOCK COUNTY,173,61 Years,12,5,7,9,3,6,0,0,0,0,0,0,1,1,0,2,1,1
GLASSCOCK COUNTY,173,62 Years,14,8,6,11,6,5,0,0,0,0,0,0,0,0,0,3,2,1
GLASSCOCK COUNTY,173,63 Years,14,9,5,12,8,4,0,0,0,0,0,0,0,0,0,2,1,1
GLASSCOCK COUNTY,173,64 Years,16,10,6,13,8,5,0,0,0,0,0,0,0,0,0,3,2,1
GLASSCOCK COUNTY,173,65 Years,13,7,6,9,4,5,0,0,0,0,0,0,0,0,0,4,3,1
GLASSCOCK COUNTY,173,66 Years,8,4,4,7,3,4,0,0,0,0,0,0,0,0,0,1,1,0
GLASSCOCK COUNTY,173,67 Years,10,5,5,10,5,5,0,0,0,0,0,0,0,0,0,0,0,0
GLASSCOCK COUNTY,173,68 Years,10,4,6,9,3,6,0,0,0,0,0,0,0,0,0,1,1,0
GLASSCOCK COUNTY,173,69 Years,11,5,6,7,2,5,0,0,0,0,0,0,0,0,0,4,3,1
GLASSCOCK COUNTY,173,70 Years,8,3,5,5,2,3,0,0,0,0,0,0,0,0,0,3,1,2
GLASSCOCK COUNTY,173,71 Years,10,2,8,8,2,6,0,0,0,0,0,0,0,0,0,2,0,2
GLASSCOCK COUNTY,173,72 Years,12,6,6,9,4,5,0,0,0,0,0,0,0,0,0,3,2,1
GLASSCOCK COUNTY,173,73 Years,10,7,3,7,5,2,0,0,0,0,0,0,0,0,0,3,2,1
GLASSCOCK COUNTY,173,74 Years,10,7,3,7,5,2,0,0,0,0,0,0,0,0,0,3,2,1
GLASSCOCK COUNTY,173,75 Years,11,7,4,9,5,4,0,0,0,0,0,0,1,1,0,1,1,0
GLASSCOCK COUNTY,173,76 Years,8,6,2,6,4,2,0,0,0,0,0,0,1,1,0,1,1,0
GLASSCOCK COUNTY,173,77 Years,6,4,2,5,3,2,0,0,0,0,0,0,0,0,0,1,1,0
GLASSCOCK COUNTY,173,78 Years,6,4,2,4,2,2,0,0,0,0,0,0,0,0,0,2,2,0
GLASSCOCK COUNTY,173,79 Years,8,5,3,6,3,3,0,0,0,0,0,0,0,0,0,2,2,0
GLASSCOCK COUNTY,173,80 Years,7,2,5,5,2,3,0,0,0,0,0,0,0,0,0,2,0,2
GLASSCOCK COUNTY,173,81 Years,3,2,1,3,2,1,0,0,0,0,0,0,0,0,0,0,0,0
GLASSCOCK COUNTY,173,82 Years,2,0,2,1,0,1,0,0,0,0,0,0,0,0,0,1,0,1
GLASSCOCK COUNTY,173,83 Years,3,0,3,2,0,2,0,0,0,0,0,0,0,0,0,1,0,1
GLASSCOCK COUNTY,173,84 Years,2,1,1,2,1,1,0,0,0,0,0,0,0,0,0,0,0,0
GLASSCOCK COUNTY,173,85 Years,1,1,0,1,1,0,0,0,0,0,0,0,0,0,0,0,0,0
GLASSCOCK COUNTY,173,86 Years,2,1,1,2,1,1,0,0,0,0,0,0,0,0,0,0,0,0
GLASSCOCK COUNTY,173,87 Years,2,1,1,2,1,1,0,0,0,0,0,0,0,0,0,0,0,0
GLASSCOCK COUNTY,173,88 Years,2,1,1,2,1,1,0,0,0,0,0,0,0,0,0,0,0,0
GLASSCOCK COUNTY,173,89 Years,2,1,1,2,1,1,0,0,0,0,0,0,0,0,0,0,0,0
GLASSCOCK COUNTY,173,90 Years,1,1,0,1,1,0,0,0,0,0,0,0,0,0,0,0,0,0
GLASSCOCK COUNTY,173,91 Years,2,1,1,1,0,1,0,0,0,0,0,0,0,0,0,1,1,0
GLASSCOCK COUNTY,173,92 Years,0,0,0,0,0,0,0,0,0,0,0,0,0,0,0,0,0,0
GLASSCOCK COUNTY,173,93 Years,1,1,0,1,1,0,0,0,0,0,0,0,0,0,0,0,0,0
GLASSCOCK COUNTY,173,94 Years,0,0,0,0,0,0,0,0,0,0,0,0,0,0,0,0,0,0
GLASSCOCK COUNTY,173,95 Years +,0,0,0,0,0,0,0,0,0,0,0,0,0,0,0,0,0,0
GOLIAD COUNTY,175,All Ages,7020,3453,3567,3793,1846,1947,322,169,153,4,3,1,109,58,51,2792,1377,1415
GOLIAD COUNTY,175,< 1 Year,67,34,33,28,14,14,2,1,1,0,0,0,2,1,1,35,18,17
GOLIAD COUNTY,175,1 Years,68,34,34,26,13,13,2,1,1,0,0,0,2,1,1,38,19,19
GOLIAD COUNTY,175,2 Years,69,34,35,27,13,14,2,1,1,0,0,0,2,1,1,38,19,19
GOLIAD COUNTY,175,3 Years,73,32,41,31,15,16,4,1,3,0,0,0,1,0,1,37,16,21
GOLIAD COUNTY,175,4 Years,72,32,40,31,15,16,3,1,2,0,0,0,2,1,1,36,15,21
GOLIAD COUNTY,175,5 Years,73,33,40,30,15,15,2,1,1,0,0,0,2,1,1,39,16,23
GOLIAD COUNTY,175,6 Years,77,37,40,32,15,17,1,0,1,0,0,0,3,2,1,41,20,21
GOLIAD COUNTY,175,7 Years,80,41,39,35,18,17,2,1,1,0,0,0,1,0,1,42,22,20
GOLIAD COUNTY,175,8 Years,81,42,39,36,17,19,6,4,2,0,0,0,1,1,0,38,20,18
GOLIAD COUNTY,175,9 Years,80,34,46,35,14,21,5,3,2,0,0,0,2,0,2,38,17,21
GOLIAD COUNTY,175,10 Years,75,30,45,31,12,19,6,3,3,0,0,0,2,1,1,36,14,22
GOLIAD COUNTY,175,11 Years,77,30,47,34,13,21,5,1,4,0,0,0,2,0,2,36,16,20
GOLIAD COUNTY,175,12 Years,92,39,53,41,19,22,6,1,5,0,0,0,1,0,1,44,19,25
GOLIAD COUNTY,175,13 Years,83,45,38,41,23,18,5,2,3,0,0,0,3,2,1,34,18,16
GOLIAD COUNTY,175,14 Years,92,49,43,37,23,14,5,2,3,0,0,0,5,2,3,45,22,23
GOLIAD COUNTY,175,15 Years,90,44,46,36,23,13,6,3,3,0,0,0,1,1,0,47,17,30
GOLIAD COUNTY,175,16 Years,80,42,38,37,20,17,3,1,2,0,0,0,1,1,0,39,20,19
GOLIAD COUNTY,175,17 Years,92,46,46,42,18,24,4,3,1,0,0,0,2,1,1,44,24,20
GOLIAD COUNTY,175,18 Years,89,44,45,35,14,21,5,3,2,0,0,0,2,0,2,47,27,20
GOLIAD COUNTY,175,19 Years,83,45,38,34,16,18,5,2,3,0,0,0,1,0,1,43,27,16
GOLIAD COUNTY,175,20 Years,97,54,43,38,20,18,5,2,3,0,0,0,3,1,2,51,31,20
GOLIAD COUNTY,175,21 Years,81,44,37,34,16,18,5,2,3,0,0,0,2,0,2,40,26,14
GOLIAD COUNTY,175,22 Years,76,40,36,32,14,18,3,2,1,0,0,0,4,2,2,37,22,15
GOLIAD COUNTY,175,23 Years,73,34,39,28,15,13,4,2,2,0,0,0,3,2,1,38,15,23
GOLIAD COUNTY,175,24 Years,76,39,37,35,21,14,4,2,2,0,0,0,2,1,1,35,15,20
GOLIAD COUNTY,175,25 Years,70,40,30,30,17,13,5,4,1,0,0,0,2,2,0,33,17,16
GOLIAD COUNTY,175,26 Years,67,37,30,26,14,12,4,2,2,0,0,0,2,2,0,35,19,16
GOLIAD COUNTY,175,27 Years,78,41,37,34,19,15,1,1,0,0,0,0,3,2,1,40,19,21
GOLIAD COUNTY,175,28 Years,72,38,34,33,17,16,3,2,1,0,0,0,1,1,0,35,18,17
GOLIAD COUNTY,175,29 Years,73,34,39,40,18,22,0,0,0,0,0,0,1,1,0,32,15,17
GOLIAD COUNTY,175,30 Years,71,37,34,38,18,20,1,1,0,0,0,0,1,1,0,31,17,14
GOLIAD COUNTY,175,31 Years,74,41,33,32,15,17,5,5,0,0,0,0,1,1,0,36,20,16
GOLIAD COUNTY,175,32 Years,63,33,30,23,12,11,3,2,1,0,0,0,1,0,1,36,19,17
GOLIAD COUNTY,175,33 Years,67,35,32,32,17,15,3,1,2,0,0,0,1,0,1,31,17,14
GOLIAD COUNTY,175,34 Years,68,34,34,32,16,16,3,2,1,0,0,0,3,2,1,30,14,16
GOLIAD COUNTY,175,35 Years,65,30,35,29,14,15,3,2,1,0,0,0,2,0,2,31,14,17
GOLIAD COUNTY,175,36 Years,72,37,35,37,20,17,2,2,0,1,1,0,1,0,1,31,14,17
GOLIAD COUNTY,175,37 Years,72,37,35,40,17,23,3,2,1,1,1,0,0,0,0,28,17,11
GOLIAD COUNTY,175,38 Years,79,37,42,46,16,30,4,3,1,0,0,0,2,0,2,27,18,9
GOLIAD COUNTY,175,39 Years,91,45,46,51,23,28,4,3,1,0,0,0,0,0,0,36,19,17
GOLIAD COUNTY,175,40 Years,89,42,47,47,23,24,4,3,1,0,0,0,0,0,0,38,16,22
GOLIAD COUNTY,175,41 Years,96,42,54,53,25,28,4,2,2,0,0,0,0,0,0,39,15,24
GOLIAD COUNTY,175,42 Years,82,43,39,44,24,20,3,2,1,0,0,0,0,0,0,35,17,18
GOLIAD COUNTY,175,43 Years,80,49,31,43,28,15,6,3,3,1,0,1,1,0,1,29,18,11
GOLIAD COUNTY,175,44 Years,80,42,38,39,19,20,4,3,1,0,0,0,3,3,0,34,17,17
GOLIAD COUNTY,175,45 Years,80,37,43,39,18,21,3,3,0,0,0,0,1,1,0,37,15,22
GOLIAD COUNTY,175,46 Years,74,34,40,39,18,21,5,3,2,0,0,0,1,0,1,29,13,16
GOLIAD COUNTY,175,47 Years,79,36,43,42,18,24,4,1,3,0,0,0,0,0,0,33,17,16
GOLIAD COUNTY,175,48 Years,84,39,45,45,19,26,5,4,1,0,0,0,0,0,0,34,16,18
GOLIAD COUNTY,175,49 Years,84,42,42,41,20,21,4,3,1,0,0,0,2,2,0,37,17,20
GOLIAD COUNTY,175,50 Years,89,44,45,46,23,23,4,2,2,0,0,0,1,1,0,38,18,20
GOLIAD COUNTY,175,51 Years,86,40,46,43,22,21,5,2,3,0,0,0,2,0,2,36,16,20
GOLIAD COUNTY,175,52 Years,89,46,43,50,25,25,5,4,1,0,0,0,0,0,0,34,17,17
GOLIAD COUNTY,175,53 Years,78,45,33,44,25,19,2,2,0,1,1,0,1,1,0,30,16,14
GOLIAD COUNTY,175,54 Years,77,43,34,47,27,20,2,1,1,0,0,0,0,0,0,28,15,13
GOLIAD COUNTY,175,55 Years,79,40,39,48,25,23,3,1,2,0,0,0,1,0,1,27,14,13
GOLIAD COUNTY,175,56 Years,87,40,47,52,22,30,5,3,2,0,0,0,0,0,0,30,15,15
GOLIAD COUNTY,175,57 Years,89,40,49,57,23,34,4,2,2,0,0,0,0,0,0,28,15,13
GOLIAD COUNTY,175,58 Years,89,39,50,59,27,32,2,0,2,0,0,0,2,1,1,26,11,15
GOLIAD COUNTY,175,59 Years,81,37,44,53,26,27,1,0,1,0,0,0,2,1,1,25,10,15
GOLIAD COUNTY,175,60 Years,89,42,47,59,29,30,2,1,1,0,0,0,1,0,1,27,12,15
GOLIAD COUNTY,175,61 Years,99,50,49,64,33,31,4,3,1,0,0,0,0,0,0,31,14,17
GOLIAD COUNTY,175,62 Years,106,55,51,65,32,33,6,4,2,0,0,0,1,1,0,34,18,16
GOLIAD COUNTY,175,63 Years,112,58,54,67,33,34,5,3,2,0,0,0,3,3,0,37,19,18
GOLIAD COUNTY,175,64 Years,117,55,62,72,33,39,6,3,3,0,0,0,1,1,0,38,18,20
GOLIAD COUNTY,175,65 Years,120,59,61,76,35,41,7,2,5,0,0,0,0,0,0,37,22,15
GOLIAD COUNTY,175,66 Years,103,54,49,69,34,35,5,2,3,0,0,0,0,0,0,29,18,11
GOLIAD COUNTY,175,67 Years,114,56,58,74,35,39,6,2,4,0,0,0,1,1,0,33,18,15
GOLIAD COUNTY,175,68 Years,107,47,60,71,31,40,5,1,4,0,0,0,1,1,0,30,14,16
GOLIAD COUNTY,175,69 Years,96,43,53,62,27,35,5,1,4,0,0,0,1,1,0,28,14,14
GOLIAD COUNTY,175,70 Years,104,46,58,72,30,42,4,2,2,0,0,0,1,1,0,27,13,14
GOLIAD COUNTY,175,71 Years,104,49,55,72,33,39,4,2,2,0,0,0,1,1,0,27,13,14
GOLIAD COUNTY,175,72 Years,97,53,44,67,36,31,3,2,1,0,0,0,1,1,0,26,14,12
GOLIAD COUNTY,175,73 Years,92,52,40,63,35,28,6,5,1,0,0,0,1,1,0,22,11,11
GOLIAD COUNTY,175,74 Years,84,46,38,61,34,27,3,2,1,0,0,0,0,0,0,20,10,10
GOLIAD COUNTY,175,75 Years,85,45,40,60,33,27,4,1,3,0,0,0,1,0,1,20,11,9
GOLIAD COUNTY,175,76 Years,71,33,38,46,24,22,3,1,2,0,0,0,2,0,2,20,8,12
GOLIAD COUNTY,175,77 Years,64,30,34,42,20,22,3,2,1,0,0,0,1,0,1,18,8,10
GOLIAD COUNTY,175,78 Years,53,23,30,36,16,20,2,1,1,0,0,0,0,0,0,15,6,9
GOLIAD COUNTY,175,79 Years,47,23,24,31,16,15,2,1,1,0,0,0,0,0,0,14,6,8
GOLIAD COUNTY,175,80 Years,44,18,26,27,12,15,3,1,2,0,0,0,0,0,0,14,5,9
GOLIAD COUNTY,175,81 Years,45,19,26,28,12,16,4,2,2,0,0,0,0,0,0,13,5,8
GOLIAD COUNTY,175,82 Years,42,21,21,28,13,15,3,2,1,0,0,0,0,0,0,11,6,5
GOLIAD COUNTY,175,83 Years,34,16,18,26,13,13,1,0,1,0,0,0,0,0,0,7,3,4
GOLIAD COUNTY,175,84 Years,35,17,18,27,13,14,1,1,0,0,0,0,0,0,0,7,3,4
GOLIAD COUNTY,175,85 Years,29,14,15,21,10,11,1,1,0,0,0,0,0,0,0,7,3,4
GOLIAD COUNTY,175,86 Years,23,12,11,17,9,8,0,0,0,0,0,0,0,0,0,6,3,3
GOLIAD COUNTY,175,87 Years,22,12,10,15,9,6,0,0,0,0,0,0,0,0,0,7,3,4
GOLIAD COUNTY,175,88 Years,21,8,13,12,6,6,1,0,1,0,0,0,0,0,0,8,2,6
GOLIAD COUNTY,175,89 Years,19,8,11,12,4,8,0,0,0,0,0,0,1,1,0,6,3,3
GOLIAD COUNTY,175,90 Years,19,8,11,13,5,8,0,0,0,0,0,0,1,1,0,5,2,3
GOLIAD COUNTY,175,91 Years,14,6,8,8,3,5,0,0,0,0,0,0,0,0,0,6,3,3
GOLIAD COUNTY,175,92 Years,12,4,8,7,3,4,0,0,0,0,0,0,0,0,0,5,1,4
GOLIAD COUNTY,175,93 Years,10,2,8,5,1,4,1,0,1,0,0,0,0,0,0,4,1,3
GOLIAD COUNTY,175,94 Years,7,2,5,2,1,1,1,0,1,0,0,0,0,0,0,4,1,3
GOLIAD COUNTY,175,95 Years +,30,13,17,16,7,9,2,0,2,0,0,0,0,0,0,12,6,6
GONZALES COUNTY,177,All Ages,19580,9856,9724,7598,3723,3875,1252,664,588,80,22,58,230,115,115,10420,5332,5088
GONZALES COUNTY,177,< 1 Year,257,133,124,73,37,36,11,5,6,1,0,1,7,4,3,165,87,78
GONZALES COUNTY,177,1 Years,246,125,121,66,33,33,13,6,7,1,1,0,6,3,3,160,82,78
GONZALES COUNTY,177,2 Years,245,124,121,67,34,33,12,6,6,1,0,1,6,3,3,159,81,78
GONZALES COUNTY,177,3 Years,258,133,125,70,35,35,14,8,6,0,0,0,5,4,1,169,86,83
GONZALES COUNTY,177,4 Years,262,135,127,70,34,36,14,8,6,0,0,0,5,3,2,173,90,83
GONZALES COUNTY,177,5 Years,271,140,131,70,37,33,14,7,7,0,0,0,5,3,2,182,93,89
GONZALES COUNTY,177,6 Years,294,155,139,72,39,33,15,8,7,2,1,1,7,5,2,198,102,96
GONZALES COUNTY,177,7 Years,314,161,153,77,42,35,17,8,9,1,0,1,8,6,2,211,105,106
GONZALES COUNTY,177,8 Years,320,170,150,81,44,37,17,9,8,1,1,0,6,4,2,215,112,103
GONZALES COUNTY,177,9 Years,303,163,140,80,43,37,16,8,8,0,0,0,4,3,1,203,109,94
GONZALES COUNTY,177,10 Years,287,158,129,74,40,34,13,7,6,0,0,0,4,3,1,196,108,88
GONZALES COUNTY,177,11 Years,286,156,130,73,38,35,15,8,7,1,0,1,5,4,1,192,106,86
GONZALES COUNTY,177,12 Years,286,149,137,67,34,33,15,10,5,2,1,1,5,3,2,197,101,96
GONZALES COUNTY,177,13 Years,294,154,140,66,35,31,18,10,8,1,0,1,5,2,3,204,107,97
GONZALES COUNTY,177,14 Years,300,169,131,73,42,31,18,10,8,1,0,1,4,2,2,204,115,89
GONZALES COUNTY,177,15 Years,297,162,135,78,42,36,15,8,7,1,0,1,6,5,1,197,107,90
GONZALES COUNTY,177,16 Years,291,155,136,78,41,37,16,9,7,1,0,1,5,3,2,191,102,89
GONZALES COUNTY,177,17 Years,278,145,133,66,34,32,16,8,8,1,0,1,3,0,3,192,103,89
GONZALES COUNTY,177,18 Years,293,155,138,70,37,33,20,10,10,0,0,0,4,3,1,199,105,94
GONZALES COUNTY,177,19 Years,308,154,154,76,37,39,18,7,11,2,0,2,2,1,1,210,109,101
GONZALES COUNTY,177,20 Years,301,151,150,78,40,38,15,6,9,3,0,3,3,0,3,202,105,97
GONZALES COUNTY,177,21 Years,284,152,132,74,43,31,19,12,7,0,0,0,4,1,3,187,96,91
GONZALES COUNTY,177,22 Years,264,137,127,78,41,37,20,13,7,0,0,0,4,2,2,162,81,81
GONZALES COUNTY,177,23 Years,246,123,123,69,34,35,18,12,6,0,0,0,5,1,4,154,76,78
GONZALES COUNTY,177,24 Years,236,129,107,69,38,31,20,13,7,0,0,0,4,2,2,143,76,67
GONZALES COUNTY,177,25 Years,231,125,106,75,43,32,18,11,7,2,0,2,4,1,3,132,70,62
GONZALES COUNTY,177,26 Years,225,122,103,76,39,37,18,11,7,1,0,1,2,0,2,128,72,56
GONZALES COUNTY,177,27 Years,217,118,99,71,34,37,16,10,6,0,0,0,1,0,1,129,74,55
GONZALES COUNTY,177,28 Years,233,117,116,85,40,45,14,9,5,0,0,0,3,2,1,131,66,65
GONZALES COUNTY,177,29 Years,236,114,122,90,42,48,15,9,6,1,0,1,3,2,1,127,61,66
GONZALES COUNTY,177,30 Years,241,112,129,87,41,46,17,11,6,1,1,0,2,1,1,134,58,76
GONZALES COUNTY,177,31 Years,222,111,111,74,39,35,17,11,6,1,1,0,2,1,1,128,59,69
GONZALES COUNTY,177,32 Years,210,112,98,68,39,29,19,13,6,1,0,1,1,0,1,121,60,61
GONZALES COUNTY,177,33 Years,223,116,107,80,41,39,19,13,6,1,0,1,2,1,1,121,61,60
GONZALES COUNTY,177,34 Years,222,109,113,77,33,44,16,11,5,1,0,1,2,1,1,126,64,62
GONZALES COUNTY,177,35 Years,208,100,108,71,29,42,15,11,4,1,0,1,2,1,1,119,59,60
GONZALES COUNTY,177,36 Years,221,97,124,69,29,40,18,12,6,1,0,1,3,1,2,130,55,75
GONZALES COUNTY,177,37 Years,223,106,117,67,31,36,20,12,8,1,0,1,3,2,1,132,61,71
GONZALES COUNTY,177,38 Years,210,104,106,73,36,37,16,9,7,1,0,1,1,0,1,119,59,60
GONZALES COUNTY,177,39 Years,227,120,107,84,43,41,19,9,10,0,0,0,0,0,0,124,68,56
GONZALES COUNTY,177,40 Years,210,107,103,74,35,39,16,9,7,2,0,2,0,0,0,118,63,55
GONZALES COUNTY,177,41 Years,190,98,92,68,34,34,13,8,5,1,0,1,2,0,2,106,56,50
GONZALES COUNTY,177,42 Years,217,115,102,79,49,30,12,7,5,2,0,2,1,1,0,123,58,65
GONZALES COUNTY,177,43 Years,218,110,108,79,41,38,11,6,5,2,1,1,1,0,1,125,62,63
GONZALES COUNTY,177,44 Years,210,108,102,65,32,33,13,7,6,2,1,1,2,0,2,128,68,60
GONZALES COUNTY,177,45 Years,203,101,102,63,30,33,12,6,6,3,1,2,2,0,2,123,64,59
GONZALES COUNTY,177,46 Years,200,93,107,68,30,38,10,4,6,2,1,1,2,0,2,118,58,60
GONZALES COUNTY,177,47 Years,212,103,109,74,35,39,15,8,7,1,1,0,0,0,0,122,59,63
GONZALES COUNTY,177,48 Years,221,112,109,78,38,40,15,10,5,1,1,0,3,0,3,124,63,61
GONZALES COUNTY,177,49 Years,211,98,113,81,36,45,13,7,6,2,0,2,5,1,4,110,54,56
GONZALES COUNTY,177,50 Years,221,101,120,91,39,52,9,3,6,3,0,3,3,1,2,115,58,57
GONZALES COUNTY,177,51 Years,219,104,115,101,48,53,8,3,5,0,0,0,2,1,1,108,52,56
GONZALES COUNTY,177,52 Years,228,112,116,94,46,48,11,4,7,0,0,0,3,3,0,120,59,61
GONZALES COUNTY,177,53 Years,232,111,121,94,46,48,12,5,7,1,0,1,4,2,2,121,58,63
GONZALES COUNTY,177,54 Years,211,102,109,88,44,44,9,4,5,2,1,1,2,1,1,110,52,58
GONZALES COUNTY,177,55 Years,197,96,101,81,37,44,12,4,8,2,1,1,1,1,0,101,53,48
GONZALES COUNTY,177,56 Years,212,106,106,90,41,49,17,9,8,1,0,1,1,1,0,103,55,48
GONZALES COUNTY,177,57 Years,229,120,109,102,52,50,20,13,7,0,0,0,3,1,2,104,54,50
GONZALES COUNTY,177,58 Years,238,120,118,104,55,49,18,9,9,2,0,2,1,1,0,113,55,58
GONZALES COUNTY,177,59 Years,257,127,130,119,58,61,17,6,11,4,3,1,3,1,2,114,59,55
GONZALES COUNTY,177,60 Years,262,126,136,129,61,68,17,6,11,1,1,0,2,1,1,113,57,56
GONZALES COUNTY,177,61 Years,246,121,125,123,58,65,19,9,10,0,0,0,2,1,1,102,53,49
GONZALES COUNTY,177,62 Years,252,124,128,131,61,70,18,8,10,0,0,0,3,1,2,100,54,46
GONZALES COUNTY,177,63 Years,254,128,126,130,63,67,18,8,10,1,0,1,1,0,1,104,57,47
GONZALES COUNTY,177,64 Years,251,127,124,134,66,68,16,7,9,1,0,1,2,1,1,98,53,45
GONZALES COUNTY,177,65 Years,240,122,118,136,70,66,15,6,9,1,1,0,3,1,2,85,44,41
GONZALES COUNTY,177,66 Years,234,119,115,136,69,67,17,7,10,1,1,0,4,1,3,76,41,35
GONZALES COUNTY,177,67 Years,222,116,106,126,63,63,19,9,10,0,0,0,2,1,1,75,43,32
GONZALES COUNTY,177,68 Years,221,114,107,129,65,64,16,8,8,1,0,1,2,1,1,73,40,33
GONZALES COUNTY,177,69 Years,214,112,102,134,69,65,16,8,8,0,0,0,2,1,1,62,34,28
GONZALES COUNTY,177,70 Years,203,104,99,126,62,64,18,11,7,0,0,0,1,1,0,58,30,28
GONZALES COUNTY,177,71 Years,181,86,95,108,49,59,15,8,7,1,0,1,0,0,0,57,29,28
GONZALES COUNTY,177,72 Years,171,87,84,104,51,53,12,6,6,1,0,1,0,0,0,54,30,24
GONZALES COUNTY,177,73 Years,174,87,87,118,58,60,10,5,5,1,1,0,0,0,0,45,23,22
GONZALES COUNTY,177,74 Years,159,79,80,110,56,54,7,2,5,1,1,0,0,0,0,41,20,21
GONZALES COUNTY,177,75 Years,167,81,86,118,57,61,8,3,5,0,0,0,0,0,0,41,21,20
GONZALES COUNTY,177,76 Years,144,71,73,95,45,50,6,3,3,0,0,0,2,2,0,41,21,20
GONZALES COUNTY,177,77 Years,119,53,66,70,30,40,5,3,2,0,0,0,2,2,0,42,18,24
GONZALES COUNTY,177,78 Years,115,50,65,73,32,41,6,4,2,1,0,1,2,0,2,33,14,19
GONZALES COUNTY,177,79 Years,114,51,63,79,35,44,6,3,3,1,0,1,1,0,1,27,13,14
GONZALES COUNTY,177,80 Years,117,53,64,84,36,48,7,4,3,0,0,0,0,0,0,26,13,13
GONZALES COUNTY,177,81 Years,106,47,59,74,33,41,9,4,5,0,0,0,0,0,0,23,10,13
GONZALES COUNTY,177,82 Years,99,41,58,67,29,38,6,3,3,0,0,0,0,0,0,26,9,17
GONZALES COUNTY,177,83 Years,93,39,54,65,27,38,6,3,3,0,0,0,0,0,0,22,9,13
GONZALES COUNTY,177,84 Years,78,31,47,55,24,31,5,1,4,0,0,0,1,0,1,17,6,11
GONZALES COUNTY,177,85 Years,70,30,40,49,23,26,5,2,3,1,0,1,0,0,0,15,5,10
GONZALES COUNTY,177,86 Years,62,25,37,42,18,24,3,1,2,1,0,1,0,0,0,16,6,10
GONZALES COUNTY,177,87 Years,62,26,36,40,18,22,4,1,3,0,0,0,2,1,1,16,6,10
GONZALES COUNTY,177,88 Years,42,18,24,28,12,16,3,1,2,0,0,0,0,0,0,11,5,6
GONZALES COUNTY,177,89 Years,37,14,23,25,10,15,2,1,1,0,0,0,0,0,0,10,3,7
GONZALES COUNTY,177,90 Years,33,13,20,22,9,13,2,1,1,0,0,0,0,0,0,9,3,6
GONZALES COUNTY,177,91 Years,27,10,17,18,7,11,3,1,2,0,0,0,0,0,0,6,2,4
GONZALES COUNTY,177,92 Years,23,7,16,15,5,10,3,1,2,0,0,0,0,0,0,5,1,4
GONZALES COUNTY,177,93 Years,21,7,14,13,3,10,3,1,2,0,0,0,1,1,0,4,2,2
GONZALES COUNTY,177,94 Years,16,5,11,11,3,8,1,0,1,0,0,0,1,1,0,3,1,2
GONZALES COUNTY,177,95 Years +,45,17,28,26,7,19,7,5,2,0,0,0,0,0,0,12,5,7
GRAY COUNTY,179,All Ages,20692,11228,9464,12261,6306,5955,972,776,196,99,52,47,492,252,240,6868,3842,3026
GRAY COUNTY,179,< 1 Year,236,119,117,112,57,55,6,4,2,1,0,1,12,6,6,105,52,53
GRAY COUNTY,179,1 Years,235,121,114,109,56,53,6,3,3,1,1,0,10,5,5,109,56,53
GRAY COUNTY,179,2 Years,238,121,117,112,57,55,6,3,3,1,0,1,10,5,5,109,56,53
GRAY COUNTY,179,3 Years,240,131,109,115,61,54,5,3,2,1,0,1,13,10,3,106,57,49
GRAY COUNTY,179,4 Years,246,135,111,119,66,53,6,3,3,1,0,1,12,8,4,108,58,50
GRAY COUNTY,179,5 Years,255,144,111,123,73,50,7,4,3,1,0,1,10,5,5,114,62,52
GRAY COUNTY,179,6 Years,282,161,121,135,80,55,6,4,2,1,0,1,10,5,5,130,72,58
GRAY COUNTY,179,7 Years,307,171,136,141,82,59,6,4,2,1,0,1,12,4,8,147,81,66
GRAY COUNTY,179,8 Years,301,162,139,139,79,60,5,2,3,2,1,1,12,4,8,143,76,67
GRAY COUNTY,179,9 Years,301,159,142,136,74,62,6,3,3,1,1,0,13,5,8,145,76,69
GRAY COUNTY,179,10 Years,298,162,136,135,73,62,6,3,3,2,1,1,14,7,7,141,78,63
GRAY COUNTY,179,11 Years,293,156,137,132,69,63,9,4,5,2,1,1,13,9,4,137,73,64
GRAY COUNTY,179,12 Years,293,149,144,133,70,63,8,3,5,2,1,1,13,7,6,137,68,69
GRAY COUNTY,179,13 Years,294,148,146,141,73,68,6,1,5,2,2,0,10,7,3,135,65,70
GRAY COUNTY,179,14 Years,307,159,148,150,78,72,4,1,3,2,2,0,9,6,3,142,72,70
GRAY COUNTY,179,15 Years,297,150,147,145,77,68,5,2,3,2,2,0,10,5,5,135,64,71
GRAY COUNTY,179,16 Years,286,148,138,142,81,61,4,1,3,3,2,1,10,5,5,127,59,68
GRAY COUNTY,179,17 Years,305,163,142,148,82,66,6,3,3,3,2,1,8,3,5,140,73,67
GRAY COUNTY,179,18 Years,295,145,150,144,70,74,9,4,5,3,0,3,8,1,7,131,70,61
GRAY COUNTY,179,19 Years,270,128,142,130,59,71,10,5,5,1,1,0,6,2,4,123,61,62
GRAY COUNTY,179,20 Years,270,140,130,139,70,69,10,7,3,0,0,0,10,6,4,111,57,54
GRAY COUNTY,179,21 Years,255,136,119,136,72,64,6,4,2,0,0,0,9,6,3,104,54,50
GRAY COUNTY,179,22 Years,249,148,101,120,68,52,9,7,2,0,0,0,9,7,2,111,66,45
GRAY COUNTY,179,23 Years,224,132,92,105,64,41,9,6,3,0,0,0,7,5,2,103,57,46
GRAY COUNTY,179,24 Years,218,121,97,112,64,48,14,11,3,3,3,0,6,3,3,83,40,43
GRAY COUNTY,179,25 Years,242,140,102,130,77,53,10,8,2,1,1,0,6,3,3,95,51,44
GRAY COUNTY,179,26 Years,259,162,97,132,79,53,22,20,2,0,0,0,4,2,2,101,61,40
GRAY COUNTY,179,27 Years,288,175,113,151,89,62,21,17,4,0,0,0,6,3,3,110,66,44
GRAY COUNTY,179,28 Years,307,183,124,157,84,73,25,22,3,0,0,0,7,3,4,118,74,44
GRAY COUNTY,179,29 Years,311,186,125,158,83,75,27,24,3,2,2,0,5,1,4,119,76,43
GRAY COUNTY,179,30 Years,301,182,119,162,87,75,25,23,2,1,1,0,6,2,4,107,69,38
GRAY COUNTY,179,31 Years,287,177,110,145,79,66,28,26,2,0,0,0,3,1,2,111,71,40
GRAY COUNTY,179,32 Years,272,164,108,141,75,66,19,17,2,0,0,0,4,2,2,108,70,38
GRAY COUNTY,179,33 Years,254,148,106,137,71,66,17,15,2,0,0,0,5,4,1,95,58,37
GRAY COUNTY,179,34 Years,257,148,109,148,79,69,15,13,2,0,0,0,5,4,1,89,52,37
GRAY COUNTY,179,35 Years,272,157,115,155,81,74,10,9,1,2,0,2,6,5,1,99,62,37
GRAY COUNTY,179,36 Years,275,158,117,150,81,69,16,14,2,3,1,2,3,2,1,103,60,43
GRAY COUNTY,179,37 Years,256,139,117,150,78,72,15,14,1,3,1,2,1,0,1,87,46,41
GRAY COUNTY,179,38 Years,257,137,120,152,81,71,18,17,1,3,1,2,6,1,5,78,37,41
GRAY COUNTY,179,39 Years,271,158,113,152,88,64,22,20,2,2,1,1,7,3,4,88,46,42
GRAY COUNTY,179,40 Years,286,161,125,161,83,78,17,16,1,1,0,1,5,2,3,102,60,42
GRAY COUNTY,179,41 Years,270,159,111,150,78,72,16,15,1,1,0,1,4,1,3,99,65,34
GRAY COUNTY,179,42 Years,270,160,110,147,75,72,22,21,1,1,1,0,2,1,1,98,62,36
GRAY COUNTY,179,43 Years,292,174,118,153,82,71,26,23,3,1,1,0,2,1,1,110,67,43
GRAY COUNTY,179,44 Years,264,164,100,135,78,57,23,19,4,0,0,0,5,4,1,101,63,38
GRAY COUNTY,179,45 Years,272,161,111,138,72,66,24,20,4,0,0,0,6,4,2,104,65,39
GRAY COUNTY,179,46 Years,271,161,110,144,80,64,25,22,3,0,0,0,3,2,1,99,57,42
GRAY COUNTY,179,47 Years,250,158,92,143,87,56,20,19,1,4,4,0,2,1,1,81,47,34
GRAY COUNTY,179,48 Years,229,142,87,139,81,58,21,19,2,2,2,0,1,0,1,66,40,26
GRAY COUNTY,179,49 Years,238,142,96,139,76,63,21,20,1,1,0,1,2,0,2,75,46,29
GRAY COUNTY,179,50 Years,240,145,95,149,83,66,22,21,1,1,0,1,2,1,1,66,40,26
GRAY COUNTY,179,51 Years,253,155,98,164,93,71,22,21,1,0,0,0,3,2,1,64,39,25
GRAY COUNTY,179,52 Years,241,139,102,155,83,72,19,17,2,0,0,0,3,1,2,64,38,26
GRAY COUNTY,179,53 Years,261,153,108,161,89,72,17,14,3,1,1,0,3,1,2,79,48,31
GRAY COUNTY,179,54 Years,259,150,109,160,89,71,14,11,3,2,1,1,4,2,2,79,47,32
GRAY COUNTY,179,55 Years,242,141,101,146,76,70,15,14,1,1,0,1,3,2,1,77,49,28
GRAY COUNTY,179,56 Years,226,127,99,143,72,71,14,13,1,1,0,1,2,1,1,66,41,25
GRAY COUNTY,179,57 Years,214,121,93,142,73,69,11,10,1,0,0,0,5,2,3,56,36,20
GRAY COUNTY,179,58 Years,232,137,95,157,86,71,12,11,1,0,0,0,6,3,3,57,37,20
GRAY COUNTY,179,59 Years,233,135,98,173,97,76,9,8,1,1,0,1,6,3,3,44,27,17
GRAY COUNTY,179,60 Years,233,125,108,176,93,83,10,9,1,1,0,1,7,3,4,39,20,19
GRAY COUNTY,179,61 Years,244,123,121,179,90,89,9,8,1,3,2,1,6,2,4,47,21,26
GRAY COUNTY,179,62 Years,249,130,119,173,84,89,11,10,1,3,2,1,6,4,2,56,30,26
GRAY COUNTY,179,63 Years,248,131,117,173,83,90,8,7,1,2,1,1,5,3,2,60,37,23
GRAY COUNTY,179,64 Years,230,118,112,167,80,87,7,4,3,3,1,2,4,1,3,49,32,17
GRAY COUNTY,179,65 Years,229,117,112,181,89,92,5,2,3,0,0,0,5,2,3,38,24,14
GRAY COUNTY,179,66 Years,227,109,118,177,84,93,4,1,3,1,0,1,5,2,3,40,22,18
GRAY COUNTY,179,67 Years,217,106,111,160,74,86,7,4,3,1,1,0,5,4,1,44,23,21
GRAY COUNTY,179,68 Years,206,96,110,161,72,89,10,5,5,1,1,0,5,2,3,29,16,13
GRAY COUNTY,179,69 Years,195,88,107,153,67,86,8,3,5,1,1,0,3,1,2,30,16,14
GRAY COUNTY,179,70 Years,179,85,94,137,64,73,7,3,4,1,0,1,3,1,2,31,17,14
GRAY COUNTY,179,71 Years,174,82,92,141,64,77,4,2,2,1,0,1,3,1,2,25,15,10
GRAY COUNTY,179,72 Years,172,77,95,138,63,75,4,1,3,1,1,0,2,1,1,27,11,16
GRAY COUNTY,179,73 Years,163,74,89,131,61,70,4,2,2,2,1,1,2,1,1,24,9,15
GRAY COUNTY,179,74 Years,155,68,87,128,56,72,5,3,2,2,1,1,2,1,1,18,7,11
GRAY COUNTY,179,75 Years,152,66,86,127,53,74,5,4,1,0,0,0,4,2,2,16,7,9
GRAY COUNTY,179,76 Years,140,61,79,112,49,63,5,3,2,1,0,1,4,2,2,18,7,11
GRAY COUNTY,179,77 Years,131,58,73,109,48,61,4,2,2,2,1,1,2,1,1,14,6,8
GRAY COUNTY,179,78 Years,141,62,79,120,51,69,4,3,1,1,0,1,3,2,1,13,6,7
GRAY COUNTY,179,79 Years,135,58,77,114,46,68,4,3,1,0,0,0,4,3,1,13,6,7
GRAY COUNTY,179,80 Years,111,44,67,96,37,59,2,2,0,0,0,0,4,1,3,9,4,5
GRAY COUNTY,179,81 Years,96,40,56,85,34,51,2,1,1,0,0,0,2,1,1,7,4,3
GRAY COUNTY,179,82 Years,92,40,52,81,33,48,2,1,1,0,0,0,1,1,0,8,5,3
GRAY COUNTY,179,83 Years,87,40,47,76,32,44,2,2,0,0,0,0,1,1,0,8,5,3
GRAY COUNTY,179,84 Years,79,33,46,71,28,43,1,1,0,1,1,0,1,1,0,5,2,3
GRAY COUNTY,179,85 Years,73,29,44,67,25,42,1,1,0,0,0,0,1,1,0,4,2,2
GRAY COUNTY,179,86 Years,66,28,38,59,25,34,1,1,0,0,0,0,1,0,1,5,2,3
GRAY COUNTY,179,87 Years,58,25,33,52,24,28,1,0,1,0,0,0,1,0,1,4,1,3
GRAY COUNTY,179,88 Years,46,18,28,42,17,25,1,0,1,0,0,0,0,0,0,3,1,2
GRAY COUNTY,179,89 Years,44,16,28,42,15,27,0,0,0,0,0,0,0,0,0,2,1,1
GRAY COUNTY,179,90 Years,37,16,21,35,14,21,0,0,0,0,0,0,0,0,0,2,2,0
GRAY COUNTY,179,91 Years,34,13,21,31,11,20,0,0,0,0,0,0,1,1,0,2,1,1
GRAY COUNTY,179,92 Years,27,12,15,24,10,14,0,0,0,0,0,0,0,0,0,3,2,1
GRAY COUNTY,179,93 Years,22,10,12,21,9,12,0,0,0,0,0,0,0,0,0,1,1,0
GRAY COUNTY,179,94 Years,16,8,8,16,8,8,0,0,0,0,0,0,0,0,0,0,0,0
GRAY COUNTY,179,95 Years +,37,14,23,34,13,21,0,0,0,0,0,0,0,0,0,3,1,2
GRAYSON COUNTY,181,All Ages,147514,71782,75732,108406,52253,56153,8735,4312,4423,1952,918,1034,6726,3260,3466,21695,11039,10656
GRAYSON COUNTY,181,< 1 Year,1721,883,838,1000,516,484,124,65,59,17,8,9,139,70,69,441,224,217
GRAYSON COUNTY,181,1 Years,1595,813,782,920,469,451,125,64,61,17,9,8,114,58,56,419,213,206
GRAYSON COUNTY,181,2 Years,1595,814,781,929,474,455,123,62,61,15,8,7,112,57,55,416,213,203
GRAYSON COUNTY,181,3 Years,1764,909,855,1061,550,511,113,56,57,15,7,8,132,65,67,443,231,212
GRAYSON COUNTY,181,4 Years,1823,942,881,1087,563,524,116,58,58,16,7,9,146,71,75,458,243,215
GRAYSON COUNTY,181,5 Years,1843,951,892,1079,566,513,118,61,57,17,9,8,157,73,84,472,242,230
GRAYSON COUNTY,181,6 Years,1869,951,918,1081,565,516,118,63,55,21,11,10,173,78,95,476,234,242
GRAYSON COUNTY,181,7 Years,1908,964,944,1119,584,535,113,57,56,23,11,12,168,78,90,485,234,251
GRAYSON COUNTY,181,8 Years,1981,1007,974,1198,617,581,106,57,49,32,16,16,171,85,86,474,232,242
GRAYSON COUNTY,181,9 Years,1989,1038,951,1216,636,580,110,58,52,28,17,11,163,86,77,472,241,231
GRAYSON COUNTY,181,10 Years,1967,1037,930,1203,639,564,115,61,54,22,15,7,150,75,75,477,247,230
GRAYSON COUNTY,181,11 Years,1980,1040,940,1221,638,583,120,64,56,21,13,8,145,78,67,473,247,226
GRAYSON COUNTY,181,12 Years,2004,1037,967,1240,638,602,123,66,57,20,11,9,134,82,52,487,240,247
GRAYSON COUNTY,181,13 Years,1964,1000,964,1210,617,593,121,58,63,17,9,8,137,77,60,479,239,240
GRAYSON COUNTY,181,14 Years,1990,1014,976,1221,621,600,123,65,58,21,13,8,151,78,73,474,237,237
GRAYSON COUNTY,181,15 Years,1933,986,947,1207,617,590,136,78,58,19,10,9,134,67,67,437,214,223
GRAYSON COUNTY,181,16 Years,1982,1009,973,1266,639,627,135,71,64,22,12,10,140,74,66,419,213,206
GRAYSON COUNTY,181,17 Years,2004,1013,991,1302,656,646,120,54,66,18,10,8,146,74,72,418,219,199
GRAYSON COUNTY,181,18 Years,2099,1043,1056,1290,645,645,123,59,64,104,42,62,125,62,63,457,235,222
GRAYSON COUNTY,181,19 Years,2039,983,1056,1240,609,631,142,65,77,154,66,88,103,52,51,400,191,209
GRAYSON COUNTY,181,20 Years,2016,1026,990,1246,648,598,141,66,75,122,46,76,105,54,51,402,212,190
GRAYSON COUNTY,181,21 Years,1981,1046,935,1234,647,587,127,68,59,118,57,61,105,55,50,397,219,178
GRAYSON COUNTY,181,22 Years,1826,921,905,1144,582,562,123,62,61,76,28,48,116,61,55,367,188,179
GRAYSON COUNTY,181,23 Years,1852,931,921,1172,586,586,134,62,72,72,52,20,106,57,49,368,174,194
GRAYSON COUNTY,181,24 Years,1800,894,906,1174,592,582,128,64,64,46,22,24,98,47,51,354,169,185
GRAYSON COUNTY,181,25 Years,1738,872,866,1198,607,591,133,73,60,3,2,1,99,46,53,305,144,161
GRAYSON COUNTY,181,26 Years,1726,836,890,1211,592,619,134,68,66,0,0,0,101,47,54,280,129,151
GRAYSON COUNTY,181,27 Years,1692,844,848,1204,597,607,125,61,64,7,7,0,97,51,46,259,128,131
GRAYSON COUNTY,181,28 Years,1547,787,760,1086,551,535,114,57,57,15,9,6,92,49,43,240,121,119
GRAYSON COUNTY,181,29 Years,1577,808,769,1099,565,534,116,55,61,18,13,5,83,42,41,261,133,128
GRAYSON COUNTY,181,30 Years,1727,878,849,1214,625,589,128,69,59,21,11,10,83,40,43,281,133,148
GRAYSON COUNTY,181,31 Years,1991,984,1007,1428,702,726,152,83,69,36,18,18,81,37,44,294,144,150
GRAYSON COUNTY,181,32 Years,2027,967,1060,1447,683,764,159,81,78,34,14,20,71,35,36,316,154,162
GRAYSON COUNTY,181,33 Years,1888,882,1006,1333,601,732,148,74,74,45,19,26,82,47,35,280,141,139
GRAYSON COUNTY,181,34 Years,1770,855,915,1266,599,667,127,66,61,31,14,17,72,38,34,274,138,136
GRAYSON COUNTY,181,35 Years,1664,810,854,1183,564,619,117,59,58,24,18,6,60,27,33,280,142,138
GRAYSON COUNTY,181,36 Years,1551,761,790,1107,533,574,98,50,48,16,12,4,59,25,34,271,141,130
GRAYSON COUNTY,181,37 Years,1569,764,805,1129,529,600,107,59,48,9,5,4,54,24,30,270,147,123
GRAYSON COUNTY,181,38 Years,1692,803,889,1202,543,659,115,60,55,35,15,20,64,27,37,276,158,118
GRAYSON COUNTY,181,39 Years,1731,830,901,1244,568,676,105,56,49,37,20,17,58,27,31,287,159,128
GRAYSON COUNTY,181,40 Years,1747,859,888,1278,614,664,112,57,55,21,11,10,53,25,28,283,152,131
GRAYSON COUNTY,181,41 Years,1809,873,936,1321,638,683,123,56,67,17,5,12,55,27,28,293,147,146
GRAYSON COUNTY,181,42 Years,1799,870,929,1297,630,667,118,55,63,16,5,11,67,28,39,301,152,149
GRAYSON COUNTY,181,43 Years,1666,827,839,1225,607,618,115,59,56,17,6,11,63,24,39,246,131,115
GRAYSON COUNTY,181,44 Years,1603,790,813,1179,569,610,103,55,48,16,7,9,58,24,34,247,135,112
GRAYSON COUNTY,181,45 Years,1581,772,809,1178,575,603,90,40,50,15,8,7,56,28,28,242,121,121
GRAYSON COUNTY,181,46 Years,1542,743,799,1159,565,594,83,37,46,20,7,13,54,24,30,226,110,116
GRAYSON COUNTY,181,47 Years,1624,788,836,1212,591,621,82,42,40,29,11,18,58,22,36,243,122,121
GRAYSON COUNTY,181,48 Years,1699,841,858,1286,637,649,82,41,41,23,11,12,61,26,35,247,126,121
GRAYSON COUNTY,181,49 Years,1657,821,836,1274,635,639,88,38,50,15,7,8,55,22,33,225,119,106
GRAYSON COUNTY,181,50 Years,1708,829,879,1329,642,687,86,35,51,17,10,7,60,26,34,216,116,100
GRAYSON COUNTY,181,51 Years,1824,886,938,1441,696,745,82,35,47,21,11,10,68,32,36,212,112,100
GRAYSON COUNTY,181,52 Years,1827,880,947,1438,682,756,84,39,45,18,8,10,68,33,35,219,118,101
GRAYSON COUNTY,181,53 Years,1782,865,917,1401,665,736,87,46,41,12,5,7,55,27,28,227,122,105
GRAYSON COUNTY,181,54 Years,1711,785,926,1338,609,729,90,43,47,12,7,5,51,23,28,220,103,117
GRAYSON COUNTY,181,55 Years,1667,782,885,1305,603,702,99,52,47,14,7,7,55,29,26,194,91,103
GRAYSON COUNTY,181,56 Years,1727,844,883,1362,651,711,92,49,43,12,5,7,59,33,26,202,106,96
GRAYSON COUNTY,181,57 Years,1856,893,963,1480,705,775,102,50,52,11,5,6,70,32,38,193,101,92
GRAYSON COUNTY,181,58 Years,1968,963,1005,1606,784,822,102,46,56,13,6,7,67,28,39,180,99,81
GRAYSON COUNTY,181,59 Years,2015,969,1046,1667,796,871,107,51,56,11,5,6,59,26,33,171,91,80
GRAYSON COUNTY,181,60 Years,1988,963,1025,1644,793,851,104,47,57,15,7,8,60,27,33,165,89,76
GRAYSON COUNTY,181,61 Years,2031,990,1041,1675,811,864,108,53,55,18,9,9,61,25,36,169,92,77
GRAYSON COUNTY,181,62 Years,2026,971,1055,1693,811,882,105,46,59,13,5,8,63,30,33,152,79,73
GRAYSON COUNTY,181,63 Years,2005,941,1064,1697,790,907,107,51,56,13,3,10,55,27,28,133,70,63
GRAYSON COUNTY,181,64 Years,1997,966,1031,1686,813,873,110,53,57,14,4,10,62,28,34,125,68,57
GRAYSON COUNTY,181,65 Years,1977,934,1043,1651,782,869,121,52,69,15,6,9,67,30,37,123,64,59
GRAYSON COUNTY,181,66 Years,1979,902,1077,1677,766,911,110,49,61,18,7,11,59,26,33,115,54,61
GRAYSON COUNTY,181,67 Years,1913,893,1020,1639,766,873,100,46,54,17,7,10,53,25,28,104,49,55
GRAYSON COUNTY,181,68 Years,1806,858,948,1557,738,819,89,42,47,13,6,7,52,23,29,95,49,46
GRAYSON COUNTY,181,69 Years,1667,793,874,1457,693,764,78,38,40,9,3,6,40,16,24,83,43,40
GRAYSON COUNTY,181,70 Years,1600,754,846,1402,654,748,72,40,32,9,3,6,40,18,22,77,39,38
GRAYSON COUNTY,181,71 Years,1497,693,804,1298,596,702,75,38,37,9,3,6,41,20,21,74,36,38
GRAYSON COUNTY,181,72 Years,1501,680,821,1303,585,718,78,39,39,6,2,4,41,19,22,73,35,38
GRAYSON COUNTY,181,73 Years,1468,676,792,1286,587,699,79,37,42,11,2,9,29,15,14,63,35,28
GRAYSON COUNTY,181,74 Years,1432,682,750,1280,603,677,61,30,31,9,1,8,30,16,14,52,32,20
GRAYSON COUNTY,181,75 Years,1451,685,766,1300,608,692,64,35,29,3,0,3,35,15,20,49,27,22
GRAYSON COUNTY,181,76 Years,1274,577,697,1143,518,625,56,27,29,4,1,3,33,13,20,38,18,20
GRAYSON COUNTY,181,77 Years,1108,491,617,996,446,550,42,17,25,5,2,3,30,13,17,35,13,22
GRAYSON COUNTY,181,78 Years,1040,470,570,935,427,508,42,20,22,6,3,3,29,8,21,28,12,16
GRAYSON COUNTY,181,79 Years,975,448,527,890,411,479,33,17,16,6,2,4,25,8,17,21,10,11
GRAYSON COUNTY,181,80 Years,886,400,486,813,369,444,24,11,13,5,1,4,20,9,11,24,10,14
GRAYSON COUNTY,181,81 Years,759,321,438,695,296,399,23,9,14,3,1,2,15,5,10,23,10,13
GRAYSON COUNTY,181,82 Years,672,283,389,606,256,350,33,11,22,2,1,1,11,5,6,20,10,10
GRAYSON COUNTY,181,83 Years,605,257,348,549,238,311,27,7,20,4,1,3,7,4,3,18,7,11
GRAYSON COUNTY,181,84 Years,529,221,308,487,204,283,17,6,11,3,1,2,7,3,4,15,7,8
GRAYSON COUNTY,181,85 Years,495,208,287,453,192,261,18,5,13,2,1,1,8,3,5,14,7,7
GRAYSON COUNTY,181,86 Years,432,174,258,394,158,236,16,5,11,2,1,1,8,3,5,12,7,5
GRAYSON COUNTY,181,87 Years,392,150,242,360,136,224,12,4,8,2,1,1,6,2,4,12,7,5
GRAYSON COUNTY,181,88 Years,327,119,208,306,111,195,8,2,6,0,0,0,5,2,3,8,4,4
GRAYSON COUNTY,181,89 Years,283,101,182,268,94,174,4,1,3,0,0,0,4,2,2,7,4,3
GRAYSON COUNTY,181,90 Years,242,84,158,229,78,151,4,2,2,0,0,0,2,1,1,7,3,4
GRAYSON COUNTY,181,91 Years,204,70,134,193,65,128,4,2,2,0,0,0,1,0,1,6,3,3
GRAYSON COUNTY,181,92 Years,182,61,121,168,56,112,6,2,4,0,0,0,2,1,1,6,2,4
GRAYSON COUNTY,181,93 Years,144,48,96,131,42,89,6,2,4,0,0,0,1,1,0,6,3,3
GRAYSON COUNTY,181,94 Years,112,32,80,102,29,73,5,2,3,0,0,0,2,1,1,3,0,3
GRAYSON COUNTY,181,95 Years +,288,73,215,256,64,192,12,3,9,2,1,1,4,1,3,14,4,10
GREGG COUNTY,183,All Ages,125053,60804,64249,68995,33162,35833,25710,12082,13628,1587,749,838,3383,1661,1722,25378,13150,12228
GREGG COUNTY,183,< 1 Year,1593,813,780,665,340,325,350,177,173,20,11,9,96,51,45,462,234,228
GREGG COUNTY,183,1 Years,1553,791,762,646,330,316,353,179,174,20,10,10,76,39,37,458,233,225
GREGG COUNTY,183,2 Years,1551,787,764,654,333,321,349,177,172,19,9,10,75,38,37,454,230,224
GREGG COUNTY,183,3 Years,1649,824,825,719,363,356,348,176,172,14,7,7,96,52,44,472,226,246
GREGG COUNTY,183,4 Years,1674,852,822,732,371,361,347,181,166,14,9,5,102,56,46,479,235,244
GREGG COUNTY,183,5 Years,1677,846,831,731,372,359,355,181,174,14,7,7,98,49,49,479,237,242
GREGG COUNTY,183,6 Years,1732,880,852,744,376,368,362,188,174,19,9,10,104,49,55,503,258,245
GREGG COUNTY,183,7 Years,1832,936,896,772,394,378,378,193,185,24,12,12,114,55,59,544,282,262
GREGG COUNTY,183,8 Years,1854,938,916,769,391,378,381,194,187,21,10,11,101,46,55,582,297,285
GREGG COUNTY,183,9 Years,1864,934,930,769,388,381,389,195,194,17,8,9,89,42,47,600,301,299
GREGG COUNTY,183,10 Years,1854,921,933,764,382,382,386,193,193,19,8,11,85,38,47,600,300,300
GREGG COUNTY,183,11 Years,1860,925,935,777,394,383,379,192,187,19,8,11,81,36,45,604,295,309
GREGG COUNTY,183,12 Years,1790,917,873,751,389,362,366,188,178,19,13,6,74,39,35,580,288,292
GREGG COUNTY,183,13 Years,1731,907,824,731,382,349,353,184,169,16,11,5,73,42,31,558,288,270
GREGG COUNTY,183,14 Years,1746,900,846,730,373,357,371,190,181,22,12,10,79,39,40,544,286,258
GREGG COUNTY,183,15 Years,1749,890,859,758,384,374,349,179,170,26,15,11,73,37,36,543,275,268
GREGG COUNTY,183,16 Years,1753,917,836,766,406,360,338,178,160,21,14,7,63,36,27,565,283,282
GREGG COUNTY,183,17 Years,1761,902,859,753,394,359,367,186,181,21,12,9,71,34,37,549,276,273
GREGG COUNTY,183,18 Years,1762,913,849,749,401,348,392,202,190,21,12,9,78,30,48,522,268,254
GREGG COUNTY,183,19 Years,1746,910,836,772,418,354,377,191,186,20,10,10,69,33,36,508,258,250
GREGG COUNTY,183,20 Years,1758,930,828,808,432,376,386,208,178,13,8,5,61,33,28,490,249,241
GREGG COUNTY,183,21 Years,1728,918,810,801,434,367,386,203,183,19,11,8,56,31,25,466,239,227
GREGG COUNTY,183,22 Years,1692,897,795,776,425,351,396,200,196,26,12,14,53,27,26,441,233,208
GREGG COUNTY,183,23 Years,1816,983,833,882,492,390,416,201,215,33,18,15,59,31,28,426,241,185
GREGG COUNTY,183,24 Years,1841,973,868,923,491,432,415,207,208,29,17,12,59,32,27,415,226,189
GREGG COUNTY,183,25 Years,1786,930,856,888,461,427,422,216,206,28,18,10,55,29,26,393,206,187
GREGG COUNTY,183,26 Years,1783,906,877,900,468,432,436,213,223,30,16,14,54,28,26,363,181,182
GREGG COUNTY,183,27 Years,1798,903,895,935,491,444,426,204,222,31,12,19,51,27,24,355,169,186
GREGG COUNTY,183,28 Years,1606,772,834,818,407,411,366,166,200,25,8,17,45,23,22,352,168,184
GREGG COUNTY,183,29 Years,1573,739,834,794,386,408,382,169,213,24,8,16,35,17,18,338,159,179
GREGG COUNTY,183,30 Years,1727,833,894,902,447,455,416,198,218,24,11,13,47,24,23,338,153,185
GREGG COUNTY,183,31 Years,1903,928,975,1025,501,524,443,218,225,29,16,13,49,27,22,357,166,191
GREGG COUNTY,183,32 Years,1906,927,979,1033,502,531,433,209,224,30,14,16,43,23,20,367,179,188
GREGG COUNTY,183,33 Years,1671,836,835,905,454,451,355,177,178,32,15,17,30,14,16,349,176,173
GREGG COUNTY,183,34 Years,1593,787,806,859,428,431,337,155,182,28,15,13,27,11,16,342,178,164
GREGG COUNTY,183,35 Years,1556,750,806,836,400,436,325,144,181,29,15,14,26,10,16,340,181,159
GREGG COUNTY,183,36 Years,1470,714,756,798,376,422,306,138,168,23,10,13,24,12,12,319,178,141
GREGG COUNTY,183,37 Years,1428,705,723,768,365,403,297,135,162,26,14,12,22,12,10,315,179,136
GREGG COUNTY,183,38 Years,1492,741,751,817,390,427,298,143,155,26,12,14,28,15,13,323,181,142
GREGG COUNTY,183,39 Years,1544,780,764,852,424,428,320,151,169,20,11,9,27,14,13,325,180,145
GREGG COUNTY,183,40 Years,1541,770,771,828,418,410,327,148,179,24,11,13,22,13,9,340,180,160
GREGG COUNTY,183,41 Years,1511,729,782,823,404,419,314,133,181,27,11,16,20,12,8,327,169,158
GREGG COUNTY,183,42 Years,1481,725,756,799,391,408,306,136,170,33,13,20,22,10,12,321,175,146
GREGG COUNTY,183,43 Years,1444,714,730,772,386,386,314,142,172,30,13,17,22,8,14,306,165,141
GREGG COUNTY,183,44 Years,1438,708,730,774,374,400,325,150,175,25,11,14,20,10,10,294,163,131
GREGG COUNTY,183,45 Years,1415,698,717,762,372,390,309,145,164,23,9,14,18,8,10,303,164,139
GREGG COUNTY,183,46 Years,1354,650,704,747,367,380,271,106,165,17,8,9,21,8,13,298,161,137
GREGG COUNTY,183,47 Years,1322,639,683,734,358,376,250,97,153,17,7,10,22,10,12,299,167,132
GREGG COUNTY,183,48 Years,1315,632,683,729,351,378,261,110,151,19,7,12,23,10,13,283,154,129
GREGG COUNTY,183,49 Years,1274,598,676,702,327,375,274,116,158,19,9,10,20,8,12,259,138,121
GREGG COUNTY,183,50 Years,1296,601,695,719,323,396,283,121,162,16,10,6,23,9,14,255,138,117
GREGG COUNTY,183,51 Years,1410,660,750,783,354,429,314,146,168,22,9,13,24,9,15,267,142,125
GREGG COUNTY,183,52 Years,1462,692,770,845,396,449,311,140,171,21,7,14,23,10,13,262,139,123
GREGG COUNTY,183,53 Years,1435,674,761,871,396,475,303,135,168,16,8,8,20,10,10,225,125,100
GREGG COUNTY,183,54 Years,1346,644,702,797,372,425,300,137,163,17,8,9,21,11,10,211,116,95
GREGG COUNTY,183,55 Years,1320,652,668,773,376,397,292,137,155,19,9,10,23,11,12,213,119,94
GREGG COUNTY,183,56 Years,1329,658,671,796,382,414,273,129,144,22,10,12,22,13,9,216,124,92
GREGG COUNTY,183,57 Years,1419,701,718,881,423,458,283,130,153,18,8,10,19,10,9,218,130,88
GREGG COUNTY,183,58 Years,1435,679,756,907,424,483,289,132,157,15,4,11,19,8,11,205,111,94
GREGG COUNTY,183,59 Years,1427,672,755,896,413,483,299,135,164,22,8,14,23,12,11,187,104,83
GREGG COUNTY,183,60 Years,1497,688,809,959,435,524,310,130,180,21,8,13,20,10,10,187,105,82
GREGG COUNTY,183,61 Years,1484,684,800,958,433,525,304,129,175,22,8,14,20,11,9,180,103,77
GREGG COUNTY,183,62 Years,1493,685,808,972,440,532,313,131,182,20,8,12,22,12,10,166,94,72
GREGG COUNTY,183,63 Years,1474,684,790,977,443,534,294,131,163,14,4,10,27,12,15,162,94,68
GREGG COUNTY,183,64 Years,1511,714,797,1037,486,551,288,125,163,11,3,8,24,9,15,151,91,60
GREGG COUNTY,183,65 Years,1468,712,756,1026,495,531,282,128,154,9,4,5,24,8,16,127,77,50
GREGG COUNTY,183,66 Years,1402,671,731,973,467,506,282,128,154,11,4,7,25,9,16,111,63,48
GREGG COUNTY,183,67 Years,1348,636,712,932,442,490,273,122,151,15,7,8,23,9,14,105,56,49
GREGG COUNTY,183,68 Years,1264,575,689,893,406,487,247,103,144,13,7,6,22,10,12,89,49,40
GREGG COUNTY,183,69 Years,1229,535,694,879,379,500,220,89,131,14,8,6,19,8,11,97,51,46
GREGG COUNTY,183,70 Years,1169,537,632,860,394,466,207,91,116,11,4,7,17,9,8,74,39,35
GREGG COUNTY,183,71 Years,1121,532,589,828,401,427,203,85,118,10,3,7,14,9,5,66,34,32
GREGG COUNTY,183,72 Years,1071,493,578,792,376,416,193,78,115,10,4,6,11,7,4,65,28,37
GREGG COUNTY,183,73 Years,1020,444,576,757,337,420,180,74,106,11,5,6,14,2,12,58,26,32
GREGG COUNTY,183,74 Years,987,426,561,760,334,426,160,63,97,7,4,3,12,4,8,48,21,27
GREGG COUNTY,183,75 Years,981,424,557,773,342,431,145,58,87,7,2,5,10,6,4,46,16,30
GREGG COUNTY,183,76 Years,842,371,471,661,292,369,125,55,70,6,1,5,10,6,4,40,17,23
GREGG COUNTY,183,77 Years,725,319,406,575,250,325,103,46,57,5,3,2,8,4,4,34,16,18
GREGG COUNTY,183,78 Years,714,304,410,580,244,336,88,36,52,6,3,3,9,5,4,31,16,15
GREGG COUNTY,183,79 Years,713,299,414,588,242,346,83,38,45,4,2,2,10,4,6,28,13,15
GREGG COUNTY,183,80 Years,615,253,362,495,201,294,83,37,46,5,2,3,9,4,5,23,9,14
GREGG COUNTY,183,81 Years,547,228,319,435,181,254,80,34,46,4,2,2,9,4,5,19,7,12
GREGG COUNTY,183,82 Years,494,198,296,401,159,242,68,27,41,3,2,1,6,4,2,16,6,10
GREGG COUNTY,183,83 Years,456,176,280,366,144,222,61,20,41,3,1,2,6,4,2,20,7,13
GREGG COUNTY,183,84 Years,413,155,258,335,127,208,52,18,34,1,0,1,4,2,2,21,8,13
GREGG COUNTY,183,85 Years,390,140,250,316,113,203,47,17,30,1,0,1,6,2,4,20,8,12
GREGG COUNTY,183,86 Years,361,130,231,295,105,190,44,16,28,1,0,1,6,3,3,15,6,9
GREGG COUNTY,183,87 Years,316,116,200,259,95,164,40,13,27,0,0,0,5,2,3,12,6,6
GREGG COUNTY,183,88 Years,264,99,165,219,83,136,33,12,21,0,0,0,3,0,3,9,4,5
GREGG COUNTY,183,89 Years,244,93,151,207,79,128,24,9,15,1,0,1,3,1,2,9,4,5
GREGG COUNTY,183,90 Years,217,75,142,185,65,120,22,7,15,2,0,2,1,0,1,7,3,4
GREGG COUNTY,183,91 Years,188,63,125,158,54,104,21,5,16,2,1,1,1,0,1,6,3,3
GREGG COUNTY,183,92 Years,156,50,106,132,44,88,17,4,13,1,0,1,1,0,1,5,2,3
GREGG COUNTY,183,93 Years,129,39,90,110,33,77,13,4,9,0,0,0,2,0,2,4,2,2
GREGG COUNTY,183,94 Years,100,31,69,83,25,58,11,3,8,1,0,1,1,0,1,4,3,1
GREGG COUNTY,183,95 Years +,274,74,200,209,54,155,45,12,33,2,1,1,4,0,4,14,7,7
GRIMES COUNTY,185,All Ages,31842,17374,14468,17946,9511,8435,4901,2910,1991,55,27,28,804,439,365,8136,4487,3649
GRIMES COUNTY,185,< 1 Year,342,174,168,155,80,75,46,24,22,1,0,1,14,7,7,126,63,63
GRIMES COUNTY,185,1 Years,320,163,157,136,69,67,44,22,22,1,1,0,13,6,7,126,65,61
GRIMES COUNTY,185,2 Years,322,165,157,139,70,69,44,23,21,1,1,0,13,7,6,125,64,61
GRIMES COUNTY,185,3 Years,336,161,175,154,72,82,44,23,21,0,0,0,18,13,5,120,53,67
GRIMES COUNTY,185,4 Years,340,162,178,158,72,86,43,23,20,0,0,0,21,16,5,118,51,67
GRIMES COUNTY,185,5 Years,364,173,191,169,79,90,45,24,21,0,0,0,20,12,8,130,58,72
GRIMES COUNTY,185,6 Years,382,180,202,177,83,94,47,22,25,0,0,0,20,9,11,138,66,72
GRIMES COUNTY,185,7 Years,411,198,213,188,92,96,48,24,24,0,0,0,20,5,15,155,77,78
GRIMES COUNTY,185,8 Years,424,216,208,187,96,91,52,24,28,0,0,0,27,14,13,158,82,76
GRIMES COUNTY,185,9 Years,424,230,194,187,99,88,54,27,27,0,0,0,32,23,9,151,81,70
GRIMES COUNTY,185,10 Years,410,222,188,182,98,84,50,24,26,0,0,0,33,25,8,145,75,70
GRIMES COUNTY,185,11 Years,407,219,188,193,104,89,46,24,22,0,0,0,22,16,6,146,75,71
GRIMES COUNTY,185,12 Years,390,194,196,186,92,94,47,22,25,0,0,0,11,4,7,146,76,70
GRIMES COUNTY,185,13 Years,386,204,182,174,91,83,50,25,25,0,0,0,14,5,9,148,83,65
GRIMES COUNTY,185,14 Years,401,215,186,195,107,88,44,20,24,0,0,0,11,4,7,151,84,67
GRIMES COUNTY,185,15 Years,417,213,204,199,104,95,59,28,31,0,0,0,12,4,8,147,77,70
GRIMES COUNTY,185,16 Years,396,204,192,177,87,90,67,37,30,0,0,0,10,5,5,142,75,67
GRIMES COUNTY,185,17 Years,382,207,175,167,86,81,63,37,26,1,1,0,10,6,4,141,77,64
GRIMES COUNTY,185,18 Years,419,225,194,173,92,81,74,42,32,1,1,0,11,7,4,160,83,77
GRIMES COUNTY,185,19 Years,411,218,193,182,96,86,62,33,29,1,1,0,7,4,3,159,84,75
GRIMES COUNTY,185,20 Years,424,238,186,184,103,81,75,41,34,1,1,0,5,3,2,159,90,69
GRIMES COUNTY,185,21 Years,418,244,174,178,108,70,78,45,33,2,1,1,11,6,5,149,84,65
GRIMES COUNTY,185,22 Years,388,234,154,168,101,67,78,49,29,2,1,1,15,11,4,125,72,53
GRIMES COUNTY,185,23 Years,364,231,133,153,90,63,78,54,24,0,0,0,12,10,2,121,77,44
GRIMES COUNTY,185,24 Years,367,240,127,155,95,60,82,60,22,0,0,0,14,10,4,116,75,41
GRIMES COUNTY,185,25 Years,386,239,147,171,106,65,83,60,23,2,2,0,8,3,5,122,68,54
GRIMES COUNTY,185,26 Years,401,238,163,180,102,78,81,57,24,2,2,0,11,5,6,127,72,55
GRIMES COUNTY,185,27 Years,423,256,167,207,116,91,84,59,25,2,1,1,11,5,6,119,75,44
GRIMES COUNTY,185,28 Years,393,244,149,175,98,77,82,58,24,1,0,1,12,10,2,123,78,45
GRIMES COUNTY,185,29 Years,420,263,157,193,118,75,97,68,29,0,0,0,11,7,4,119,70,49
GRIMES COUNTY,185,30 Years,396,234,162,185,105,80,88,59,29,1,0,1,9,6,3,113,64,49
GRIMES COUNTY,185,31 Years,417,253,164,216,119,97,92,68,24,1,0,1,7,4,3,101,62,39
GRIMES COUNTY,185,32 Years,386,232,154,206,116,90,76,57,19,0,0,0,5,2,3,99,57,42
GRIMES COUNTY,185,33 Years,389,212,177,218,110,108,67,45,22,0,0,0,4,4,0,100,53,47
GRIMES COUNTY,185,34 Years,380,205,175,207,109,98,67,41,26,0,0,0,3,2,1,103,53,50
GRIMES COUNTY,185,35 Years,384,222,162,200,110,90,72,53,19,1,1,0,4,0,4,107,58,49
GRIMES COUNTY,185,36 Years,392,224,168,216,119,97,61,44,17,1,1,0,6,2,4,108,58,50
GRIMES COUNTY,185,37 Years,399,232,167,217,124,93,68,45,23,2,2,0,6,1,5,106,60,46
GRIMES COUNTY,185,38 Years,396,228,168,219,123,96,54,36,18,1,1,0,11,3,8,111,65,46
GRIMES COUNTY,185,39 Years,403,243,160,220,126,94,68,46,22,0,0,0,7,3,4,108,68,40
GRIMES COUNTY,185,40 Years,371,218,153,194,111,83,63,37,26,0,0,0,5,4,1,109,66,43
GRIMES COUNTY,185,41 Years,394,226,168,206,117,89,67,42,25,0,0,0,8,8,0,113,59,54
GRIMES COUNTY,185,42 Years,394,223,171,209,116,93,74,49,25,0,0,0,13,8,5,98,50,48
GRIMES COUNTY,185,43 Years,370,218,152,202,121,81,70,43,27,1,0,1,8,4,4,89,50,39
GRIMES COUNTY,185,44 Years,355,222,133,185,114,71,70,50,20,1,0,1,4,2,2,95,56,39
GRIMES COUNTY,185,45 Years,340,209,131,176,105,71,60,42,18,0,0,0,3,2,1,101,60,41
GRIMES COUNTY,185,46 Years,383,229,154,200,120,80,60,38,22,0,0,0,7,5,2,116,66,50
GRIMES COUNTY,185,47 Years,396,235,161,209,117,92,68,48,20,2,0,2,4,3,1,113,67,46
GRIMES COUNTY,185,48 Years,372,215,157,210,123,87,57,36,21,3,0,3,1,1,0,101,55,46
GRIMES COUNTY,185,49 Years,383,217,166,219,129,90,59,34,25,3,2,1,6,2,4,96,50,46
GRIMES COUNTY,185,50 Years,383,203,180,229,126,103,57,28,29,2,2,0,7,2,5,88,45,43
GRIMES COUNTY,185,51 Years,403,232,171,241,135,106,63,39,24,1,0,1,5,2,3,93,56,37
GRIMES COUNTY,185,52 Years,380,214,166,225,118,107,55,35,20,1,0,1,5,3,2,94,58,36
GRIMES COUNTY,185,53 Years,394,216,178,232,119,113,52,33,19,1,0,1,7,4,3,102,60,42
GRIMES COUNTY,185,54 Years,395,221,174,231,119,112,54,38,16,0,0,0,6,3,3,104,61,43
GRIMES COUNTY,185,55 Years,372,207,165,212,115,97,59,40,19,0,0,0,6,2,4,95,50,45
GRIMES COUNTY,185,56 Years,395,220,175,217,117,100,78,50,28,0,0,0,8,2,6,92,51,41
GRIMES COUNTY,185,57 Years,402,212,190,235,118,117,77,46,31,2,1,1,8,3,5,80,44,36
GRIMES COUNTY,185,58 Years,422,238,184,255,147,108,80,46,34,1,1,0,8,2,6,78,42,36
GRIMES COUNTY,185,59 Years,433,242,191,272,151,121,80,45,35,1,1,0,7,4,3,73,41,32
GRIMES COUNTY,185,60 Years,427,234,193,282,151,131,73,41,32,1,1,0,6,4,2,65,37,28
GRIMES COUNTY,185,61 Years,432,238,194,292,154,138,66,39,27,1,1,0,6,5,1,67,39,28
GRIMES COUNTY,185,62 Years,451,234,217,305,157,148,61,34,27,3,0,3,8,3,5,74,40,34
GRIMES COUNTY,185,63 Years,444,238,206,297,155,142,63,35,28,1,0,1,12,5,7,71,43,28
GRIMES COUNTY,185,64 Years,415,217,198,284,141,143,62,35,27,0,0,0,13,6,7,56,35,21
GRIMES COUNTY,185,65 Years,392,193,199,279,133,146,51,28,23,0,0,0,7,3,4,55,29,26
GRIMES COUNTY,185,66 Years,405,199,206,287,136,151,53,26,27,2,0,2,6,2,4,57,35,22
GRIMES COUNTY,185,67 Years,422,206,216,305,142,163,49,24,25,3,0,3,8,4,4,57,36,21
GRIMES COUNTY,185,68 Years,432,234,198,318,169,149,51,26,25,0,0,0,6,3,3,57,36,21
GRIMES COUNTY,185,69 Years,403,224,179,298,167,131,48,23,25,0,0,0,10,5,5,47,29,18
GRIMES COUNTY,185,70 Years,369,190,179,276,140,136,47,22,25,0,0,0,8,3,5,38,25,13
GRIMES COUNTY,185,71 Years,359,177,182,264,125,139,43,20,23,0,0,0,7,6,1,45,26,19
GRIMES COUNTY,185,72 Years,351,180,171,269,134,135,39,19,20,0,0,0,7,5,2,36,22,14
GRIMES COUNTY,185,73 Years,326,180,146,242,129,113,42,24,18,0,0,0,5,3,2,37,24,13
GRIMES COUNTY,185,74 Years,322,165,157,246,126,120,35,18,17,0,0,0,3,2,1,38,19,19
GRIMES COUNTY,185,75 Years,305,152,153,243,121,122,28,14,14,0,0,0,3,2,1,31,15,16
GRIMES COUNTY,185,76 Years,244,121,123,196,96,100,24,13,11,0,0,0,2,2,0,22,10,12
GRIMES COUNTY,185,77 Years,232,116,116,183,90,93,20,10,10,0,0,0,4,2,2,25,14,11
GRIMES COUNTY,185,78 Years,225,114,111,177,90,87,19,8,11,0,0,0,6,3,3,23,13,10
GRIMES COUNTY,185,79 Years,217,100,117,173,81,92,16,6,10,0,0,0,6,2,4,22,11,11
GRIMES COUNTY,185,80 Years,176,84,92,142,67,75,13,6,7,0,0,0,3,2,1,18,9,9
GRIMES COUNTY,185,81 Years,156,82,74,120,62,58,17,9,8,0,0,0,3,3,0,16,8,8
GRIMES COUNTY,185,82 Years,135,73,62,103,57,46,15,7,8,0,0,0,3,2,1,14,7,7
GRIMES COUNTY,185,83 Years,119,62,57,95,51,44,9,3,6,0,0,0,4,3,1,11,5,6
GRIMES COUNTY,185,84 Years,102,46,56,82,39,43,9,2,7,0,0,0,2,1,1,9,4,5
GRIMES COUNTY,185,85 Years,90,37,53,73,31,42,9,3,6,0,0,0,2,0,2,6,3,3
GRIMES COUNTY,185,86 Years,85,37,48,68,29,39,9,4,5,0,0,0,1,0,1,7,4,3
GRIMES COUNTY,185,87 Years,78,33,45,59,26,33,10,4,6,0,0,0,1,0,1,8,3,5
GRIMES COUNTY,185,88 Years,66,28,38,50,22,28,8,2,6,0,0,0,2,2,0,6,2,4
GRIMES COUNTY,185,89 Years,53,20,33,42,16,26,6,1,5,0,0,0,1,1,0,4,2,2
GRIMES COUNTY,185,90 Years,49,18,31,39,15,24,6,2,4,0,0,0,2,0,2,2,1,1
GRIMES COUNTY,185,91 Years,46,16,30,35,13,22,6,2,4,0,0,0,3,0,3,2,1,1
GRIMES COUNTY,185,92 Years,44,13,31,30,12,18,9,1,8,0,0,0,4,0,4,1,0,1
GRIMES COUNTY,185,93 Years,30,12,18,22,10,12,5,1,4,0,0,0,1,0,1,2,1,1
GRIMES COUNTY,185,94 Years,26,10,16,18,6,12,4,2,2,0,0,0,1,0,1,3,2,1
GRIMES COUNTY,185,95 Years +,67,19,48,47,13,34,13,4,9,0,0,0,1,0,1,6,2,4
GUADALUPE COUNTY,187,All Ages,189430,93836,95594,91148,45017,46131,14892,7779,7113,2855,1167,1688,4632,2232,2400,75903,37641,38262
GUADALUPE COUNTY,187,< 1 Year,2206,1119,1087,784,399,385,150,76,74,32,17,15,113,56,57,1127,571,556
GUADALUPE COUNTY,187,1 Years,2161,1103,1058,745,380,365,159,81,78,28,15,13,90,46,44,1139,581,558
GUADALUPE COUNTY,187,2 Years,2148,1094,1054,748,381,367,154,78,76,28,15,13,88,44,44,1130,576,554
GUADALUPE COUNTY,187,3 Years,2153,1084,1069,849,439,410,131,65,66,25,12,13,106,52,54,1042,516,526
GUADALUPE COUNTY,187,4 Years,2175,1091,1084,896,462,434,128,64,64,23,11,12,102,47,55,1026,507,519
GUADALUPE COUNTY,187,5 Years,2228,1133,1095,922,473,449,136,70,66,20,12,8,99,49,50,1051,529,522
GUADALUPE COUNTY,187,6 Years,2329,1196,1133,968,498,470,146,78,68,22,15,7,97,48,49,1096,557,539
GUADALUPE COUNTY,187,7 Years,2450,1262,1188,1014,529,485,154,85,69,25,14,11,101,49,52,1156,585,571
GUADALUPE COUNTY,187,8 Years,2606,1318,1288,1078,539,539,153,80,73,31,17,14,115,52,63,1229,630,599
GUADALUPE COUNTY,187,9 Years,2655,1334,1321,1108,542,566,150,78,72,30,17,13,115,56,59,1252,641,611
GUADALUPE COUNTY,187,10 Years,2642,1325,1317,1109,535,574,147,78,69,32,18,14,108,55,53,1246,639,607
GUADALUPE COUNTY,187,11 Years,2661,1317,1344,1112,534,578,155,77,78,32,18,14,107,58,49,1255,630,625
GUADALUPE COUNTY,187,12 Years,2792,1433,1359,1139,582,557,167,94,73,29,12,17,119,61,58,1338,684,654
GUADALUPE COUNTY,187,13 Years,2692,1401,1291,1080,571,509,188,101,87,20,10,10,106,40,66,1298,679,619
GUADALUPE COUNTY,187,14 Years,2659,1384,1275,1082,568,514,190,102,88,23,15,8,105,48,57,1259,651,608
GUADALUPE COUNTY,187,15 Years,2658,1364,1294,1100,569,531,203,101,102,27,14,13,87,43,44,1241,637,604
GUADALUPE COUNTY,187,16 Years,2647,1355,1292,1079,574,505,188,89,99,28,14,14,99,49,50,1253,629,624
GUADALUPE COUNTY,187,17 Years,2668,1370,1298,1084,565,519,177,102,75,41,18,23,105,56,49,1261,629,632
GUADALUPE COUNTY,187,18 Years,2691,1393,1298,1135,605,530,192,112,80,38,15,23,85,43,42,1241,618,623
GUADALUPE COUNTY,187,19 Years,2660,1361,1299,1109,578,531,207,111,96,35,12,23,77,40,37,1232,620,612
GUADALUPE COUNTY,187,20 Years,2665,1360,1305,1095,568,527,241,125,116,31,17,14,82,42,40,1216,608,608
GUADALUPE COUNTY,187,21 Years,2638,1340,1298,1042,540,502,240,119,121,29,18,11,95,46,49,1232,617,615
GUADALUPE COUNTY,187,22 Years,2444,1235,1209,910,475,435,241,119,122,30,13,17,97,47,50,1166,581,585
GUADALUPE COUNTY,187,23 Years,2187,1099,1088,869,454,415,196,98,98,22,7,15,74,36,38,1026,504,522
GUADALUPE COUNTY,187,24 Years,2164,1111,1053,880,461,419,177,98,79,35,15,20,63,30,33,1009,507,502
GUADALUPE COUNTY,187,25 Years,2192,1116,1076,882,462,420,181,96,85,39,20,19,64,32,32,1026,506,520
GUADALUPE COUNTY,187,26 Years,2281,1155,1126,944,479,465,202,100,102,34,21,13,72,34,38,1029,521,508
GUADALUPE COUNTY,187,27 Years,2416,1219,1197,1024,510,514,208,106,102,36,15,21,71,36,35,1077,552,525
GUADALUPE COUNTY,187,28 Years,2190,1127,1063,928,479,449,184,101,83,29,15,14,54,28,26,995,504,491
GUADALUPE COUNTY,187,29 Years,2171,1108,1063,922,473,449,180,93,87,44,26,18,55,29,26,970,487,483
GUADALUPE COUNTY,187,30 Years,2248,1092,1156,994,482,512,160,82,78,51,25,26,62,30,32,981,473,508
GUADALUPE COUNTY,187,31 Years,2390,1174,1216,1099,533,566,164,87,77,47,17,30,54,30,24,1026,507,519
GUADALUPE COUNTY,187,32 Years,2390,1211,1179,1124,558,566,153,87,66,38,17,21,49,28,21,1026,521,505
GUADALUPE COUNTY,187,33 Years,2680,1364,1316,1255,613,642,198,121,77,52,22,30,68,32,36,1107,576,531
GUADALUPE COUNTY,187,34 Years,2670,1306,1364,1236,584,652,198,118,80,53,25,28,57,24,33,1126,555,571
GUADALUPE COUNTY,187,35 Years,2490,1253,1237,1152,570,582,180,104,76,35,16,19,50,23,27,1073,540,533
GUADALUPE COUNTY,187,36 Years,2478,1274,1204,1147,585,562,155,91,64,30,16,14,34,18,16,1112,564,548
GUADALUPE COUNTY,187,37 Years,2510,1265,1245,1184,594,590,145,78,67,39,14,25,34,14,20,1108,565,543
GUADALUPE COUNTY,187,38 Years,2771,1403,1368,1280,630,650,208,101,107,44,24,20,48,22,26,1191,626,565
GUADALUPE COUNTY,187,39 Years,2986,1536,1450,1355,695,660,244,127,117,51,23,28,56,24,32,1280,667,613
GUADALUPE COUNTY,187,40 Years,2988,1537,1451,1392,716,676,232,122,110,44,19,25,56,28,28,1264,652,612
GUADALUPE COUNTY,187,41 Years,2898,1465,1433,1368,689,679,229,129,100,45,16,29,47,20,27,1209,611,598
GUADALUPE COUNTY,187,42 Years,2850,1439,1411,1322,660,662,228,134,94,55,19,36,55,23,32,1190,603,587
GUADALUPE COUNTY,187,43 Years,2783,1413,1370,1266,645,621,239,127,112,44,14,30,48,22,26,1186,605,581
GUADALUPE COUNTY,187,44 Years,2717,1338,1379,1251,625,626,237,117,120,40,13,27,47,21,26,1142,562,580
GUADALUPE COUNTY,187,45 Years,2629,1311,1318,1202,603,599,230,120,110,42,17,25,56,28,28,1099,543,556
GUADALUPE COUNTY,187,46 Years,2593,1325,1268,1187,605,582,229,130,99,43,18,25,53,24,29,1081,548,533
GUADALUPE COUNTY,187,47 Years,2632,1318,1314,1241,627,614,241,132,109,44,16,28,54,24,30,1052,519,533
GUADALUPE COUNTY,187,48 Years,2448,1224,1224,1149,580,569,222,120,102,40,13,27,49,23,26,988,488,500
GUADALUPE COUNTY,187,49 Years,2424,1224,1200,1123,569,554,215,126,89,43,13,30,44,19,25,999,497,502
GUADALUPE COUNTY,187,50 Years,2550,1245,1305,1242,636,606,235,121,114,44,11,33,43,18,25,986,459,527
GUADALUPE COUNTY,187,51 Years,2613,1297,1316,1289,643,646,266,145,121,44,15,29,45,18,27,969,476,493
GUADALUPE COUNTY,187,52 Years,2607,1313,1294,1258,626,632,290,152,138,57,25,32,46,24,22,956,486,470
GUADALUPE COUNTY,187,53 Years,2359,1176,1183,1193,605,588,217,105,112,57,25,32,41,20,21,851,421,430
GUADALUPE COUNTY,187,54 Years,2260,1127,1133,1171,584,587,226,121,105,48,17,31,36,14,22,779,391,388
GUADALUPE COUNTY,187,55 Years,2262,1140,1122,1171,587,584,249,144,105,29,10,19,38,20,18,775,379,396
GUADALUPE COUNTY,187,56 Years,2252,1126,1126,1161,574,587,261,144,117,39,18,21,38,24,14,753,366,387
GUADALUPE COUNTY,187,57 Years,2327,1147,1180,1220,611,609,268,142,126,46,16,30,32,16,16,761,362,399
GUADALUPE COUNTY,187,58 Years,2315,1124,1191,1257,613,644,265,133,132,46,13,33,31,15,16,716,350,366
GUADALUPE COUNTY,187,59 Years,2303,1098,1205,1261,611,650,253,127,126,39,9,30,36,21,15,714,330,384
GUADALUPE COUNTY,187,60 Years,2304,1109,1195,1261,605,656,259,137,122,50,21,29,37,17,20,697,329,368
GUADALUPE COUNTY,187,61 Years,2240,1091,1149,1254,611,643,251,132,119,60,27,33,39,19,20,636,302,334
GUADALUPE COUNTY,187,62 Years,2234,1083,1151,1268,625,643,203,104,99,46,16,30,30,16,14,687,322,365
GUADALUPE COUNTY,187,63 Years,2099,992,1107,1212,582,630,170,84,86,36,14,22,24,12,12,657,300,357
GUADALUPE COUNTY,187,64 Years,1977,914,1063,1146,542,604,170,76,94,34,11,23,26,11,15,601,274,327
GUADALUPE COUNTY,187,65 Years,1883,865,1018,1126,534,592,163,67,96,34,8,26,26,10,16,534,246,288
GUADALUPE COUNTY,187,66 Years,1894,891,1003,1154,544,610,158,83,75,28,6,22,21,9,12,533,249,284
GUADALUPE COUNTY,187,67 Years,1890,874,1016,1154,521,633,148,81,67,36,11,25,19,9,10,533,252,281
GUADALUPE COUNTY,187,68 Years,1797,838,959,1107,504,603,143,72,71,33,12,21,24,12,12,490,238,252
GUADALUPE COUNTY,187,69 Years,1709,795,914,1059,501,558,137,64,73,25,7,18,25,9,16,463,214,249
GUADALUPE COUNTY,187,70 Years,1641,777,864,1012,470,542,119,64,55,27,8,19,22,8,14,461,227,234
GUADALUPE COUNTY,187,71 Years,1544,721,823,969,447,522,100,54,46,29,8,21,18,5,13,428,207,221
GUADALUPE COUNTY,187,72 Years,1524,699,825,984,462,522,94,47,47,26,6,20,16,5,11,404,179,225
GUADALUPE COUNTY,187,73 Years,1493,680,813,990,460,530,90,42,48,20,7,13,15,7,8,378,164,214
GUADALUPE COUNTY,187,74 Years,1438,670,768,967,462,505,83,40,43,22,5,17,14,7,7,352,156,196
GUADALUPE COUNTY,187,75 Years,1405,658,747,961,459,502,70,32,38,20,2,18,14,7,7,340,158,182
GUADALUPE COUNTY,187,76 Years,1223,579,644,805,389,416,64,27,37,14,1,13,13,7,6,327,155,172
GUADALUPE COUNTY,187,77 Years,1067,485,582,696,327,369,57,23,34,7,1,6,13,6,7,294,128,166
GUADALUPE COUNTY,187,78 Years,1017,465,552,694,324,370,51,22,29,5,1,4,10,5,5,257,113,144
GUADALUPE COUNTY,187,79 Years,960,425,535,674,309,365,53,23,30,6,1,5,9,7,2,218,85,133
GUADALUPE COUNTY,187,80 Years,855,373,482,596,272,324,50,19,31,7,1,6,8,5,3,194,76,118
GUADALUPE COUNTY,187,81 Years,737,330,407,509,236,273,45,17,28,7,0,7,7,4,3,169,73,96
GUADALUPE COUNTY,187,82 Years,620,273,347,423,188,235,36,17,19,9,2,7,6,3,3,146,63,83
GUADALUPE COUNTY,187,83 Years,555,245,310,394,175,219,29,14,15,9,4,5,3,1,2,120,51,69
GUADALUPE COUNTY,187,84 Years,498,215,283,352,152,200,23,11,12,7,3,4,4,2,2,112,47,65
GUADALUPE COUNTY,187,85 Years,470,198,272,318,134,184,27,15,12,5,2,3,7,3,4,113,44,69
GUADALUPE COUNTY,187,86 Years,447,183,264,299,127,172,26,12,14,5,1,4,7,2,5,110,41,69
GUADALUPE COUNTY,187,87 Years,393,160,233,268,109,159,22,10,12,3,1,2,5,1,4,95,39,56
GUADALUPE COUNTY,187,88 Years,352,134,218,248,91,157,18,7,11,3,1,2,3,1,2,80,34,46
GUADALUPE COUNTY,187,89 Years,303,115,188,213,78,135,15,6,9,3,1,2,1,0,1,71,30,41
GUADALUPE COUNTY,187,90 Years,254,95,159,182,70,112,10,2,8,2,1,1,2,0,2,58,22,36
GUADALUPE COUNTY,187,91 Years,218,88,130,158,64,94,9,3,6,2,1,1,1,1,0,48,19,29
GUADALUPE COUNTY,187,92 Years,181,69,112,129,51,78,6,1,5,2,1,1,1,0,1,43,16,27
GUADALUPE COUNTY,187,93 Years,150,55,95,106,37,69,7,2,5,1,1,0,1,1,0,35,14,21
GUADALUPE COUNTY,187,94 Years,114,36,78,77,24,53,7,1,6,1,0,1,0,0,0,29,11,18
GUADALUPE COUNTY,187,95 Years +,292,84,208,196,54,142,17,4,13,4,0,4,3,1,2,72,25,47
HALE COUNTY,189,All Ages,31707,16572,15135,10108,5235,4873,1748,1159,589,151,79,72,536,281,255,19164,9818,9346
HALE COUNTY,189,< 1 Year,419,213,206,95,47,48,14,7,7,2,1,1,10,6,4,298,152,146
HALE COUNTY,189,1 Years,426,217,209,95,48,47,15,8,7,1,1,0,11,6,5,304,154,150
HALE COUNTY,189,2 Years,430,218,212,97,49,48,15,8,7,1,0,1,10,5,5,307,156,151
HALE COUNTY,189,3 Years,446,227,219,94,47,47,16,8,8,1,0,1,7,3,4,328,169,159
HALE COUNTY,189,4 Years,442,223,219,88,43,45,15,8,7,2,1,1,6,3,3,331,168,163
HALE COUNTY,189,5 Years,434,215,219,87,42,45,13,5,8,2,1,1,7,4,3,325,163,162
HALE COUNTY,189,6 Years,435,218,217,90,44,46,14,6,8,1,1,0,11,7,4,319,160,159
HALE COUNTY,189,7 Years,437,222,215,98,50,48,13,5,8,2,1,1,14,9,5,310,157,153
HALE COUNTY,189,8 Years,453,228,225,106,55,51,15,6,9,4,2,2,14,7,7,314,158,156
HALE COUNTY,189,9 Years,464,229,235,104,54,50,17,9,8,4,2,2,12,5,7,327,159,168
HALE COUNTY,189,10 Years,478,239,239,102,52,50,20,12,8,2,1,1,11,6,5,343,168,175
HALE COUNTY,189,11 Years,494,254,240,103,55,48,21,12,9,2,1,1,13,6,7,355,180,175
HALE COUNTY,189,12 Years,489,233,256,98,51,47,22,10,12,1,1,0,12,6,6,356,165,191
HALE COUNTY,189,13 Years,499,238,261,102,51,51,23,11,12,1,0,1,14,8,6,359,168,191
HALE COUNTY,189,14 Years,499,245,254,99,48,51,21,11,10,1,0,1,16,11,5,362,175,187
HALE COUNTY,189,15 Years,492,242,250,97,52,45,20,11,9,1,0,1,13,8,5,361,171,190
HALE COUNTY,189,16 Years,488,242,246,105,57,48,16,9,7,1,0,1,15,7,8,351,169,182
HALE COUNTY,189,17 Years,481,241,240,111,60,51,13,6,7,1,0,1,10,5,5,346,170,176
HALE COUNTY,189,18 Years,518,271,247,118,63,55,22,12,10,0,0,0,7,4,3,371,192,179
HALE COUNTY,189,19 Years,490,269,221,110,62,48,27,16,11,1,1,0,5,2,3,347,188,159
HALE COUNTY,189,20 Years,526,296,230,140,87,53,29,19,10,1,1,0,11,6,5,345,183,162
HALE COUNTY,189,21 Years,524,290,234,149,90,59,33,27,6,2,1,1,9,4,5,331,168,163
HALE COUNTY,189,22 Years,516,306,210,141,85,56,37,32,5,3,3,0,7,3,4,328,183,145
HALE COUNTY,189,23 Years,525,319,206,137,82,55,49,42,7,6,4,2,7,4,3,326,187,139
HALE COUNTY,189,24 Years,520,316,204,136,82,54,52,43,9,4,3,1,8,4,4,320,184,136
HALE COUNTY,189,25 Years,513,310,203,149,90,59,54,41,13,6,5,1,7,3,4,297,171,126
HALE COUNTY,189,26 Years,523,310,213,152,91,61,48,38,10,5,3,2,7,4,3,311,174,137
HALE COUNTY,189,27 Years,500,299,201,145,89,56,48,37,11,4,3,1,10,7,3,293,163,130
HALE COUNTY,189,28 Years,431,266,165,112,70,42,40,34,6,5,4,1,7,5,2,267,153,114
HALE COUNTY,189,29 Years,409,243,166,102,62,40,35,29,6,3,3,0,7,4,3,262,145,117
HALE COUNTY,189,30 Years,412,239,173,105,61,44,37,31,6,1,1,0,2,0,2,267,146,121
HALE COUNTY,189,31 Years,441,255,186,120,64,56,46,39,7,1,1,0,4,2,2,270,149,121
HALE COUNTY,189,32 Years,423,235,188,125,64,61,42,35,7,5,2,3,4,2,2,247,132,115
HALE COUNTY,189,33 Years,419,238,181,129,72,57,33,26,7,4,3,1,4,1,3,249,136,113
HALE COUNTY,189,34 Years,433,247,186,128,73,55,34,28,6,3,2,1,7,3,4,261,141,120
HALE COUNTY,189,35 Years,414,235,179,115,61,54,34,27,7,3,2,1,8,4,4,254,141,113
HALE COUNTY,189,36 Years,399,229,170,104,57,47,31,24,7,2,1,1,7,3,4,255,144,111
HALE COUNTY,189,37 Years,378,216,162,96,54,42,27,21,6,2,1,1,4,3,1,249,137,112
HALE COUNTY,189,38 Years,371,211,160,102,61,41,22,18,4,2,1,1,2,2,0,243,129,114
HALE COUNTY,189,39 Years,386,213,173,115,64,51,21,17,4,1,1,0,4,3,1,245,128,117
HALE COUNTY,189,40 Years,393,207,186,113,61,52,18,13,5,3,2,1,6,1,5,253,130,123
HALE COUNTY,189,41 Years,382,196,186,111,56,55,16,13,3,3,2,1,5,2,3,247,123,124
HALE COUNTY,189,42 Years,390,205,185,126,67,59,22,16,6,3,2,1,4,2,2,235,118,117
HALE COUNTY,189,43 Years,380,209,171,119,67,52,21,16,5,0,0,0,4,0,4,236,126,110
HALE COUNTY,189,44 Years,365,200,165,103,56,47,25,19,6,2,1,1,4,2,2,231,122,109
HALE COUNTY,189,45 Years,335,183,152,95,50,45,18,13,5,5,2,3,3,3,0,214,115,99
HALE COUNTY,189,46 Years,335,184,151,96,51,45,23,17,6,5,1,4,3,3,0,208,112,96
HALE COUNTY,189,47 Years,331,176,155,93,50,43,21,14,7,3,0,3,6,4,2,208,108,100
HALE COUNTY,189,48 Years,334,171,163,94,51,43,20,14,6,2,0,2,4,3,1,214,103,111
HALE COUNTY,189,49 Years,342,182,160,102,60,42,21,11,10,2,1,1,4,4,0,213,106,107
HALE COUNTY,189,50 Years,354,186,168,104,58,46,19,11,8,4,2,2,5,3,2,222,112,110
HALE COUNTY,189,51 Years,352,179,173,110,61,49,19,12,7,1,0,1,6,3,3,216,103,113
HALE COUNTY,189,52 Years,338,182,156,121,72,49,17,9,8,1,0,1,5,2,3,194,99,95
HALE COUNTY,189,53 Years,320,171,149,128,73,55,16,8,8,1,0,1,5,1,4,170,89,81
HALE COUNTY,189,54 Years,329,167,162,129,69,60,18,10,8,1,0,1,5,2,3,176,86,90
HALE COUNTY,189,55 Years,324,167,157,126,66,60,14,9,5,1,0,1,6,2,4,177,90,87
HALE COUNTY,189,56 Years,321,169,152,122,63,59,15,11,4,1,0,1,4,0,4,179,95,84
HALE COUNTY,189,57 Years,334,172,162,132,66,66,17,11,6,0,0,0,4,1,3,181,94,87
HALE COUNTY,189,58 Years,339,164,175,139,67,72,15,11,4,1,0,1,6,4,2,178,82,96
HALE COUNTY,189,59 Years,340,166,174,141,73,68,13,7,6,1,0,1,7,3,4,178,83,95
HALE COUNTY,189,60 Years,338,164,174,140,70,70,15,7,8,2,2,0,7,3,4,174,82,92
HALE COUNTY,189,61 Years,324,163,161,139,72,67,15,7,8,1,1,0,4,1,3,165,82,83
HALE COUNTY,189,62 Years,336,171,165,143,76,67,16,8,8,1,1,0,5,3,2,171,83,88
HALE COUNTY,189,63 Years,329,164,165,149,70,79,18,10,8,2,1,1,4,3,1,156,80,76
HALE COUNTY,189,64 Years,328,158,170,150,67,83,18,10,8,2,1,1,3,3,0,155,77,78
HALE COUNTY,189,65 Years,328,149,179,148,65,83,17,10,7,1,0,1,2,1,1,160,73,87
HALE COUNTY,189,66 Years,322,145,177,145,63,82,17,9,8,0,0,0,1,0,1,159,73,86
HALE COUNTY,189,67 Years,308,152,156,142,68,74,16,9,7,1,1,0,3,2,1,146,72,74
HALE COUNTY,189,68 Years,297,150,147,145,73,72,15,7,8,0,0,0,5,3,2,132,67,65
HALE COUNTY,189,69 Years,280,133,147,141,68,73,10,6,4,0,0,0,3,1,2,126,58,68
HALE COUNTY,189,70 Years,244,117,127,130,60,70,13,6,7,0,0,0,2,1,1,99,50,49
HALE COUNTY,189,71 Years,227,117,110,120,60,60,10,4,6,0,0,0,4,3,1,93,50,43
HALE COUNTY,189,72 Years,230,111,119,118,56,62,6,2,4,1,0,1,4,3,1,101,50,51
HALE COUNTY,189,73 Years,230,109,121,126,58,68,7,2,5,0,0,0,3,2,1,94,47,47
HALE COUNTY,189,74 Years,215,105,110,118,54,64,9,3,6,0,0,0,1,1,0,87,47,40
HALE COUNTY,189,75 Years,188,91,97,105,48,57,9,3,6,0,0,0,3,2,1,71,38,33
HALE COUNTY,189,76 Years,166,74,92,94,38,56,5,2,3,0,0,0,4,2,2,63,32,31
HALE COUNTY,189,77 Years,155,68,87,84,37,47,6,2,4,2,0,2,3,1,2,60,28,32
HALE COUNTY,189,78 Years,172,78,94,102,49,53,4,0,4,1,0,1,8,3,5,57,26,31
HALE COUNTY,189,79 Years,168,79,89,104,53,51,3,1,2,0,0,0,6,3,3,55,22,33
HALE COUNTY,189,80 Years,166,78,88,101,51,50,9,6,3,0,0,0,3,1,2,53,20,33
HALE COUNTY,189,81 Years,142,65,77,91,43,48,7,4,3,0,0,0,3,1,2,41,17,24
HALE COUNTY,189,82 Years,125,52,73,75,32,43,4,1,3,0,0,0,2,1,1,44,18,26
HALE COUNTY,189,83 Years,104,38,66,63,23,40,5,2,3,0,0,0,0,0,0,36,13,23
HALE COUNTY,189,84 Years,106,34,72,64,21,43,5,1,4,0,0,0,2,0,2,35,12,23
HALE COUNTY,189,85 Years,89,30,59,52,18,34,4,1,3,2,0,2,3,1,2,28,10,18
HALE COUNTY,189,86 Years,72,27,45,47,19,28,2,1,1,1,0,1,1,0,1,21,7,14
HALE COUNTY,189,87 Years,72,29,43,47,19,28,3,1,2,0,0,0,1,1,0,21,8,13
HALE COUNTY,189,88 Years,62,25,37,40,15,25,2,0,2,0,0,0,1,1,0,19,9,10
HALE COUNTY,189,89 Years,55,22,33,36,13,23,0,0,0,0,0,0,1,1,0,18,8,10
HALE COUNTY,189,90 Years,48,19,29,33,12,21,0,0,0,0,0,0,1,1,0,14,6,8
HALE COUNTY,189,91 Years,38,15,23,26,9,17,1,0,1,0,0,0,1,1,0,10,5,5
HALE COUNTY,189,92 Years,27,11,16,17,7,10,1,0,1,0,0,0,0,0,0,9,4,5
HALE COUNTY,189,93 Years,27,11,16,18,7,11,1,0,1,0,0,0,1,1,0,7,3,4
HALE COUNTY,189,94 Years,21,7,14,15,5,10,1,0,1,0,0,0,0,0,0,5,2,3
HALE COUNTY,189,95 Years +,53,18,35,35,10,25,2,1,1,0,0,0,1,0,1,15,7,8
HALL COUNTY,191,All Ages,2873,1410,1463,1498,733,765,267,135,132,0,0,0,23,5,18,1085,537,548
HALL COUNTY,191,< 1 Year,34,17,17,13,7,6,2,1,1,0,0,0,1,0,1,18,9,9
HALL COUNTY,191,1 Years,35,17,18,13,6,7,2,1,1,0,0,0,2,1,1,18,9,9
HALL COUNTY,191,2 Years,34,17,17,12,6,6,2,1,1,0,0,0,1,0,1,19,10,9
HALL COUNTY,191,3 Years,29,13,16,10,3,7,3,1,2,0,0,0,1,0,1,15,9,6
HALL COUNTY,191,4 Years,23,14,9,10,5,5,2,1,1,0,0,0,0,0,0,11,8,3
HALL COUNTY,191,5 Years,23,14,9,9,5,4,3,2,1,0,0,0,0,0,0,11,7,4
HALL COUNTY,191,6 Years,22,14,8,9,6,3,3,2,1,0,0,0,0,0,0,10,6,4
HALL COUNTY,191,7 Years,27,17,10,12,7,5,3,2,1,0,0,0,0,0,0,12,8,4
HALL COUNTY,191,8 Years,29,15,14,12,6,6,4,2,2,0,0,0,0,0,0,13,7,6
HALL COUNTY,191,9 Years,32,13,19,12,5,7,5,2,3,0,0,0,0,0,0,15,6,9
HALL COUNTY,191,10 Years,39,15,24,14,8,6,4,1,3,0,0,0,3,1,2,18,5,13
HALL COUNTY,191,11 Years,40,17,23,16,9,7,4,1,3,0,0,0,3,1,2,17,6,11
HALL COUNTY,191,12 Years,40,17,23,16,8,8,4,2,2,0,0,0,0,0,0,20,7,13
HALL COUNTY,191,13 Years,46,20,26,16,7,9,1,1,0,0,0,0,0,0,0,29,12,17
HALL COUNTY,191,14 Years,41,18,23,13,6,7,3,2,1,0,0,0,0,0,0,25,10,15
HALL COUNTY,191,15 Years,38,19,19,12,6,6,5,3,2,0,0,0,0,0,0,21,10,11
HALL COUNTY,191,16 Years,39,18,21,14,6,8,4,1,3,0,0,0,0,0,0,21,11,10
HALL COUNTY,191,17 Years,36,21,15,15,8,7,3,1,2,0,0,0,0,0,0,18,12,6
HALL COUNTY,191,18 Years,34,18,16,15,9,6,3,1,2,0,0,0,0,0,0,16,8,8
HALL COUNTY,191,19 Years,40,24,16,14,9,5,4,2,2,0,0,0,0,0,0,22,13,9
HALL COUNTY,191,20 Years,42,24,18,14,9,5,3,1,2,0,0,0,1,0,1,24,14,10
HALL COUNTY,191,21 Years,44,23,21,16,10,6,3,1,2,0,0,0,1,0,1,24,12,12
HALL COUNTY,191,22 Years,34,16,18,12,6,6,3,2,1,0,0,0,0,0,0,19,8,11
HALL COUNTY,191,23 Years,33,21,12,18,12,6,2,1,1,0,0,0,0,0,0,13,8,5
HALL COUNTY,191,24 Years,27,16,11,14,8,6,2,1,1,0,0,0,0,0,0,11,7,4
HALL COUNTY,191,25 Years,30,16,14,15,7,8,1,0,1,0,0,0,0,0,0,14,9,5
HALL COUNTY,191,26 Years,29,13,16,15,6,9,0,0,0,0,0,0,0,0,0,14,7,7
HALL COUNTY,191,27 Years,28,14,14,14,6,8,2,2,0,0,0,0,0,0,0,12,6,6
HALL COUNTY,191,28 Years,30,18,12,15,9,6,4,4,0,0,0,0,0,0,0,11,5,6
HALL COUNTY,191,29 Years,26,13,13,14,8,6,3,2,1,0,0,0,0,0,0,9,3,6
HALL COUNTY,191,30 Years,27,14,13,12,7,5,4,3,1,0,0,0,1,0,1,10,4,6
HALL COUNTY,191,31 Years,29,18,11,11,7,4,3,2,1,0,0,0,1,0,1,14,9,5
HALL COUNTY,191,32 Years,22,12,10,8,5,3,3,1,2,0,0,0,0,0,0,11,6,5
HALL COUNTY,191,33 Years,22,12,10,8,4,4,3,2,1,0,0,0,0,0,0,11,6,5
HALL COUNTY,191,34 Years,25,13,12,7,2,5,4,3,1,0,0,0,0,0,0,14,8,6
HALL COUNTY,191,35 Years,24,14,10,6,3,3,3,2,1,0,0,0,0,0,0,15,9,6
HALL COUNTY,191,36 Years,21,11,10,4,2,2,3,2,1,0,0,0,0,0,0,14,7,7
HALL COUNTY,191,37 Years,23,9,14,5,2,3,5,2,3,0,0,0,0,0,0,13,5,8
HALL COUNTY,191,38 Years,30,16,14,6,3,3,3,1,2,0,0,0,0,0,0,21,12,9
HALL COUNTY,191,39 Years,36,20,16,16,8,8,2,1,1,0,0,0,0,0,0,18,11,7
HALL COUNTY,191,40 Years,27,15,12,18,10,8,2,1,1,0,0,0,0,0,0,7,4,3
HALL COUNTY,191,41 Years,27,11,16,13,6,7,2,1,1,0,0,0,0,0,0,12,4,8
HALL COUNTY,191,42 Years,27,12,15,11,6,5,2,1,1,0,0,0,0,0,0,14,5,9
HALL COUNTY,191,43 Years,28,12,16,11,6,5,1,1,0,0,0,0,0,0,0,16,5,11
HALL COUNTY,191,44 Years,27,13,14,15,7,8,1,1,0,0,0,0,0,0,0,11,5,6
HALL COUNTY,191,45 Years,27,12,15,16,6,10,2,1,1,0,0,0,0,0,0,9,5,4
HALL COUNTY,191,46 Years,27,11,16,12,5,7,2,1,1,0,0,0,0,0,0,13,5,8
HALL COUNTY,191,47 Years,30,12,18,14,6,8,2,1,1,0,0,0,0,0,0,14,5,9
HALL COUNTY,191,48 Years,29,13,16,14,7,7,1,0,1,0,0,0,0,0,0,14,6,8
HALL COUNTY,191,49 Years,27,14,13,12,6,6,1,0,1,0,0,0,0,0,0,14,8,6
HALL COUNTY,191,50 Years,34,16,18,15,8,7,2,1,1,0,0,0,0,0,0,17,7,10
HALL COUNTY,191,51 Years,36,14,22,18,8,10,1,0,1,0,0,0,0,0,0,17,6,11
HALL COUNTY,191,52 Years,31,13,18,19,8,11,2,1,1,0,0,0,0,0,0,10,4,6
HALL COUNTY,191,53 Years,39,18,21,21,9,12,6,3,3,0,0,0,0,0,0,12,6,6
HALL COUNTY,191,54 Years,39,19,20,18,8,10,9,4,5,0,0,0,0,0,0,12,7,5
HALL COUNTY,191,55 Years,38,17,21,19,9,10,6,3,3,0,0,0,0,0,0,13,5,8
HALL COUNTY,191,56 Years,39,18,21,20,10,10,4,2,2,0,0,0,0,0,0,15,6,9
HALL COUNTY,191,57 Years,40,20,20,23,12,11,2,0,2,0,0,0,0,0,0,15,8,7
HALL COUNTY,191,58 Years,38,22,16,24,13,11,1,1,0,0,0,0,1,0,1,12,8,4
HALL COUNTY,191,59 Years,42,24,18,26,13,13,3,2,1,0,0,0,1,1,0,12,8,4
HALL COUNTY,191,60 Years,45,24,21,28,14,14,4,3,1,0,0,0,1,0,1,12,7,5
HALL COUNTY,191,61 Years,43,23,20,28,15,13,5,3,2,0,0,0,0,0,0,10,5,5
HALL COUNTY,191,62 Years,43,21,22,28,14,14,5,3,2,0,0,0,0,0,0,10,4,6
HALL COUNTY,191,63 Years,48,25,23,28,13,15,6,3,3,0,0,0,0,0,0,14,9,5
HALL COUNTY,191,64 Years,43,22,21,26,11,15,6,3,3,0,0,0,0,0,0,11,8,3
HALL COUNTY,191,65 Years,32,12,20,21,8,13,4,0,4,0,0,0,0,0,0,7,4,3
HALL COUNTY,191,66 Years,42,19,23,30,13,17,3,2,1,0,0,0,0,0,0,9,4,5
HALL COUNTY,191,67 Years,42,18,24,29,14,15,4,1,3,0,0,0,0,0,0,9,3,6
HALL COUNTY,191,68 Years,41,21,20,27,14,13,4,3,1,0,0,0,1,1,0,9,3,6
HALL COUNTY,191,69 Years,32,17,15,22,12,10,2,1,1,0,0,0,1,0,1,7,4,3
HALL COUNTY,191,70 Years,37,14,23,22,11,11,4,1,3,0,0,0,1,0,1,10,2,8
HALL COUNTY,191,71 Years,41,18,23,25,13,12,6,3,3,0,0,0,0,0,0,10,2,8
HALL COUNTY,191,72 Years,36,17,19,27,13,14,3,1,2,0,0,0,0,0,0,6,3,3
HALL COUNTY,191,73 Years,32,12,20,24,8,16,2,1,1,0,0,0,0,0,0,6,3,3
HALL COUNTY,191,74 Years,31,13,18,23,10,13,4,1,3,0,0,0,0,0,0,4,2,2
HALL COUNTY,191,75 Years,38,17,21,26,13,13,5,1,4,0,0,0,0,0,0,7,3,4
HALL COUNTY,191,76 Years,32,14,18,26,12,14,1,0,1,0,0,0,0,0,0,5,2,3
HALL COUNTY,191,77 Years,32,16,16,24,11,13,1,1,0,0,0,0,0,0,0,7,4,3
HALL COUNTY,191,78 Years,29,15,14,22,11,11,3,2,1,0,0,0,0,0,0,4,2,2
HALL COUNTY,191,79 Years,26,12,14,21,10,11,3,1,2,0,0,0,0,0,0,2,1,1
HALL COUNTY,191,80 Years,23,10,13,18,8,10,1,0,1,0,0,0,0,0,0,4,2,2
HALL COUNTY,191,81 Years,24,10,14,18,7,11,3,1,2,0,0,0,0,0,0,3,2,1
HALL COUNTY,191,82 Years,23,11,12,17,7,10,4,3,1,0,0,0,0,0,0,2,1,1
HALL COUNTY,191,83 Years,24,13,11,18,9,9,4,3,1,0,0,0,0,0,0,2,1,1
HALL COUNTY,191,84 Years,20,10,10,15,7,8,3,2,1,0,0,0,0,0,0,2,1,1
HALL COUNTY,191,85 Years,21,10,11,15,7,8,2,1,1,0,0,0,1,0,1,3,2,1
HALL COUNTY,191,86 Years,18,8,10,14,6,8,1,1,0,0,0,0,1,0,1,2,1,1
HALL COUNTY,191,87 Years,12,5,7,11,5,6,0,0,0,0,0,0,0,0,0,1,0,1
HALL COUNTY,191,88 Years,9,4,5,9,4,5,0,0,0,0,0,0,0,0,0,0,0,0
HALL COUNTY,191,89 Years,6,3,3,5,2,3,0,0,0,0,0,0,0,0,0,1,1,0
HALL COUNTY,191,90 Years,6,3,3,5,2,3,0,0,0,0,0,0,0,0,0,1,1,0
HALL COUNTY,191,91 Years,4,2,2,4,2,2,0,0,0,0,0,0,0,0,0,0,0,0
HALL COUNTY,191,92 Years,3,2,1,3,2,1,0,0,0,0,0,0,0,0,0,0,0,0
HALL COUNTY,191,93 Years,4,3,1,3,2,1,0,0,0,0,0,0,0,0,0,1,1,0
HALL COUNTY,191,94 Years,3,2,1,2,1,1,0,0,0,0,0,0,0,0,0,1,1,0
HALL COUNTY,191,95 Years +,13,7,6,8,3,5,2,2,0,0,0,0,0,0,0,3,2,1
HAMILTON COUNTY,193,All Ages,8605,4272,4333,7183,3547,3636,37,19,18,34,12,22,108,55,53,1243,639,604
HAMILTON COUNTY,193,< 1 Year,94,46,48,64,33,31,1,0,1,1,1,0,3,1,2,25,11,14
HAMILTON COUNTY,193,1 Years,93,48,45,63,32,31,1,1,0,0,0,0,3,2,1,26,13,13
HAMILTON COUNTY,193,2 Years,95,48,47,64,33,31,1,0,1,0,0,0,3,1,2,27,14,13
HAMILTON COUNTY,193,3 Years,93,45,48,73,36,37,1,0,1,0,0,0,0,0,0,19,9,10
HAMILTON COUNTY,193,4 Years,96,50,46,78,39,39,0,0,0,0,0,0,1,0,1,17,11,6
HAMILTON COUNTY,193,5 Years,101,52,49,78,40,38,1,0,1,0,0,0,4,2,2,18,10,8
HAMILTON COUNTY,193,6 Years,101,55,46,78,42,36,0,0,0,0,0,0,4,2,2,19,11,8
HAMILTON COUNTY,193,7 Years,96,54,42,74,40,34,0,0,0,0,0,0,3,3,0,19,11,8
HAMILTON COUNTY,193,8 Years,100,55,45,72,42,30,0,0,0,0,0,0,2,2,0,26,11,15
HAMILTON COUNTY,193,9 Years,103,56,47,75,43,32,0,0,0,0,0,0,1,1,0,27,12,15
HAMILTON COUNTY,193,10 Years,106,59,47,77,44,33,0,0,0,0,0,0,1,1,0,28,14,14
HAMILTON COUNTY,193,11 Years,110,60,50,80,44,36,0,0,0,0,0,0,1,1,0,29,15,14
HAMILTON COUNTY,193,12 Years,102,53,49,74,36,38,0,0,0,0,0,0,1,1,0,27,16,11
HAMILTON COUNTY,193,13 Years,116,62,54,89,50,39,1,0,1,0,0,0,1,0,1,25,12,13
HAMILTON COUNTY,193,14 Years,110,63,47,88,52,36,0,0,0,0,0,0,1,0,1,21,11,10
HAMILTON COUNTY,193,15 Years,101,53,48,81,44,37,0,0,0,0,0,0,0,0,0,20,9,11
HAMILTON COUNTY,193,16 Years,106,57,49,83,46,37,0,0,0,0,0,0,1,0,1,22,11,11
HAMILTON COUNTY,193,17 Years,102,54,48,77,41,36,0,0,0,0,0,0,2,2,0,23,11,12
HAMILTON COUNTY,193,18 Years,97,55,42,73,42,31,0,0,0,0,0,0,1,1,0,23,12,11
HAMILTON COUNTY,193,19 Years,94,54,40,72,43,29,0,0,0,1,0,1,1,1,0,20,10,10
HAMILTON COUNTY,193,20 Years,103,55,48,76,39,37,1,1,0,1,0,1,1,1,0,24,14,10
HAMILTON COUNTY,193,21 Years,98,48,50,72,32,40,1,1,0,1,0,1,1,1,0,23,14,9
HAMILTON COUNTY,193,22 Years,92,49,43,71,35,36,1,1,0,0,0,0,1,1,0,19,12,7
HAMILTON COUNTY,193,23 Years,74,42,32,54,30,24,1,1,0,1,0,1,2,1,1,16,10,6
HAMILTON COUNTY,193,24 Years,82,44,38,65,35,30,0,0,0,1,0,1,1,1,0,15,8,7
HAMILTON COUNTY,193,25 Years,88,46,42,67,34,33,0,0,0,0,0,0,2,1,1,19,11,8
HAMILTON COUNTY,193,26 Years,84,43,41,62,30,32,0,0,0,2,0,2,1,1,0,19,12,7
HAMILTON COUNTY,193,27 Years,83,44,39,62,29,33,0,0,0,1,0,1,0,0,0,20,15,5
HAMILTON COUNTY,193,28 Years,98,52,46,73,37,36,1,1,0,2,2,0,1,1,0,21,11,10
HAMILTON COUNTY,193,29 Years,96,51,45,73,40,33,2,1,1,0,0,0,2,0,2,19,10,9
HAMILTON COUNTY,193,30 Years,105,56,49,80,44,36,1,0,1,0,0,0,4,2,2,20,10,10
HAMILTON COUNTY,193,31 Years,84,45,39,64,34,30,1,1,0,0,0,0,2,2,0,17,8,9
HAMILTON COUNTY,193,32 Years,71,34,37,56,26,30,1,1,0,0,0,0,1,1,0,13,6,7
HAMILTON COUNTY,193,33 Years,79,34,45,64,26,38,0,0,0,0,0,0,0,0,0,15,8,7
HAMILTON COUNTY,193,34 Years,101,52,49,79,41,38,1,0,1,0,0,0,0,0,0,21,11,10
HAMILTON COUNTY,193,35 Years,109,60,49,87,49,38,0,0,0,1,1,0,1,1,0,20,9,11
HAMILTON COUNTY,193,36 Years,84,45,39,72,39,33,0,0,0,1,1,0,1,1,0,10,4,6
HAMILTON COUNTY,193,37 Years,89,51,38,68,36,32,2,2,0,1,1,0,0,0,0,18,12,6
HAMILTON COUNTY,193,38 Years,88,42,46,68,32,36,2,1,1,1,0,1,1,0,1,16,9,7
HAMILTON COUNTY,193,39 Years,104,50,54,87,41,46,0,0,0,1,0,1,1,0,1,15,9,6
HAMILTON COUNTY,193,40 Years,102,53,49,82,44,38,1,0,1,1,0,1,1,0,1,17,9,8
HAMILTON COUNTY,193,41 Years,89,46,43,70,38,32,1,0,1,2,0,2,1,0,1,15,8,7
HAMILTON COUNTY,193,42 Years,94,49,45,77,40,37,1,0,1,1,0,1,1,0,1,14,9,5
HAMILTON COUNTY,193,43 Years,82,44,38,69,37,32,0,0,0,0,0,0,1,0,1,12,7,5
HAMILTON COUNTY,193,44 Years,76,43,33,67,38,29,0,0,0,0,0,0,0,0,0,9,5,4
HAMILTON COUNTY,193,45 Years,81,45,36,71,41,30,0,0,0,0,0,0,0,0,0,10,4,6
HAMILTON COUNTY,193,46 Years,82,39,43,70,33,37,0,0,0,0,0,0,0,0,0,12,6,6
HAMILTON COUNTY,193,47 Years,90,42,48,76,35,41,0,0,0,0,0,0,0,0,0,14,7,7
HAMILTON COUNTY,193,48 Years,80,36,44,67,33,34,0,0,0,0,0,0,3,1,2,10,2,8
HAMILTON COUNTY,193,49 Years,78,31,47,63,25,38,0,0,0,0,0,0,2,1,1,13,5,8
HAMILTON COUNTY,193,50 Years,96,41,55,78,34,44,0,0,0,0,0,0,2,1,1,16,6,10
HAMILTON COUNTY,193,51 Years,93,43,50,77,37,40,0,0,0,1,0,1,2,1,1,13,5,8
HAMILTON COUNTY,193,52 Years,93,43,50,78,37,41,1,1,0,1,0,1,1,1,0,12,4,8
HAMILTON COUNTY,193,53 Years,94,47,47,83,40,43,0,0,0,1,0,1,1,1,0,9,6,3
HAMILTON COUNTY,193,54 Years,87,44,43,79,38,41,0,0,0,0,0,0,0,0,0,8,6,2
HAMILTON COUNTY,193,55 Years,83,41,42,70,35,35,0,0,0,0,0,0,0,0,0,13,6,7
HAMILTON COUNTY,193,56 Years,88,41,47,72,34,38,0,0,0,0,0,0,3,2,1,13,5,8
HAMILTON COUNTY,193,57 Years,92,43,49,76,33,43,0,0,0,0,0,0,1,1,0,15,9,6
HAMILTON COUNTY,193,58 Years,114,54,60,99,47,52,0,0,0,0,0,0,1,0,1,14,7,7
HAMILTON COUNTY,193,59 Years,127,59,68,116,55,61,1,1,0,1,0,1,0,0,0,9,3,6
HAMILTON COUNTY,193,60 Years,124,59,65,111,52,59,2,2,0,0,0,0,2,1,1,9,4,5
HAMILTON COUNTY,193,61 Years,125,60,65,108,51,57,2,2,0,0,0,0,1,1,0,14,6,8
HAMILTON COUNTY,193,62 Years,129,64,65,113,56,57,0,0,0,1,0,1,0,0,0,15,8,7
HAMILTON COUNTY,193,63 Years,131,66,65,120,61,59,1,0,1,0,0,0,2,0,2,8,5,3
HAMILTON COUNTY,193,64 Years,140,72,68,126,65,61,1,0,1,2,2,0,1,0,1,10,5,5
HAMILTON COUNTY,193,65 Years,136,69,67,120,63,57,1,0,1,1,1,0,1,0,1,13,5,8
HAMILTON COUNTY,193,66 Years,121,60,61,108,54,54,2,0,2,0,0,0,1,1,0,10,5,5
HAMILTON COUNTY,193,67 Years,118,51,67,105,46,59,1,0,1,1,0,1,2,0,2,9,5,4
HAMILTON COUNTY,193,68 Years,127,59,68,110,52,58,0,0,0,2,0,2,3,0,3,12,7,5
HAMILTON COUNTY,193,69 Years,111,55,56,97,47,50,1,1,0,0,0,0,3,1,2,10,6,4
HAMILTON COUNTY,193,70 Years,119,50,69,109,44,65,0,0,0,1,1,0,2,1,1,7,4,3
HAMILTON COUNTY,193,71 Years,111,44,67,106,40,66,0,0,0,1,1,0,1,1,0,3,2,1
HAMILTON COUNTY,193,72 Years,103,50,53,97,47,50,0,0,0,0,0,0,1,1,0,5,2,3
HAMILTON COUNTY,193,73 Years,115,63,52,107,60,47,0,0,0,0,0,0,2,0,2,6,3,3
HAMILTON COUNTY,193,74 Years,111,55,56,105,53,52,0,0,0,0,0,0,1,0,1,5,2,3
HAMILTON COUNTY,193,75 Years,114,56,58,107,53,54,0,0,0,0,0,0,1,0,1,6,3,3
HAMILTON COUNTY,193,76 Years,93,38,55,88,37,51,0,0,0,0,0,0,1,0,1,4,1,3
HAMILTON COUNTY,193,77 Years,94,42,52,90,39,51,0,0,0,0,0,0,0,0,0,4,3,1
HAMILTON COUNTY,193,78 Years,87,38,49,83,36,47,0,0,0,0,0,0,0,0,0,4,2,2
HAMILTON COUNTY,193,79 Years,86,39,47,83,39,44,0,0,0,0,0,0,0,0,0,3,0,3
HAMILTON COUNTY,193,80 Years,82,39,43,79,38,41,0,0,0,0,0,0,1,1,0,2,0,2
HAMILTON COUNTY,193,81 Years,75,35,40,72,33,39,0,0,0,0,0,0,1,1,0,2,1,1
HAMILTON COUNTY,193,82 Years,67,31,36,63,30,33,0,0,0,0,0,0,2,1,1,2,0,2
HAMILTON COUNTY,193,83 Years,56,27,29,52,26,26,0,0,0,1,1,0,1,0,1,2,0,2
HAMILTON COUNTY,193,84 Years,47,23,24,46,22,24,0,0,0,0,0,0,0,0,0,1,1,0
HAMILTON COUNTY,193,85 Years,38,17,21,37,16,21,0,0,0,0,0,0,0,0,0,1,1,0
HAMILTON COUNTY,193,86 Years,39,18,21,38,17,21,0,0,0,0,0,0,0,0,0,1,1,0
HAMILTON COUNTY,193,87 Years,42,18,24,40,17,23,0,0,0,0,0,0,0,0,0,2,1,1
HAMILTON COUNTY,193,88 Years,38,12,26,38,12,26,0,0,0,0,0,0,0,0,0,0,0,0
HAMILTON COUNTY,193,89 Years,33,10,23,33,10,23,0,0,0,0,0,0,0,0,0,0,0,0
HAMILTON COUNTY,193,90 Years,27,10,17,27,10,17,0,0,0,0,0,0,0,0,0,0,0,0
HAMILTON COUNTY,193,91 Years,22,8,14,21,8,13,0,0,0,0,0,0,0,0,0,1,0,1
HAMILTON COUNTY,193,92 Years,23,7,16,22,7,15,0,0,0,0,0,0,0,0,0,1,0,1
HAMILTON COUNTY,193,93 Years,18,7,11,18,7,11,0,0,0,0,0,0,0,0,0,0,0,0
HAMILTON COUNTY,193,94 Years,13,5,8,13,5,8,0,0,0,0,0,0,0,0,0,0,0,0
HAMILTON COUNTY,193,95 Years +,41,9,32,38,9,29,0,0,0,0,0,0,1,0,1,2,0,2
HANSFORD COUNTY,195,All Ages,5104,2570,2534,2417,1175,1242,20,14,6,17,8,9,71,29,42,2579,1344,1235
HANSFORD COUNTY,195,< 1 Year,74,35,39,27,12,15,1,0,1,0,0,0,2,1,1,44,22,22
HANSFORD COUNTY,195,1 Years,76,37,39,26,13,13,1,0,1,0,0,0,3,1,2,46,23,23
HANSFORD COUNTY,195,2 Years,77,40,37,27,14,13,1,1,0,0,0,0,2,1,1,47,24,23
HANSFORD COUNTY,195,3 Years,80,44,36,31,15,16,0,0,0,0,0,0,1,1,0,48,28,20
HANSFORD COUNTY,195,4 Years,84,44,40,32,16,16,0,0,0,0,0,0,1,0,1,51,28,23
HANSFORD COUNTY,195,5 Years,81,41,40,30,15,15,0,0,0,0,0,0,2,1,1,49,25,24
HANSFORD COUNTY,195,6 Years,80,41,39,28,16,12,0,0,0,0,0,0,2,1,1,50,24,26
HANSFORD COUNTY,195,7 Years,84,43,41,28,17,11,0,0,0,0,0,0,2,1,1,54,25,29
HANSFORD COUNTY,195,8 Years,84,47,37,29,18,11,0,0,0,0,0,0,3,2,1,52,27,25
HANSFORD COUNTY,195,9 Years,83,45,38,27,17,10,0,0,0,0,0,0,1,0,1,55,28,27
HANSFORD COUNTY,195,10 Years,81,44,37,26,16,10,0,0,0,0,0,0,1,0,1,54,28,26
HANSFORD COUNTY,195,11 Years,80,43,37,25,15,10,0,0,0,0,0,0,1,0,1,54,28,26
HANSFORD COUNTY,195,12 Years,84,48,36,29,16,13,0,0,0,1,1,0,2,1,1,52,30,22
HANSFORD COUNTY,195,13 Years,83,42,41,31,15,16,0,0,0,3,2,1,1,1,0,48,24,24
HANSFORD COUNTY,195,14 Years,83,38,45,35,15,20,1,0,1,1,0,1,1,1,0,45,22,23
HANSFORD COUNTY,195,15 Years,83,47,36,32,18,14,2,2,0,0,0,0,1,1,0,48,26,22
HANSFORD COUNTY,195,16 Years,83,49,34,34,20,14,2,2,0,0,0,0,1,1,0,46,26,20
HANSFORD COUNTY,195,17 Years,90,48,42,39,20,19,0,0,0,0,0,0,1,1,0,50,27,23
HANSFORD COUNTY,195,18 Years,103,50,53,43,18,25,0,0,0,0,0,0,0,0,0,60,32,28
HANSFORD COUNTY,195,19 Years,96,50,46,39,21,18,0,0,0,0,0,0,0,0,0,57,29,28
HANSFORD COUNTY,195,20 Years,85,44,41,34,18,16,0,0,0,0,0,0,0,0,0,51,26,25
HANSFORD COUNTY,195,21 Years,85,45,40,28,17,11,0,0,0,0,0,0,1,1,0,56,27,29
HANSFORD COUNTY,195,22 Years,77,38,39,23,11,12,0,0,0,0,0,0,1,1,0,53,26,27
HANSFORD COUNTY,195,23 Years,59,28,31,20,11,9,0,0,0,0,0,0,1,0,1,38,17,21
HANSFORD COUNTY,195,24 Years,50,25,25,18,10,8,0,0,0,0,0,0,1,0,1,31,15,16
HANSFORD COUNTY,195,25 Years,55,30,25,21,11,10,0,0,0,1,0,1,3,2,1,30,17,13
HANSFORD COUNTY,195,26 Years,59,32,27,23,12,11,0,0,0,2,0,2,1,0,1,33,20,13
HANSFORD COUNTY,195,27 Years,64,33,31,26,13,13,0,0,0,2,0,2,1,0,1,35,20,15
HANSFORD COUNTY,195,28 Years,62,29,33,24,11,13,0,0,0,2,0,2,0,0,0,36,18,18
HANSFORD COUNTY,195,29 Years,68,36,32,25,12,13,0,0,0,0,0,0,2,0,2,41,24,17
HANSFORD COUNTY,195,30 Years,72,34,38,22,9,13,1,1,0,0,0,0,2,0,2,47,24,23
HANSFORD COUNTY,195,31 Years,55,26,29,16,7,9,2,1,1,0,0,0,1,0,1,36,18,18
HANSFORD COUNTY,195,32 Years,44,22,22,14,6,8,0,0,0,0,0,0,0,0,0,30,16,14
HANSFORD COUNTY,195,33 Years,51,23,28,27,10,17,0,0,0,0,0,0,0,0,0,24,13,11
HANSFORD COUNTY,195,34 Years,58,27,31,32,11,21,0,0,0,0,0,0,1,1,0,25,15,10
HANSFORD COUNTY,195,35 Years,68,35,33,33,15,18,0,0,0,0,0,0,3,1,2,32,19,13
HANSFORD COUNTY,195,36 Years,69,36,33,32,18,14,0,0,0,1,1,0,2,1,1,34,16,18
HANSFORD COUNTY,195,37 Years,58,32,26,27,15,12,0,0,0,1,1,0,1,1,0,29,15,14
HANSFORD COUNTY,195,38 Years,45,28,17,18,12,6,1,1,0,0,0,0,0,0,0,26,15,11
HANSFORD COUNTY,195,39 Years,56,33,23,26,17,9,1,1,0,0,0,0,0,0,0,29,15,14
HANSFORD COUNTY,195,40 Years,49,23,26,22,11,11,1,0,1,0,0,0,0,0,0,26,12,14
HANSFORD COUNTY,195,41 Years,47,22,25,21,8,13,1,1,0,1,1,0,0,0,0,24,12,12
HANSFORD COUNTY,195,42 Years,45,23,22,21,10,11,1,1,0,0,0,0,0,0,0,23,12,11
HANSFORD COUNTY,195,43 Years,50,22,28,24,9,15,0,0,0,0,0,0,0,0,0,26,13,13
HANSFORD COUNTY,195,44 Years,50,20,30,26,10,16,0,0,0,0,0,0,0,0,0,24,10,14
HANSFORD COUNTY,195,45 Years,54,24,30,28,13,15,0,0,0,0,0,0,0,0,0,26,11,15
HANSFORD COUNTY,195,46 Years,57,24,33,27,12,15,1,1,0,0,0,0,0,0,0,29,11,18
HANSFORD COUNTY,195,47 Years,55,23,32,26,11,15,0,0,0,1,1,0,0,0,0,28,11,17
HANSFORD COUNTY,195,48 Years,57,31,26,32,17,15,0,0,0,1,1,0,0,0,0,24,13,11
HANSFORD COUNTY,195,49 Years,62,36,26,31,18,13,0,0,0,0,0,0,1,0,1,30,18,12
HANSFORD COUNTY,195,50 Years,55,29,26,28,15,13,0,0,0,0,0,0,1,0,1,26,14,12
HANSFORD COUNTY,195,51 Years,59,31,28,32,17,15,0,0,0,0,0,0,1,0,1,26,14,12
HANSFORD COUNTY,195,52 Years,62,31,31,32,15,17,0,0,0,0,0,0,1,0,1,29,16,13
HANSFORD COUNTY,195,53 Years,52,25,27,25,13,12,0,0,0,0,0,0,0,0,0,27,12,15
HANSFORD COUNTY,195,54 Years,51,25,26,27,14,13,0,0,0,0,0,0,0,0,0,24,11,13
HANSFORD COUNTY,195,55 Years,49,24,25,25,12,13,0,0,0,0,0,0,0,0,0,24,12,12
HANSFORD COUNTY,195,56 Years,55,30,25,25,11,14,0,0,0,0,0,0,0,0,0,30,19,11
HANSFORD COUNTY,195,57 Years,56,30,26,27,12,15,0,0,0,0,0,0,0,0,0,29,18,11
HANSFORD COUNTY,195,58 Years,64,35,29,32,16,16,0,0,0,0,0,0,3,3,0,29,16,13
HANSFORD COUNTY,195,59 Years,69,39,30,35,19,16,0,0,0,0,0,0,1,1,0,33,19,14
HANSFORD COUNTY,195,60 Years,62,35,27,35,18,17,0,0,0,0,0,0,0,0,0,27,17,10
HANSFORD COUNTY,195,61 Years,57,30,27,32,15,17,1,1,0,0,0,0,0,0,0,24,14,10
HANSFORD COUNTY,195,62 Years,60,30,30,32,15,17,1,1,0,0,0,0,0,0,0,27,14,13
HANSFORD COUNTY,195,63 Years,53,28,25,32,16,16,0,0,0,0,0,0,0,0,0,21,12,9
HANSFORD COUNTY,195,64 Years,51,24,27,33,15,18,0,0,0,0,0,0,1,0,1,17,9,8
HANSFORD COUNTY,195,65 Years,50,22,28,30,13,17,0,0,0,0,0,0,1,0,1,19,9,10
HANSFORD COUNTY,195,66 Years,52,26,26,31,14,17,0,0,0,0,0,0,2,0,2,19,12,7
HANSFORD COUNTY,195,67 Years,51,24,27,30,13,17,0,0,0,0,0,0,0,0,0,21,11,10
HANSFORD COUNTY,195,68 Years,51,26,25,34,18,16,0,0,0,0,0,0,0,0,0,17,8,9
HANSFORD COUNTY,195,69 Years,46,23,23,36,18,18,0,0,0,0,0,0,0,0,0,10,5,5
HANSFORD COUNTY,195,70 Years,40,19,21,28,14,14,0,0,0,0,0,0,0,0,0,12,5,7
HANSFORD COUNTY,195,71 Years,42,22,20,31,17,14,0,0,0,0,0,0,0,0,0,11,5,6
HANSFORD COUNTY,195,72 Years,39,22,17,28,16,12,0,0,0,0,0,0,0,0,0,11,6,5
HANSFORD COUNTY,195,73 Years,36,16,20,28,12,16,0,0,0,0,0,0,1,0,1,7,4,3
HANSFORD COUNTY,195,74 Years,32,13,19,26,11,15,0,0,0,0,0,0,1,0,1,5,2,3
HANSFORD COUNTY,195,75 Years,35,16,19,26,12,14,0,0,0,0,0,0,1,0,1,8,4,4
HANSFORD COUNTY,195,76 Years,32,14,18,23,10,13,0,0,0,0,0,0,1,0,1,8,4,4
HANSFORD COUNTY,195,77 Years,28,13,15,20,9,11,0,0,0,0,0,0,0,0,0,8,4,4
HANSFORD COUNTY,195,78 Years,28,13,15,21,8,13,0,0,0,0,0,0,0,0,0,7,5,2
HANSFORD COUNTY,195,79 Years,34,14,20,28,11,17,0,0,0,0,0,0,0,0,0,6,3,3
HANSFORD COUNTY,195,80 Years,30,12,18,24,10,14,0,0,0,0,0,0,0,0,0,6,2,4
HANSFORD COUNTY,195,81 Years,25,7,18,20,6,14,0,0,0,0,0,0,2,0,2,3,1,2
HANSFORD COUNTY,195,82 Years,19,8,11,16,6,10,0,0,0,0,0,0,0,0,0,3,2,1
HANSFORD COUNTY,195,83 Years,19,10,9,14,6,8,0,0,0,0,0,0,0,0,0,5,4,1
HANSFORD COUNTY,195,84 Years,20,6,14,16,4,12,1,0,1,0,0,0,0,0,0,3,2,1
HANSFORD COUNTY,195,85 Years,17,5,12,14,4,10,0,0,0,0,0,0,1,0,1,2,1,1
HANSFORD COUNTY,195,86 Years,16,7,9,13,6,7,0,0,0,0,0,0,1,0,1,2,1,1
HANSFORD COUNTY,195,87 Years,10,6,4,10,6,4,0,0,0,0,0,0,0,0,0,0,0,0
HANSFORD COUNTY,195,88 Years,12,5,7,10,4,6,0,0,0,0,0,0,1,1,0,1,0,1
HANSFORD COUNTY,195,89 Years,12,5,7,10,3,7,0,0,0,0,0,0,1,1,0,1,1,0
HANSFORD COUNTY,195,90 Years,8,2,6,7,2,5,0,0,0,0,0,0,0,0,0,1,0,1
HANSFORD COUNTY,195,91 Years,6,1,5,5,1,4,0,0,0,0,0,0,0,0,0,1,0,1
HANSFORD COUNTY,195,92 Years,6,1,5,5,1,4,0,0,0,0,0,0,0,0,0,1,0,1
HANSFORD COUNTY,195,93 Years,6,2,4,5,1,4,0,0,0,0,0,0,0,0,0,1,1,0
HANSFORD COUNTY,195,94 Years,4,1,3,4,1,3,0,0,0,0,0,0,0,0,0,0,0,0
HANSFORD COUNTY,195,95 Years +,8,3,5,7,3,4,0,0,0,0,0,0,0,0,0,1,0,1
HARDEMAN COUNTY,197,All Ages,3487,1764,1723,2106,1035,1071,217,131,86,6,4,2,111,66,45,1047,528,519
HARDEMAN COUNTY,197,< 1 Year,41,21,20,20,10,10,1,0,1,0,0,0,2,1,1,18,10,8
HARDEMAN COUNTY,197,1 Years,47,22,25,21,10,11,1,0,1,0,0,0,3,1,2,22,11,11
HARDEMAN COUNTY,197,2 Years,47,23,24,21,10,11,2,1,1,0,0,0,2,1,1,22,11,11
HARDEMAN COUNTY,197,3 Years,39,20,19,19,10,9,2,1,1,0,0,0,1,0,1,17,9,8
HARDEMAN COUNTY,197,4 Years,34,18,16,17,9,8,4,2,2,0,0,0,0,0,0,13,7,6
HARDEMAN COUNTY,197,5 Years,34,17,17,15,7,8,3,2,1,0,0,0,2,1,1,14,7,7
HARDEMAN COUNTY,197,6 Years,38,17,21,16,6,10,2,1,1,0,0,0,4,3,1,16,7,9
HARDEMAN COUNTY,197,7 Years,41,19,22,17,8,9,2,1,1,0,0,0,2,1,1,20,9,11
HARDEMAN COUNTY,197,8 Years,43,24,19,21,12,9,3,2,1,0,0,0,2,1,1,17,9,8
HARDEMAN COUNTY,197,9 Years,38,21,17,20,11,9,3,2,1,0,0,0,0,0,0,15,8,7
HARDEMAN COUNTY,197,10 Years,38,19,19,19,10,9,3,2,1,0,0,0,3,1,2,13,6,7
HARDEMAN COUNTY,197,11 Years,39,17,22,17,9,8,3,1,2,0,0,0,4,1,3,15,6,9
HARDEMAN COUNTY,197,12 Years,49,27,22,22,11,11,3,2,1,0,0,0,6,5,1,18,9,9
HARDEMAN COUNTY,197,13 Years,55,35,20,22,13,9,4,3,1,0,0,0,4,3,1,25,16,9
HARDEMAN COUNTY,197,14 Years,52,31,21,22,12,10,4,4,0,0,0,0,2,1,1,24,14,10
HARDEMAN COUNTY,197,15 Years,47,26,21,22,11,11,3,3,0,0,0,0,2,1,1,20,11,9
HARDEMAN COUNTY,197,16 Years,44,26,18,22,11,11,1,1,0,0,0,0,1,1,0,20,13,7
HARDEMAN COUNTY,197,17 Years,43,27,16,21,11,10,1,1,0,0,0,0,1,1,0,20,14,6
HARDEMAN COUNTY,197,18 Years,42,26,16,23,13,10,1,1,0,0,0,0,1,1,0,17,11,6
HARDEMAN COUNTY,197,19 Years,39,22,17,23,12,11,0,0,0,0,0,0,1,1,0,15,9,6
HARDEMAN COUNTY,197,20 Years,37,18,19,22,11,11,0,0,0,0,0,0,1,0,1,14,7,7
HARDEMAN COUNTY,197,21 Years,40,20,20,25,12,13,1,1,0,0,0,0,0,0,0,14,7,7
HARDEMAN COUNTY,197,22 Years,33,18,15,19,11,8,1,1,0,0,0,0,1,0,1,12,6,6
HARDEMAN COUNTY,197,23 Years,41,21,20,21,10,11,1,1,0,0,0,0,3,2,1,16,8,8
HARDEMAN COUNTY,197,24 Years,42,24,18,22,12,10,2,2,0,0,0,0,0,0,0,18,10,8
HARDEMAN COUNTY,197,25 Years,39,25,14,22,13,9,2,2,0,0,0,0,0,0,0,15,10,5
HARDEMAN COUNTY,197,26 Years,52,34,18,34,23,11,2,2,0,0,0,0,2,2,0,14,7,7
HARDEMAN COUNTY,197,27 Years,44,24,20,24,13,11,3,2,1,0,0,0,3,2,1,14,7,7
HARDEMAN COUNTY,197,28 Years,40,18,22,16,8,8,5,3,2,0,0,0,3,2,1,16,5,11
HARDEMAN COUNTY,197,29 Years,39,13,26,13,2,11,3,1,2,0,0,0,4,3,1,19,7,12
HARDEMAN COUNTY,197,30 Years,39,15,24,18,8,10,1,1,0,0,0,0,1,0,1,19,6,13
HARDEMAN COUNTY,197,31 Years,37,18,19,18,9,9,3,3,0,0,0,0,0,0,0,16,6,10
HARDEMAN COUNTY,197,32 Years,27,15,12,16,9,7,1,1,0,0,0,0,1,0,1,9,5,4
HARDEMAN COUNTY,197,33 Years,25,16,9,13,8,5,1,1,0,0,0,0,1,0,1,10,7,3
HARDEMAN COUNTY,197,34 Years,29,11,18,14,6,8,3,2,1,0,0,0,1,0,1,11,3,8
HARDEMAN COUNTY,197,35 Years,30,12,18,19,8,11,3,2,1,0,0,0,1,0,1,7,2,5
HARDEMAN COUNTY,197,36 Years,37,20,17,21,10,11,3,2,1,0,0,0,1,1,0,12,7,5
HARDEMAN COUNTY,197,37 Years,39,22,17,21,11,10,2,1,1,0,0,0,2,1,1,14,9,5
HARDEMAN COUNTY,197,38 Years,54,32,22,33,19,14,4,3,1,0,0,0,3,3,0,14,7,7
HARDEMAN COUNTY,197,39 Years,54,29,25,30,17,13,2,0,2,0,0,0,1,1,0,21,11,10
HARDEMAN COUNTY,197,40 Years,49,26,23,24,13,11,1,0,1,0,0,0,0,0,0,24,13,11
HARDEMAN COUNTY,197,41 Years,44,23,21,22,12,10,5,4,1,0,0,0,0,0,0,17,7,10
HARDEMAN COUNTY,197,42 Years,46,20,26,24,12,12,4,3,1,0,0,0,1,0,1,17,5,12
HARDEMAN COUNTY,197,43 Years,36,16,20,19,9,10,2,2,0,0,0,0,1,1,0,14,4,10
HARDEMAN COUNTY,197,44 Years,41,18,23,25,10,15,1,1,0,0,0,0,1,1,0,14,6,8
HARDEMAN COUNTY,197,45 Years,43,18,25,28,11,17,0,0,0,0,0,0,1,1,0,14,6,8
HARDEMAN COUNTY,197,46 Years,39,15,24,24,10,14,1,0,1,0,0,0,1,1,0,13,4,9
HARDEMAN COUNTY,197,47 Years,37,19,18,24,13,11,3,2,1,0,0,0,1,1,0,9,3,6
HARDEMAN COUNTY,197,48 Years,45,26,19,28,15,13,5,4,1,0,0,0,1,0,1,11,7,4
HARDEMAN COUNTY,197,49 Years,41,20,21,23,9,14,4,3,1,0,0,0,3,2,1,11,6,5
HARDEMAN COUNTY,197,50 Years,48,30,18,28,16,12,6,5,1,1,1,0,2,2,0,11,6,5
HARDEMAN COUNTY,197,51 Years,46,24,22,32,16,16,4,3,1,0,0,0,1,1,0,9,4,5
HARDEMAN COUNTY,197,52 Years,46,24,22,32,16,16,1,0,1,0,0,0,0,0,0,13,8,5
HARDEMAN COUNTY,197,53 Years,43,24,19,30,15,15,4,2,2,0,0,0,1,1,0,8,6,2
HARDEMAN COUNTY,197,54 Years,38,17,21,26,12,14,5,2,3,0,0,0,0,0,0,7,3,4
HARDEMAN COUNTY,197,55 Years,34,14,20,26,11,15,3,2,1,0,0,0,0,0,0,5,1,4
HARDEMAN COUNTY,197,56 Years,39,21,18,26,14,12,4,3,1,0,0,0,1,1,0,8,3,5
HARDEMAN COUNTY,197,57 Years,48,27,21,29,16,13,4,2,2,0,0,0,2,1,1,13,8,5
HARDEMAN COUNTY,197,58 Years,50,25,25,29,13,16,4,2,2,0,0,0,1,0,1,16,10,6
HARDEMAN COUNTY,197,59 Years,43,20,23,28,12,16,3,1,2,0,0,0,1,0,1,11,7,4
HARDEMAN COUNTY,197,60 Years,42,21,21,28,12,16,4,2,2,0,0,0,2,1,1,8,6,2
HARDEMAN COUNTY,197,61 Years,45,21,24,30,14,16,4,1,3,0,0,0,1,1,0,10,5,5
HARDEMAN COUNTY,197,62 Years,41,21,20,30,16,14,4,1,3,0,0,0,0,0,0,7,4,3
HARDEMAN COUNTY,197,63 Years,40,19,21,31,14,17,4,1,3,0,0,0,0,0,0,5,4,1
HARDEMAN COUNTY,197,64 Years,48,20,28,36,14,22,5,2,3,0,0,0,1,1,0,6,3,3
HARDEMAN COUNTY,197,65 Years,45,23,22,35,16,19,3,2,1,1,1,0,1,1,0,5,3,2
HARDEMAN COUNTY,197,66 Years,43,23,20,31,15,16,2,1,1,1,1,0,1,1,0,8,5,3
HARDEMAN COUNTY,197,67 Years,46,24,22,33,18,15,2,2,0,0,0,0,1,0,1,10,4,6
HARDEMAN COUNTY,197,68 Years,56,27,29,41,18,23,3,2,1,0,0,0,1,1,0,11,6,5
HARDEMAN COUNTY,197,69 Years,48,20,28,38,16,22,1,0,1,1,0,1,0,0,0,8,4,4
HARDEMAN COUNTY,197,70 Years,46,20,26,34,14,20,2,2,0,1,1,0,0,0,0,9,3,6
HARDEMAN COUNTY,197,71 Years,46,21,25,33,15,18,3,2,1,1,0,1,1,1,0,8,3,5
HARDEMAN COUNTY,197,72 Years,38,24,14,30,18,12,3,2,1,0,0,0,1,1,0,4,3,1
HARDEMAN COUNTY,197,73 Years,34,20,14,28,17,11,2,1,1,0,0,0,0,0,0,4,2,2
HARDEMAN COUNTY,197,74 Years,34,17,17,27,13,14,1,1,0,0,0,0,1,1,0,5,2,3
HARDEMAN COUNTY,197,75 Years,31,14,17,23,10,13,1,1,0,0,0,0,1,1,0,6,2,4
HARDEMAN COUNTY,197,76 Years,32,12,20,23,9,14,2,1,1,0,0,0,1,0,1,6,2,4
HARDEMAN COUNTY,197,77 Years,29,12,17,21,9,12,2,1,1,0,0,0,1,0,1,5,2,3
HARDEMAN COUNTY,197,78 Years,29,11,18,22,9,13,4,1,3,0,0,0,0,0,0,3,1,2
HARDEMAN COUNTY,197,79 Years,25,10,15,20,8,12,1,0,1,0,0,0,1,0,1,3,2,1
HARDEMAN COUNTY,197,80 Years,25,13,12,18,10,8,1,0,1,0,0,0,2,1,1,4,2,2
HARDEMAN COUNTY,197,81 Years,24,11,13,18,9,9,2,1,1,0,0,0,0,0,0,4,1,3
HARDEMAN COUNTY,197,82 Years,19,8,11,16,7,9,1,0,1,0,0,0,0,0,0,2,1,1
HARDEMAN COUNTY,197,83 Years,18,10,8,15,9,6,2,0,2,0,0,0,0,0,0,1,1,0
HARDEMAN COUNTY,197,84 Years,11,7,4,10,7,3,1,0,1,0,0,0,0,0,0,0,0,0
HARDEMAN COUNTY,197,85 Years,14,6,8,11,5,6,1,0,1,0,0,0,0,0,0,2,1,1
HARDEMAN COUNTY,197,86 Years,15,5,10,13,5,8,1,0,1,0,0,0,0,0,0,1,0,1
HARDEMAN COUNTY,197,87 Years,12,6,6,11,6,5,0,0,0,0,0,0,0,0,0,1,0,1
HARDEMAN COUNTY,197,88 Years,10,4,6,9,4,5,0,0,0,0,0,0,0,0,0,1,0,1
HARDEMAN COUNTY,197,89 Years,7,3,4,6,3,3,0,0,0,0,0,0,0,0,0,1,0,1
HARDEMAN COUNTY,197,90 Years,7,2,5,5,2,3,0,0,0,0,0,0,1,0,1,1,0,1
HARDEMAN COUNTY,197,91 Years,9,6,3,6,4,2,0,0,0,0,0,0,1,0,1,2,2,0
HARDEMAN COUNTY,197,92 Years,9,7,2,6,4,2,1,1,0,0,0,0,0,0,0,2,2,0
HARDEMAN COUNTY,197,93 Years,8,3,5,5,1,4,1,1,0,0,0,0,1,0,1,1,1,0
HARDEMAN COUNTY,197,94 Years,5,0,5,4,0,4,0,0,0,0,0,0,0,0,0,1,0,1
HARDEMAN COUNTY,197,95 Years +,12,3,9,11,3,8,0,0,0,0,0,0,0,0,0,1,0,1
HARDIN COUNTY,199,All Ages,58159,28506,29653,50253,24623,25630,3081,1464,1617,330,154,176,1064,529,535,3431,1736,1695
HARDIN COUNTY,199,< 1 Year,605,308,297,472,244,228,39,20,19,5,2,3,36,18,18,53,24,29
HARDIN COUNTY,199,1 Years,569,290,279,442,225,217,41,21,20,4,2,2,31,16,15,51,26,25
HARDIN COUNTY,199,2 Years,579,295,284,450,230,220,41,21,20,4,2,2,32,16,16,52,26,26
HARDIN COUNTY,199,3 Years,674,346,328,545,280,265,37,18,19,5,2,3,33,16,17,54,30,24
HARDIN COUNTY,199,4 Years,714,364,350,583,302,281,39,18,21,4,1,3,32,14,18,56,29,27
HARDIN COUNTY,199,5 Years,723,365,358,588,301,287,42,20,22,5,2,3,29,12,17,59,30,29
HARDIN COUNTY,199,6 Years,737,372,365,597,306,291,45,23,22,3,1,2,30,13,17,62,29,33
HARDIN COUNTY,199,7 Years,745,379,366,603,309,294,43,22,21,5,3,2,32,17,15,62,28,34
HARDIN COUNTY,199,8 Years,805,410,395,662,342,320,39,20,19,5,4,1,27,14,13,72,30,42
HARDIN COUNTY,199,9 Years,826,432,394,687,363,324,41,20,21,6,5,1,27,14,13,65,30,35
HARDIN COUNTY,199,10 Years,818,432,386,674,359,315,45,22,23,4,4,0,29,15,14,66,32,34
HARDIN COUNTY,199,11 Years,813,426,387,667,353,314,47,24,23,4,4,0,28,15,13,67,30,37
HARDIN COUNTY,199,12 Years,853,424,429,690,348,342,52,29,23,4,2,2,27,13,14,80,32,48
HARDIN COUNTY,199,13 Years,818,413,405,680,351,329,54,26,28,2,1,1,19,11,8,63,24,39
HARDIN COUNTY,199,14 Years,794,399,395,659,335,324,55,24,31,1,0,1,20,12,8,59,28,31
HARDIN COUNTY,199,15 Years,817,417,400,675,343,332,53,26,27,3,2,1,22,12,10,64,34,30
HARDIN COUNTY,199,16 Years,798,415,383,667,346,321,50,25,25,3,2,1,20,10,10,58,32,26
HARDIN COUNTY,199,17 Years,832,416,416,692,347,345,42,23,19,4,2,2,18,9,9,76,35,41
HARDIN COUNTY,199,18 Years,721,355,366,599,295,304,42,24,18,5,3,2,16,6,10,59,27,32
HARDIN COUNTY,199,19 Years,670,326,344,562,276,286,42,22,20,5,1,4,15,5,10,46,22,24
HARDIN COUNTY,199,20 Years,692,343,349,581,294,287,42,24,18,3,1,2,12,4,8,54,20,34
HARDIN COUNTY,199,21 Years,714,358,356,602,303,299,39,20,19,5,2,3,14,8,6,54,25,29
HARDIN COUNTY,199,22 Years,694,358,336,581,297,284,48,25,23,3,3,0,13,7,6,49,26,23
HARDIN COUNTY,199,23 Years,653,339,314,549,285,264,41,19,22,4,4,0,13,7,6,46,24,22
HARDIN COUNTY,199,24 Years,641,324,317,539,280,259,37,16,21,3,2,1,11,4,7,51,22,29
HARDIN COUNTY,199,25 Years,635,322,313,532,277,255,41,16,25,3,1,2,10,4,6,49,24,25
HARDIN COUNTY,199,26 Years,642,335,307,545,286,259,42,19,23,4,2,2,9,4,5,42,24,18
HARDIN COUNTY,199,27 Years,644,323,321,549,271,278,44,23,21,5,3,2,9,3,6,37,23,14
HARDIN COUNTY,199,28 Years,671,328,343,576,269,307,41,26,15,5,3,2,8,3,5,41,27,14
HARDIN COUNTY,199,29 Years,718,354,364,604,293,311,46,28,18,6,3,3,9,5,4,53,25,28
HARDIN COUNTY,199,30 Years,723,355,368,615,302,313,42,25,17,7,2,5,8,3,5,51,23,28
HARDIN COUNTY,199,31 Years,703,353,350,598,304,294,36,15,21,5,2,3,13,6,7,51,26,25
HARDIN COUNTY,199,32 Years,714,354,360,597,300,297,48,22,26,3,1,2,17,7,10,49,24,25
HARDIN COUNTY,199,33 Years,730,358,372,616,300,316,43,22,21,4,1,3,13,6,7,54,29,25
HARDIN COUNTY,199,34 Years,754,367,387,659,317,342,35,18,17,4,1,3,9,5,4,47,26,21
HARDIN COUNTY,199,35 Years,741,364,377,654,323,331,33,15,18,5,2,3,6,4,2,43,20,23
HARDIN COUNTY,199,36 Years,770,381,389,658,314,344,42,21,21,5,2,3,8,6,2,57,38,19
HARDIN COUNTY,199,37 Years,730,352,378,624,289,335,42,23,19,5,2,3,9,5,4,50,33,17
HARDIN COUNTY,199,38 Years,699,331,368,599,278,321,43,21,22,4,3,1,10,3,7,43,26,17
HARDIN COUNTY,199,39 Years,738,373,365,628,311,317,38,19,19,3,3,0,6,3,3,63,37,26
HARDIN COUNTY,199,40 Years,752,380,372,644,325,319,39,19,20,6,2,4,7,5,2,56,29,27
HARDIN COUNTY,199,41 Years,763,379,384,644,321,323,36,18,18,9,2,7,10,5,5,64,33,31
HARDIN COUNTY,199,42 Years,782,391,391,659,330,329,35,19,16,10,3,7,14,7,7,64,32,32
HARDIN COUNTY,199,43 Years,743,366,377,643,318,325,35,15,20,7,3,4,10,5,5,48,25,23
HARDIN COUNTY,199,44 Years,722,348,374,625,303,322,36,14,22,6,4,2,6,3,3,49,24,25
HARDIN COUNTY,199,45 Years,693,329,364,600,288,312,36,15,21,3,1,2,6,3,3,48,22,26
HARDIN COUNTY,199,46 Years,668,326,342,588,286,302,32,14,18,3,1,2,9,4,5,36,21,15
HARDIN COUNTY,199,47 Years,655,334,321,576,297,279,30,13,17,3,1,2,8,3,5,38,20,18
HARDIN COUNTY,199,48 Years,631,309,322,556,275,281,27,11,16,2,1,1,7,3,4,39,19,20
HARDIN COUNTY,199,49 Years,661,314,347,576,279,297,34,10,24,4,2,2,7,4,3,40,19,21
HARDIN COUNTY,199,50 Years,683,322,361,598,293,305,37,13,24,8,1,7,8,5,3,32,10,22
HARDIN COUNTY,199,51 Years,733,360,373,653,326,327,31,13,18,8,2,6,7,5,2,34,14,20
HARDIN COUNTY,199,52 Years,775,407,368,689,355,334,29,15,14,3,1,2,8,4,4,46,32,14
HARDIN COUNTY,199,53 Years,697,361,336,621,317,304,23,12,11,2,1,1,12,8,4,39,23,16
HARDIN COUNTY,199,54 Years,673,345,328,609,316,293,20,10,10,3,1,2,8,5,3,33,13,20
HARDIN COUNTY,199,55 Years,692,357,335,628,323,305,23,12,11,4,2,2,11,8,3,26,12,14
HARDIN COUNTY,199,56 Years,702,363,339,629,321,308,27,12,15,5,3,2,10,6,4,31,21,10
HARDIN COUNTY,199,57 Years,725,369,356,641,323,318,33,14,19,4,2,2,8,4,4,39,26,13
HARDIN COUNTY,199,58 Years,719,354,365,633,307,326,43,21,22,6,3,3,6,3,3,31,20,11
HARDIN COUNTY,199,59 Years,740,374,366,660,334,326,42,20,22,8,2,6,6,4,2,24,14,10
HARDIN COUNTY,199,60 Years,754,363,391,677,330,347,36,15,21,5,1,4,10,4,6,26,13,13
HARDIN COUNTY,199,61 Years,777,379,398,698,343,355,39,18,21,5,3,2,10,5,5,25,10,15
HARDIN COUNTY,199,62 Years,774,380,394,693,338,355,43,21,22,6,4,2,8,4,4,24,13,11
HARDIN COUNTY,199,63 Years,775,367,408,704,334,370,38,15,23,6,4,2,6,2,4,21,12,9
HARDIN COUNTY,199,64 Years,770,354,416,700,322,378,37,15,22,4,2,2,7,3,4,22,12,10
HARDIN COUNTY,199,65 Years,762,358,404,692,323,369,37,15,22,3,2,1,7,4,3,23,14,9
HARDIN COUNTY,199,66 Years,757,363,394,689,328,361,35,18,17,4,0,4,8,4,4,21,13,8
HARDIN COUNTY,199,67 Years,731,361,370,655,322,333,42,21,21,4,1,3,8,4,4,22,13,9
HARDIN COUNTY,199,68 Years,698,348,350,624,308,316,41,21,20,5,2,3,7,4,3,21,13,8
HARDIN COUNTY,199,69 Years,652,299,353,589,269,320,37,16,21,4,1,3,6,3,3,16,10,6
HARDIN COUNTY,199,70 Years,594,260,334,540,236,304,32,13,19,2,0,2,5,2,3,15,9,6
HARDIN COUNTY,199,71 Years,601,280,321,540,251,289,32,14,18,2,2,0,6,2,4,21,11,10
HARDIN COUNTY,199,72 Years,585,281,304,529,253,276,27,13,14,2,2,0,7,4,3,20,9,11
HARDIN COUNTY,199,73 Years,557,260,297,515,240,275,22,11,11,2,1,1,5,3,2,13,5,8
HARDIN COUNTY,199,74 Years,558,259,299,520,241,279,21,8,13,1,1,0,7,4,3,9,5,4
HARDIN COUNTY,199,75 Years,536,253,283,498,234,264,21,9,12,0,0,0,6,3,3,11,7,4
HARDIN COUNTY,199,76 Years,439,209,230,403,192,211,19,8,11,1,0,1,5,3,2,11,6,5
HARDIN COUNTY,199,77 Years,414,193,221,381,180,201,16,7,9,1,1,0,5,1,4,11,4,7
HARDIN COUNTY,199,78 Years,371,162,209,339,149,190,19,8,11,0,0,0,4,2,2,9,3,6
HARDIN COUNTY,199,79 Years,354,151,203,324,139,185,18,6,12,0,0,0,4,3,1,8,3,5
HARDIN COUNTY,199,80 Years,335,146,189,306,132,174,16,6,10,0,0,0,5,3,2,8,5,3
HARDIN COUNTY,199,81 Years,296,124,172,270,115,155,13,4,9,0,0,0,6,2,4,7,3,4
HARDIN COUNTY,199,82 Years,262,107,155,240,101,139,10,3,7,0,0,0,5,2,3,7,1,6
HARDIN COUNTY,199,83 Years,239,92,147,221,84,137,10,5,5,0,0,0,3,2,1,5,1,4
HARDIN COUNTY,199,84 Years,215,83,132,199,76,123,8,5,3,0,0,0,2,1,1,6,1,5
HARDIN COUNTY,199,85 Years,193,72,121,178,68,110,8,3,5,0,0,0,1,0,1,6,1,5
HARDIN COUNTY,199,86 Years,173,62,111,159,55,104,7,3,4,0,0,0,2,2,0,5,2,3
HARDIN COUNTY,199,87 Years,156,58,98,147,53,94,5,2,3,1,0,1,2,2,0,1,1,0
HARDIN COUNTY,199,88 Years,133,50,83,125,46,79,4,1,3,0,0,0,1,1,0,3,2,1
HARDIN COUNTY,199,89 Years,115,46,69,107,43,64,4,1,3,0,0,0,1,0,1,3,2,1
HARDIN COUNTY,199,90 Years,98,36,62,92,35,57,4,1,3,0,0,0,1,0,1,1,0,1
HARDIN COUNTY,199,91 Years,78,28,50,74,27,47,3,0,3,1,1,0,0,0,0,0,0,0
HARDIN COUNTY,199,92 Years,69,20,49,65,19,46,2,0,2,0,0,0,1,0,1,1,1,0
HARDIN COUNTY,199,93 Years,57,15,42,52,14,38,3,0,3,0,0,0,2,1,1,0,0,0
HARDIN COUNTY,199,94 Years,46,13,33,42,13,29,3,0,3,0,0,0,1,0,1,0,0,0
HARDIN COUNTY,199,95 Years +,109,30,79,94,25,69,9,3,6,0,0,0,2,0,2,4,2,2
HARRIS COUNTY,201,All Ages,4837161,2394119,2443042,1349875,671039,678836,900877,421878,478999,379283,185948,193335,110854,55159,55695,2096272,1060095,1036177
HARRIS COUNTY,201,< 1 Year,66599,34033,32566,12864,6569,6295,12280,6269,6011,3694,1894,1800,4187,2146,2041,33574,17155,16419
HARRIS COUNTY,201,1 Years,64775,33002,31773,13099,6676,6423,12308,6268,6040,3765,1914,1851,2786,1416,1370,32817,16728,16089
HARRIS COUNTY,201,2 Years,63986,32611,31375,13124,6687,6437,12145,6189,5956,3596,1836,1760,2731,1393,1338,32390,16506,15884
HARRIS COUNTY,201,3 Years,65322,33220,32102,13128,6697,6431,12066,6108,5958,3301,1704,1597,2634,1369,1265,34193,17342,16851
HARRIS COUNTY,201,4 Years,66496,33843,32653,13370,6807,6563,12166,6156,6010,3323,1703,1620,2674,1394,1280,34963,17783,17180
HARRIS COUNTY,201,5 Years,68862,35049,33813,13980,7133,6847,12622,6378,6244,3560,1820,1740,2858,1481,1377,35842,18237,17605
HARRIS COUNTY,201,6 Years,71935,36571,35364,14837,7532,7305,13150,6655,6495,3986,2025,1961,3001,1552,1449,36961,18807,18154
HARRIS COUNTY,201,7 Years,74292,37751,36541,15577,7919,7658,13545,6845,6700,4450,2257,2193,3076,1587,1489,37644,19143,18501
HARRIS COUNTY,201,8 Years,72683,36850,35833,15067,7678,7389,13162,6614,6548,4365,2243,2122,2869,1463,1406,37220,18852,18368
HARRIS COUNTY,201,9 Years,70856,35940,34916,14672,7507,7165,12798,6414,6384,4251,2211,2040,2743,1398,1345,36392,18410,17982
HARRIS COUNTY,201,10 Years,69307,35109,34198,14333,7339,6994,12478,6241,6237,4040,2120,1920,2590,1328,1262,35866,18081,17785
HARRIS COUNTY,201,11 Years,69129,34955,34174,14198,7255,6943,12449,6222,6227,3941,2068,1873,2463,1266,1197,36078,18144,17934
HARRIS COUNTY,201,12 Years,67730,34190,33540,13639,7013,6626,12256,6105,6151,3740,1909,1831,2270,1147,1123,35825,18016,17809
HARRIS COUNTY,201,13 Years,69076,34943,34133,13910,7111,6799,12610,6323,6287,3833,1954,1879,2195,1124,1071,36528,18431,18097
HARRIS COUNTY,201,14 Years,69633,35374,34259,13902,7131,6771,12737,6409,6328,3890,2058,1832,2163,1125,1038,36941,18651,18290
HARRIS COUNTY,201,15 Years,69276,35245,34031,13680,7045,6635,12835,6535,6300,3919,2030,1889,2088,1084,1004,36754,18551,18203
HARRIS COUNTY,201,16 Years,67978,34526,33452,13394,6900,6494,12683,6360,6323,3975,2042,1933,1928,1005,923,35998,18219,17779
HARRIS COUNTY,201,17 Years,66880,33998,32882,13160,6724,6436,12422,6182,6240,4006,2101,1905,1790,921,869,35502,18070,17432
HARRIS COUNTY,201,18 Years,65529,33488,32041,12986,6699,6287,12125,6107,6018,3974,2075,1899,1714,901,813,34730,17706,17024
HARRIS COUNTY,201,19 Years,64377,32966,31411,12844,6668,6176,11686,5908,5778,4092,2145,1947,1707,889,818,34048,17356,16692
HARRIS COUNTY,201,20 Years,64296,33051,31245,12822,6678,6144,11839,6034,5805,4292,2260,2032,1670,850,820,33673,17229,16444
HARRIS COUNTY,201,21 Years,64940,33359,31581,12956,6791,6165,12034,6039,5995,4703,2493,2210,1620,846,774,33627,17190,16437
HARRIS COUNTY,201,22 Years,64267,32905,31362,12817,6664,6153,12196,6114,6082,4782,2509,2273,1592,818,774,32880,16800,16080
HARRIS COUNTY,201,23 Years,63264,32242,31022,12343,6316,6027,12131,6136,5995,4797,2461,2336,1506,766,740,32487,16563,15924
HARRIS COUNTY,201,24 Years,64193,32615,31578,12769,6551,6218,12553,6233,6320,5112,2612,2500,1521,762,759,32238,16457,15781
HARRIS COUNTY,201,25 Years,66064,33254,32810,14015,7123,6892,13026,6293,6733,5667,2827,2840,1598,806,792,31758,16205,15553
HARRIS COUNTY,201,26 Years,69294,34795,34499,15860,8051,7809,13660,6634,7026,6248,3125,3123,1700,852,848,31826,16133,15693
HARRIS COUNTY,201,27 Years,73503,36747,36756,17859,9013,8846,14713,7153,7560,6703,3349,3354,1821,885,936,32407,16347,16060
HARRIS COUNTY,201,28 Years,77471,38531,38940,19748,9930,9818,15291,7351,7940,7117,3519,3598,1897,888,1009,33418,16843,16575
HARRIS COUNTY,201,29 Years,80157,39932,40225,20940,10622,10318,16227,7776,8451,7300,3571,3729,1982,941,1041,33708,17022,16686
HARRIS COUNTY,201,30 Years,81191,40726,40465,21103,10849,10254,16903,8092,8811,7309,3634,3675,1918,932,986,33958,17219,16739
HARRIS COUNTY,201,31 Years,80672,40395,40277,20107,10362,9745,17207,8049,9158,7334,3638,3696,1781,887,894,34243,17459,16784
HARRIS COUNTY,201,32 Years,79632,39844,39788,19418,10003,9415,17324,8011,9313,7439,3610,3829,1728,886,842,33723,17334,16389
HARRIS COUNTY,201,33 Years,75596,37929,37667,19069,9821,9248,16210,7513,8697,7149,3486,3663,1580,801,779,31588,16308,15280
HARRIS COUNTY,201,34 Years,74668,37667,37001,19677,10083,9594,15119,6957,8162,7295,3688,3607,1482,721,761,31095,16218,14877
HARRIS COUNTY,201,35 Years,75280,38038,37242,20860,10577,10283,14472,6677,7795,7114,3626,3488,1434,657,777,31400,16501,14899
HARRIS COUNTY,201,36 Years,75279,38246,37033,21533,10976,10557,14209,6657,7552,7016,3545,3471,1384,658,726,31137,16410,14727
HARRIS COUNTY,201,37 Years,73553,37502,36051,21034,10816,10218,13603,6390,7213,6767,3459,3308,1324,647,677,30825,16190,14635
HARRIS COUNTY,201,38 Years,70377,35513,34864,19770,10113,9657,13147,6127,7020,6463,3232,3231,1310,653,657,29687,15388,14299
HARRIS COUNTY,201,39 Years,69739,35189,34550,19275,9821,9454,13050,6104,6946,6423,3154,3269,1299,627,672,29692,15483,14209
HARRIS COUNTY,201,40 Years,68954,34778,34176,18784,9596,9188,12849,5997,6852,6141,2988,3153,1262,601,661,29918,15596,14322
HARRIS COUNTY,201,41 Years,68017,34093,33924,18219,9325,8894,12740,5917,6823,5730,2752,2978,1206,590,616,30122,15509,14613
HARRIS COUNTY,201,42 Years,67457,33859,33598,17911,9145,8766,12612,5828,6784,5483,2661,2822,1137,573,564,30314,15652,14662
HARRIS COUNTY,201,43 Years,65083,32663,32420,17264,8860,8404,12364,5722,6642,5337,2522,2815,1087,533,554,29031,15026,14005
HARRIS COUNTY,201,44 Years,62960,31487,31473,16536,8471,8065,11659,5339,6320,5108,2426,2682,1049,498,551,28608,14753,13855
HARRIS COUNTY,201,45 Years,61352,30731,30621,16066,8217,7849,11032,5056,5976,4796,2267,2529,999,466,533,28459,14725,13734
HARRIS COUNTY,201,46 Years,60435,30142,30293,15656,7975,7681,10619,4804,5815,4916,2290,2626,961,443,518,28283,14630,13653
HARRIS COUNTY,201,47 Years,60343,29909,30434,15722,7969,7753,10399,4729,5670,5053,2370,2683,901,422,479,28268,14419,13849
HARRIS COUNTY,201,48 Years,60101,29558,30543,15709,7918,7791,10549,4791,5758,5296,2474,2822,881,430,451,27666,13945,13721
HARRIS COUNTY,201,49 Years,59796,29249,30547,15750,7994,7756,10881,4850,6031,5477,2552,2925,873,423,450,26815,13430,13385
HARRIS COUNTY,201,50 Years,60157,29439,30718,16709,8493,8216,11019,4924,6095,5410,2514,2896,904,425,479,26115,13083,13032
HARRIS COUNTY,201,51 Years,60778,29822,30956,17902,9007,8895,11067,5037,6030,5392,2486,2906,920,428,492,25497,12864,12633
HARRIS COUNTY,201,52 Years,60159,29547,30612,18323,9248,9075,10629,4830,5799,5373,2482,2891,873,395,478,24961,12592,12369
HARRIS COUNTY,201,53 Years,57940,28480,29460,17922,9063,8859,10058,4507,5551,5386,2523,2863,794,359,435,23780,12028,11752
HARRIS COUNTY,201,54 Years,55580,27325,28255,17292,8705,8587,9700,4378,5322,5139,2428,2711,739,341,398,22710,11473,11237
HARRIS COUNTY,201,55 Years,54084,26429,27655,17038,8479,8559,9703,4359,5344,4750,2242,2508,730,329,401,21863,11020,10843
HARRIS COUNTY,201,56 Years,53146,25951,27195,16907,8404,8503,9737,4355,5382,4633,2192,2441,676,317,359,21193,10683,10510
HARRIS COUNTY,201,57 Years,53617,26132,27485,17768,8793,8975,9934,4385,5549,4582,2171,2411,650,314,336,20683,10469,10214
HARRIS COUNTY,201,58 Years,53416,26200,27216,18471,9254,9217,9789,4348,5441,4703,2258,2445,689,335,354,19764,10005,9759
HARRIS COUNTY,201,59 Years,52770,25811,26959,18880,9427,9453,9537,4233,5304,4707,2272,2435,727,351,376,18919,9528,9391
HARRIS COUNTY,201,60 Years,51661,25231,26430,19213,9526,9687,9412,4175,5237,4385,2119,2266,692,322,370,17959,9089,8870
HARRIS COUNTY,201,61 Years,51051,24763,26288,19458,9622,9836,9499,4178,5321,4199,1982,2217,677,316,361,17218,8665,8553
HARRIS COUNTY,201,62 Years,50808,24567,26241,19779,9774,10005,9422,4118,5304,4171,1948,2223,672,330,342,16764,8397,8367
HARRIS COUNTY,201,63 Years,49331,23630,25701,19737,9706,10031,9226,3940,5286,4118,1954,2164,621,295,326,15629,7735,7894
HARRIS COUNTY,201,64 Years,48091,22946,25145,19869,9772,10097,8976,3827,5149,3996,1886,2110,614,290,324,14636,7171,7465
HARRIS COUNTY,201,65 Years,46106,22018,24088,19364,9531,9833,8618,3698,4920,3851,1820,2031,587,284,303,13686,6685,7001
HARRIS COUNTY,201,66 Years,43963,20856,23107,18640,9019,9621,8173,3512,4661,3807,1793,2014,562,282,280,12781,6250,6531
HARRIS COUNTY,201,67 Years,41927,19875,22052,18019,8749,9270,7751,3312,4439,3745,1779,1966,531,259,272,11881,5776,6105
HARRIS COUNTY,201,68 Years,39600,18705,20895,17346,8413,8933,7089,3019,4070,3585,1713,1872,509,242,267,11071,5318,5753
HARRIS COUNTY,201,69 Years,37394,17456,19938,16685,8042,8643,6652,2820,3832,3418,1583,1835,499,244,255,10140,4767,5373
HARRIS COUNTY,201,70 Years,34821,16083,18738,15877,7617,8260,6307,2627,3680,3146,1430,1716,444,216,228,9047,4193,4854
HARRIS COUNTY,201,71 Years,32454,14850,17604,14775,6987,7788,6002,2471,3531,2915,1307,1608,405,190,215,8357,3895,4462
HARRIS COUNTY,201,72 Years,30576,13880,16696,14093,6598,7495,5645,2284,3361,2797,1257,1540,372,168,204,7669,3573,4096
HARRIS COUNTY,201,73 Years,28563,12935,15628,13582,6322,7260,5195,2111,3084,2598,1168,1430,349,166,183,6839,3168,3671
HARRIS COUNTY,201,74 Years,27232,12331,14901,13502,6238,7264,4713,1933,2780,2361,1084,1277,347,169,178,6309,2907,3402
HARRIS COUNTY,201,75 Years,25847,11594,14253,13401,6153,7248,4276,1722,2554,2088,951,1137,330,156,174,5752,2612,3140
HARRIS COUNTY,201,76 Years,22024,9787,12237,11197,5120,6077,3655,1432,2223,1794,838,956,278,118,160,5100,2279,2821
HARRIS COUNTY,201,77 Years,19623,8618,11005,9889,4460,5429,3318,1278,2040,1653,783,870,234,95,139,4529,2002,2527
HARRIS COUNTY,201,78 Years,18342,7923,10419,9650,4271,5379,3011,1148,1863,1471,703,768,195,85,110,4015,1716,2299
HARRIS COUNTY,201,79 Years,17140,7331,9809,9226,4046,5180,2782,1047,1735,1387,670,717,168,78,90,3577,1490,2087
HARRIS COUNTY,201,80 Years,15112,6428,8684,8116,3551,4565,2454,910,1544,1286,626,660,149,66,83,3107,1275,1832
HARRIS COUNTY,201,81 Years,13304,5578,7726,7026,3014,4012,2190,793,1397,1152,569,583,132,58,74,2804,1144,1660
HARRIS COUNTY,201,82 Years,11841,4919,6922,6201,2622,3579,1951,698,1253,1023,495,528,120,47,73,2546,1057,1489
HARRIS COUNTY,201,83 Years,10454,4273,6181,5527,2302,3225,1674,589,1085,909,409,500,105,42,63,2239,931,1308
HARRIS COUNTY,201,84 Years,9493,3746,5747,5012,2013,2999,1506,504,1002,847,380,467,88,35,53,2040,814,1226
HARRIS COUNTY,201,85 Years,8375,3250,5125,4362,1742,2620,1349,431,918,767,347,420,76,30,46,1821,700,1121
HARRIS COUNTY,201,86 Years,7504,2847,4657,3956,1558,2398,1221,377,844,640,284,356,72,27,45,1615,601,1014
HARRIS COUNTY,201,87 Years,6794,2566,4228,3669,1412,2257,1101,336,765,537,256,281,56,20,36,1431,542,889
HARRIS COUNTY,201,88 Years,5939,2208,3731,3129,1179,1950,966,307,659,457,211,246,55,19,36,1332,492,840
HARRIS COUNTY,201,89 Years,5154,1877,3277,2736,1019,1717,846,273,573,384,169,215,46,13,33,1142,403,739
HARRIS COUNTY,201,90 Years,4501,1600,2901,2459,883,1576,699,220,479,318,136,182,42,12,30,983,349,634
HARRIS COUNTY,201,91 Years,3909,1360,2549,2156,771,1385,590,175,415,275,110,165,40,11,29,848,293,555
HARRIS COUNTY,201,92 Years,3359,1125,2234,1861,645,1216,522,148,374,246,95,151,35,9,26,695,228,467
HARRIS COUNTY,201,93 Years,2711,872,1839,1527,506,1021,418,112,306,194,77,117,24,7,17,548,170,378
HARRIS COUNTY,201,94 Years,2110,671,1439,1195,386,809,321,83,238,150,63,87,17,6,11,427,133,294
HARRIS COUNTY,201,95 Years +,5745,1671,4074,3073,877,2196,1033,253,780,470,176,294,39,7,32,1130,358,772
HARRISON COUNTY,203,All Ages,69167,33823,35344,42455,20864,21591,14570,6816,7754,397,195,202,1534,772,762,10211,5176,5035
HARRISON COUNTY,203,< 1 Year,800,401,399,383,194,189,171,85,86,6,3,3,44,22,22,196,97,99
HARRISON COUNTY,203,1 Years,808,413,395,382,195,187,179,92,87,4,2,2,37,19,18,206,105,101
HARRISON COUNTY,203,2 Years,814,416,398,391,200,191,178,91,87,4,2,2,37,19,18,204,104,100
HARRISON COUNTY,203,3 Years,788,410,378,390,200,190,161,85,76,3,2,1,37,22,15,197,101,96
HARRISON COUNTY,203,4 Years,795,420,375,400,211,189,154,83,71,3,2,1,40,23,17,198,101,97
HARRISON COUNTY,203,5 Years,837,437,400,425,225,200,159,84,75,4,3,1,44,22,22,205,103,102
HARRISON COUNTY,203,6 Years,890,454,436,447,232,215,167,83,84,4,3,1,47,23,24,225,113,112
HARRISON COUNTY,203,7 Years,937,469,468,461,231,230,176,83,93,6,5,1,47,23,24,247,127,120
HARRISON COUNTY,203,8 Years,947,461,486,494,243,251,172,81,91,7,2,5,43,22,21,231,113,118
HARRISON COUNTY,203,9 Years,948,466,482,505,253,252,173,86,87,6,1,5,40,19,21,224,107,117
HARRISON COUNTY,203,10 Years,956,482,474,510,268,242,175,87,88,4,1,3,40,19,21,227,107,120
HARRISON COUNTY,203,11 Years,968,492,476,519,272,247,174,88,86,4,2,2,42,21,21,229,109,120
HARRISON COUNTY,203,12 Years,1035,521,514,557,288,269,190,96,94,4,4,0,41,26,15,243,107,136
HARRISON COUNTY,203,13 Years,1003,512,491,526,278,248,189,94,95,4,2,2,37,24,13,247,114,133
HARRISON COUNTY,203,14 Years,993,517,476,509,275,234,201,109,92,4,2,2,27,14,13,252,117,135
HARRISON COUNTY,203,15 Years,1063,531,532,546,266,280,214,117,97,5,2,3,32,17,15,266,129,137
HARRISON COUNTY,203,16 Years,1069,530,539,560,276,284,213,113,100,6,2,4,34,19,15,256,120,136
HARRISON COUNTY,203,17 Years,1027,538,489,546,282,264,209,114,95,6,3,3,30,19,11,236,120,116
HARRISON COUNTY,203,18 Years,996,521,475,522,286,236,212,102,110,12,6,6,27,15,12,223,112,111
HARRISON COUNTY,203,19 Years,954,477,477,482,254,228,211,96,115,13,8,5,28,13,15,220,106,114
HARRISON COUNTY,203,20 Years,935,476,459,479,247,232,217,108,109,9,6,3,28,11,17,202,104,98
HARRISON COUNTY,203,21 Years,911,475,436,488,259,229,201,101,100,7,3,4,25,12,13,190,100,90
HARRISON COUNTY,203,22 Years,881,476,405,469,263,206,205,103,102,6,4,2,25,11,14,176,95,81
HARRISON COUNTY,203,23 Years,844,428,416,418,220,198,230,108,122,4,2,2,23,11,12,169,87,82
HARRISON COUNTY,203,24 Years,844,436,408,421,220,201,227,114,113,3,2,1,24,13,11,169,87,82
HARRISON COUNTY,203,25 Years,854,449,405,447,236,211,218,115,103,3,2,1,24,12,12,162,84,78
HARRISON COUNTY,203,26 Years,854,439,415,465,244,221,203,101,102,9,3,6,24,13,11,153,78,75
HARRISON COUNTY,203,27 Years,867,433,434,480,248,232,216,91,125,6,3,3,19,12,7,146,79,67
HARRISON COUNTY,203,28 Years,755,381,374,445,222,223,161,76,85,3,1,2,17,9,8,129,73,56
HARRISON COUNTY,203,29 Years,727,371,356,446,228,218,140,72,68,4,3,1,15,8,7,122,60,62
HARRISON COUNTY,203,30 Years,774,389,385,455,231,224,176,84,92,3,2,1,14,8,6,126,64,62
HARRISON COUNTY,203,31 Years,793,395,398,440,215,225,202,97,105,6,4,2,9,6,3,136,73,63
HARRISON COUNTY,203,32 Years,824,389,435,452,215,237,214,97,117,4,2,2,11,5,6,143,70,73
HARRISON COUNTY,203,33 Years,833,395,438,495,240,255,207,96,111,2,2,0,12,4,8,117,53,64
HARRISON COUNTY,203,34 Years,820,384,436,514,243,271,176,77,99,2,2,0,13,5,8,115,57,58
HARRISON COUNTY,203,35 Years,753,358,395,472,221,251,153,74,79,5,2,3,8,2,6,115,59,56
HARRISON COUNTY,203,36 Years,747,362,385,464,225,239,140,72,68,9,4,5,9,4,5,125,57,68
HARRISON COUNTY,203,37 Years,768,365,403,498,237,261,131,66,65,9,2,7,10,4,6,120,56,64
HARRISON COUNTY,203,38 Years,798,373,425,497,234,263,165,76,89,5,0,5,12,4,8,119,59,60
HARRISON COUNTY,203,39 Years,810,385,425,505,242,263,169,77,92,6,2,4,10,5,5,120,59,61
HARRISON COUNTY,203,40 Years,812,400,412,505,252,253,165,76,89,6,3,3,11,7,4,125,62,63
HARRISON COUNTY,203,41 Years,861,419,442,551,275,276,172,75,97,12,8,4,10,5,5,116,56,60
HARRISON COUNTY,203,42 Years,865,402,463,555,266,289,175,71,104,9,5,4,10,3,7,116,57,59
HARRISON COUNTY,203,43 Years,788,367,421,495,230,265,165,71,94,4,1,3,17,8,9,107,57,50
HARRISON COUNTY,203,44 Years,792,368,424,510,232,278,156,71,85,3,0,3,15,8,7,108,57,51
HARRISON COUNTY,203,45 Years,785,363,422,493,231,262,161,70,91,4,1,3,10,6,4,117,55,62
HARRISON COUNTY,203,46 Years,751,360,391,468,236,232,161,68,93,5,1,4,8,4,4,109,51,58
HARRISON COUNTY,203,47 Years,751,382,369,477,252,225,155,69,86,5,2,3,6,3,3,108,56,52
HARRISON COUNTY,203,48 Years,735,377,358,473,240,233,146,74,72,3,1,2,9,2,7,104,60,44
HARRISON COUNTY,203,49 Years,767,376,391,506,244,262,148,73,75,6,4,2,11,5,6,96,50,46
HARRISON COUNTY,203,50 Years,814,409,405,535,261,274,158,80,78,8,5,3,12,6,6,101,57,44
HARRISON COUNTY,203,51 Years,863,425,438,566,282,284,180,78,102,6,4,2,12,5,7,99,56,43
HARRISON COUNTY,203,52 Years,888,442,446,587,294,293,184,83,101,6,3,3,9,5,4,102,57,45
HARRISON COUNTY,203,53 Years,836,419,417,550,278,272,169,76,93,10,6,4,7,3,4,100,56,44
HARRISON COUNTY,203,54 Years,763,385,378,509,259,250,155,69,86,7,5,2,12,5,7,80,47,33
HARRISON COUNTY,203,55 Years,748,376,372,499,249,250,150,73,77,4,2,2,12,4,8,83,48,35
HARRISON COUNTY,203,56 Years,756,365,391,499,237,262,163,77,86,4,1,3,7,3,4,83,47,36
HARRISON COUNTY,203,57 Years,861,413,448,575,270,305,188,86,102,2,1,1,7,2,5,89,54,35
HARRISON COUNTY,203,58 Years,899,405,494,608,271,337,193,81,112,2,1,1,10,3,7,86,49,37
HARRISON COUNTY,203,59 Years,947,439,508,643,297,346,212,94,118,4,3,1,10,4,6,78,41,37
HARRISON COUNTY,203,60 Years,936,456,480,644,315,329,202,91,111,4,3,1,15,8,7,71,39,32
HARRISON COUNTY,203,61 Years,932,468,464,653,330,323,204,97,107,2,1,1,13,5,8,60,35,25
HARRISON COUNTY,203,62 Years,911,449,462,640,318,322,202,91,111,2,1,1,10,6,4,57,33,24
HARRISON COUNTY,203,63 Years,884,435,449,631,315,316,193,88,105,0,0,0,9,3,6,51,29,22
HARRISON COUNTY,203,64 Years,921,464,457,636,318,318,202,101,101,4,1,3,11,6,5,68,38,30
HARRISON COUNTY,203,65 Years,905,453,452,637,321,316,194,95,99,4,1,3,15,6,9,55,30,25
HARRISON COUNTY,203,66 Years,857,415,442,603,298,305,186,84,102,5,3,2,14,7,7,49,23,26
HARRISON COUNTY,203,67 Years,828,397,431,587,282,305,178,80,98,6,4,2,14,6,8,43,25,18
HARRISON COUNTY,203,68 Years,795,375,420,577,267,310,157,72,85,6,3,3,12,6,6,43,27,16
HARRISON COUNTY,203,69 Years,769,353,416,552,247,305,159,70,89,3,1,2,11,5,6,44,30,14
HARRISON COUNTY,203,70 Years,737,338,399,527,246,281,159,64,95,3,1,2,14,6,8,34,21,13
HARRISON COUNTY,203,71 Years,698,319,379,498,228,270,159,69,90,3,1,2,11,6,5,27,15,12
HARRISON COUNTY,203,72 Years,689,325,364,494,233,261,159,74,85,2,1,1,9,6,3,25,11,14
HARRISON COUNTY,203,73 Years,680,313,367,500,232,268,147,67,80,2,0,2,10,6,4,21,8,13
HARRISON COUNTY,203,74 Years,682,323,359,506,244,262,145,66,79,2,0,2,9,6,3,20,7,13
HARRISON COUNTY,203,75 Years,660,311,349,496,237,259,129,59,70,4,1,3,10,6,4,21,8,13
HARRISON COUNTY,203,76 Years,571,270,301,431,208,223,112,48,64,2,1,1,8,5,3,18,8,10
HARRISON COUNTY,203,77 Years,504,232,272,374,174,200,108,46,62,1,1,0,5,3,2,16,8,8
HARRISON COUNTY,203,78 Years,450,204,246,339,160,179,93,36,57,0,0,0,6,2,4,12,6,6
HARRISON COUNTY,203,79 Years,429,204,225,324,160,164,86,33,53,2,1,1,4,3,1,13,7,6
HARRISON COUNTY,203,80 Years,388,176,212,293,138,155,77,29,48,2,1,1,5,3,2,11,5,6
HARRISON COUNTY,203,81 Years,339,147,192,258,115,143,68,26,42,2,0,2,4,2,2,7,4,3
HARRISON COUNTY,203,82 Years,310,137,173,237,106,131,62,26,36,1,0,1,4,2,2,6,3,3
HARRISON COUNTY,203,83 Years,290,123,167,223,101,122,57,18,39,2,0,2,3,1,2,5,3,2
HARRISON COUNTY,203,84 Years,261,108,153,205,88,117,47,15,32,1,0,1,3,2,1,5,3,2
HARRISON COUNTY,203,85 Years,228,86,142,174,69,105,44,14,30,1,0,1,2,1,1,7,2,5
HARRISON COUNTY,203,86 Years,213,78,135,163,63,100,39,11,28,1,0,1,2,1,1,8,3,5
HARRISON COUNTY,203,87 Years,179,69,110,137,56,81,34,11,23,1,0,1,1,0,1,6,2,4
HARRISON COUNTY,203,88 Years,147,55,92,117,46,71,26,8,18,1,1,0,1,0,1,2,0,2
HARRISON COUNTY,203,89 Years,130,44,86,103,38,65,24,6,18,0,0,0,1,0,1,2,0,2
HARRISON COUNTY,203,90 Years,112,40,72,86,32,54,21,5,16,1,1,0,2,1,1,2,1,1
HARRISON COUNTY,203,91 Years,100,34,66,76,28,48,21,5,16,1,1,0,1,0,1,1,0,1
HARRISON COUNTY,203,92 Years,84,30,54,63,24,39,18,4,14,1,1,0,1,0,1,1,1,0
HARRISON COUNTY,203,93 Years,64,22,42,47,16,31,14,4,10,0,0,0,2,1,1,1,1,0
HARRISON COUNTY,203,94 Years,51,16,35,37,13,24,13,3,10,0,0,0,0,0,0,1,0,1
HARRISON COUNTY,203,95 Years +,131,35,96,78,23,55,46,11,35,1,0,1,1,0,1,5,1,4
HARTLEY COUNTY,205,All Ages,5284,3239,2045,3303,1844,1459,377,360,17,31,22,9,51,20,31,1522,993,529
HARTLEY COUNTY,205,< 1 Year,64,34,30,36,19,17,1,0,1,1,1,0,4,3,1,22,11,11
HARTLEY COUNTY,205,1 Years,59,30,29,33,17,16,2,1,1,0,0,0,2,1,1,22,11,11
HARTLEY COUNTY,205,2 Years,60,30,30,36,18,18,1,0,1,0,0,0,2,1,1,21,11,10
HARTLEY COUNTY,205,3 Years,69,33,36,37,17,20,0,0,0,0,0,0,1,0,1,31,16,15
HARTLEY COUNTY,205,4 Years,70,34,36,34,16,18,0,0,0,1,1,0,1,0,1,34,17,17
HARTLEY COUNTY,205,5 Years,67,36,31,35,19,16,0,0,0,0,0,0,1,0,1,31,17,14
HARTLEY COUNTY,205,6 Years,61,33,28,32,18,14,0,0,0,0,0,0,2,0,2,27,15,12
HARTLEY COUNTY,205,7 Years,57,33,24,32,19,13,0,0,0,0,0,0,1,0,1,24,14,10
HARTLEY COUNTY,205,8 Years,57,29,28,32,16,16,0,0,0,0,0,0,1,0,1,24,13,11
HARTLEY COUNTY,205,9 Years,60,28,32,36,16,20,0,0,0,0,0,0,1,0,1,23,12,11
HARTLEY COUNTY,205,10 Years,58,26,32,35,16,19,0,0,0,0,0,0,2,0,2,21,10,11
HARTLEY COUNTY,205,11 Years,55,26,29,34,15,19,0,0,0,1,0,1,2,1,1,18,10,8
HARTLEY COUNTY,205,12 Years,55,29,26,33,18,15,3,0,3,0,0,0,2,1,1,17,10,7
HARTLEY COUNTY,205,13 Years,54,31,23,30,19,11,1,0,1,0,0,0,1,1,0,22,11,11
HARTLEY COUNTY,205,14 Years,54,33,21,34,21,13,0,0,0,0,0,0,1,1,0,19,11,8
HARTLEY COUNTY,205,15 Years,57,32,25,37,22,15,0,0,0,0,0,0,0,0,0,20,10,10
HARTLEY COUNTY,205,16 Years,60,29,31,37,20,17,0,0,0,0,0,0,0,0,0,23,9,14
HARTLEY COUNTY,205,17 Years,64,29,35,35,19,16,0,0,0,0,0,0,2,0,2,27,10,17
HARTLEY COUNTY,205,18 Years,60,30,30,36,20,16,0,0,0,0,0,0,1,0,1,23,10,13
HARTLEY COUNTY,205,19 Years,60,35,25,35,21,14,0,0,0,0,0,0,1,1,0,24,13,11
HARTLEY COUNTY,205,20 Years,59,31,28,35,21,14,0,0,0,1,0,1,1,1,0,22,9,13
HARTLEY COUNTY,205,21 Years,54,28,26,32,21,11,0,0,0,1,0,1,1,0,1,20,7,13
HARTLEY COUNTY,205,22 Years,47,25,22,30,18,12,0,0,0,0,0,0,1,0,1,16,7,9
HARTLEY COUNTY,205,23 Years,55,29,26,35,17,18,1,0,1,0,0,0,1,1,0,18,11,7
HARTLEY COUNTY,205,24 Years,54,29,25,34,18,16,2,0,2,1,0,1,0,0,0,17,11,6
HARTLEY COUNTY,205,25 Years,59,40,19,37,23,14,2,2,0,0,0,0,2,2,0,18,13,5
HARTLEY COUNTY,205,26 Years,79,52,27,44,25,19,9,8,1,0,0,0,1,1,0,25,18,7
HARTLEY COUNTY,205,27 Years,82,54,28,45,25,20,11,10,1,0,0,0,0,0,0,26,19,7
HARTLEY COUNTY,205,28 Years,79,47,32,50,27,23,6,6,0,0,0,0,0,0,0,23,14,9
HARTLEY COUNTY,205,29 Years,94,60,34,52,26,26,15,15,0,0,0,0,0,0,0,27,19,8
HARTLEY COUNTY,205,30 Years,84,59,25,44,25,19,12,12,0,1,1,0,1,1,0,26,20,6
HARTLEY COUNTY,205,31 Years,69,51,18,36,23,13,10,10,0,0,0,0,0,0,0,23,18,5
HARTLEY COUNTY,205,32 Years,72,58,14,34,26,8,14,14,0,0,0,0,0,0,0,24,18,6
HARTLEY COUNTY,205,33 Years,87,65,22,38,23,15,15,15,0,3,3,0,1,0,1,30,24,6
HARTLEY COUNTY,205,34 Years,86,59,27,40,23,17,13,13,0,1,1,0,1,0,1,31,22,9
HARTLEY COUNTY,205,35 Years,92,65,27,41,25,16,16,16,0,0,0,0,0,0,0,35,24,11
HARTLEY COUNTY,205,36 Years,88,63,25,39,23,16,13,13,0,1,1,0,2,0,2,33,26,7
HARTLEY COUNTY,205,37 Years,79,53,26,39,21,18,9,9,0,1,1,0,1,0,1,29,22,7
HARTLEY COUNTY,205,38 Years,72,52,20,36,21,15,11,11,0,1,0,1,0,0,0,24,20,4
HARTLEY COUNTY,205,39 Years,75,60,15,34,21,13,14,14,0,2,1,1,0,0,0,25,24,1
HARTLEY COUNTY,205,40 Years,72,58,14,38,27,11,8,8,0,1,0,1,1,1,0,24,22,2
HARTLEY COUNTY,205,41 Years,78,60,18,41,28,13,10,10,0,0,0,0,0,0,0,27,22,5
HARTLEY COUNTY,205,42 Years,80,61,19,39,25,14,13,13,0,0,0,0,0,0,0,28,23,5
HARTLEY COUNTY,205,43 Years,73,53,20,34,21,13,11,11,0,2,2,0,1,0,1,25,19,6
HARTLEY COUNTY,205,44 Years,84,57,27,41,22,19,16,14,2,2,2,0,1,1,0,24,18,6
HARTLEY COUNTY,205,45 Years,83,56,27,40,22,18,13,12,1,1,1,0,0,0,0,29,21,8
HARTLEY COUNTY,205,46 Years,81,58,23,38,24,14,12,12,0,0,0,0,1,0,1,30,22,8
HARTLEY COUNTY,205,47 Years,83,61,22,41,27,14,9,9,0,0,0,0,1,0,1,32,25,7
HARTLEY COUNTY,205,48 Years,88,68,20,47,34,13,10,10,0,1,1,0,0,0,0,30,23,7
HARTLEY COUNTY,205,49 Years,89,66,23,53,37,16,8,8,0,1,1,0,0,0,0,27,20,7
HARTLEY COUNTY,205,50 Years,88,65,23,54,36,18,6,6,0,1,1,0,0,0,0,27,22,5
HARTLEY COUNTY,205,51 Years,83,62,21,49,31,18,10,10,0,1,1,0,0,0,0,23,20,3
HARTLEY COUNTY,205,52 Years,83,62,21,49,32,17,10,10,0,1,1,0,0,0,0,23,19,4
HARTLEY COUNTY,205,53 Years,77,54,23,46,30,16,11,11,0,1,1,0,1,1,0,18,11,7
HARTLEY COUNTY,205,54 Years,73,52,21,48,33,15,4,4,0,0,0,0,1,1,0,20,14,6
HARTLEY COUNTY,205,55 Years,62,43,19,44,28,16,7,7,0,0,0,0,0,0,0,11,8,3
HARTLEY COUNTY,205,56 Years,56,37,19,40,24,16,4,4,0,1,0,1,0,0,0,11,9,2
HARTLEY COUNTY,205,57 Years,61,38,23,40,24,16,5,5,0,2,1,1,0,0,0,14,8,6
HARTLEY COUNTY,205,58 Years,59,37,22,43,26,17,4,4,0,0,0,0,0,0,0,12,7,5
HARTLEY COUNTY,205,59 Years,62,39,23,43,25,18,4,4,0,0,0,0,0,0,0,15,10,5
HARTLEY COUNTY,205,60 Years,59,34,25,44,24,20,3,3,0,0,0,0,0,0,0,12,7,5
HARTLEY COUNTY,205,61 Years,59,32,27,47,24,23,3,3,0,0,0,0,0,0,0,9,5,4
HARTLEY COUNTY,205,62 Years,55,31,24,46,26,20,2,2,0,0,0,0,0,0,0,7,3,4
HARTLEY COUNTY,205,63 Years,53,29,24,47,26,21,1,1,0,0,0,0,0,0,0,5,2,3
HARTLEY COUNTY,205,64 Years,54,31,23,47,26,21,1,1,0,0,0,0,0,0,0,6,4,2
HARTLEY COUNTY,205,65 Years,46,25,21,43,23,20,1,1,0,0,0,0,0,0,0,2,1,1
HARTLEY COUNTY,205,66 Years,43,24,19,42,23,19,0,0,0,0,0,0,0,0,0,1,1,0
HARTLEY COUNTY,205,67 Years,43,24,19,41,22,19,0,0,0,0,0,0,0,0,0,2,2,0
HARTLEY COUNTY,205,68 Years,45,21,24,40,17,23,0,0,0,0,0,0,0,0,0,5,4,1
HARTLEY COUNTY,205,69 Years,42,18,24,33,13,20,1,1,0,0,0,0,0,0,0,8,4,4
HARTLEY COUNTY,205,70 Years,44,23,21,37,19,18,2,1,1,0,0,0,0,0,0,5,3,2
HARTLEY COUNTY,205,71 Years,40,19,21,35,16,19,2,1,1,0,0,0,0,0,0,3,2,1
HARTLEY COUNTY,205,72 Years,40,20,20,36,17,19,1,1,0,0,0,0,0,0,0,3,2,1
HARTLEY COUNTY,205,73 Years,34,19,15,30,16,14,1,1,0,0,0,0,0,0,0,3,2,1
HARTLEY COUNTY,205,74 Years,37,19,18,31,16,15,0,0,0,0,0,0,0,0,0,6,3,3
HARTLEY COUNTY,205,75 Years,42,20,22,36,18,18,0,0,0,0,0,0,0,0,0,6,2,4
HARTLEY COUNTY,205,76 Years,33,17,16,29,14,15,0,0,0,0,0,0,0,0,0,4,3,1
HARTLEY COUNTY,205,77 Years,30,17,13,25,12,13,2,2,0,0,0,0,0,0,0,3,3,0
HARTLEY COUNTY,205,78 Years,28,13,15,25,11,14,1,1,0,0,0,0,0,0,0,2,1,1
HARTLEY COUNTY,205,79 Years,26,11,15,24,10,14,0,0,0,0,0,0,0,0,0,2,1,1
HARTLEY COUNTY,205,80 Years,34,17,17,32,16,16,0,0,0,0,0,0,1,0,1,1,1,0
HARTLEY COUNTY,205,81 Years,35,16,19,33,14,19,0,0,0,0,0,0,0,0,0,2,2,0
HARTLEY COUNTY,205,82 Years,30,13,17,28,12,16,0,0,0,0,0,0,0,0,0,2,1,1
HARTLEY COUNTY,205,83 Years,21,10,11,18,8,10,0,0,0,0,0,0,0,0,0,3,2,1
HARTLEY COUNTY,205,84 Years,17,7,10,16,7,9,0,0,0,0,0,0,0,0,0,1,0,1
HARTLEY COUNTY,205,85 Years,18,8,10,16,7,9,0,0,0,0,0,0,0,0,0,2,1,1
HARTLEY COUNTY,205,86 Years,15,7,8,14,6,8,0,0,0,0,0,0,0,0,0,1,1,0
HARTLEY COUNTY,205,87 Years,12,5,7,12,5,7,0,0,0,0,0,0,0,0,0,0,0,0
HARTLEY COUNTY,205,88 Years,12,4,8,12,4,8,0,0,0,0,0,0,0,0,0,0,0,0
HARTLEY COUNTY,205,89 Years,10,4,6,10,4,6,0,0,0,0,0,0,0,0,0,0,0,0
HARTLEY COUNTY,205,90 Years,9,4,5,9,4,5,0,0,0,0,0,0,0,0,0,0,0,0
HARTLEY COUNTY,205,91 Years,6,3,3,6,3,3,0,0,0,0,0,0,0,0,0,0,0,0
HARTLEY COUNTY,205,92 Years,7,1,6,6,1,5,0,0,0,0,0,0,1,0,1,0,0,0
HARTLEY COUNTY,205,93 Years,6,1,5,5,1,4,0,0,0,0,0,0,1,0,1,0,0,0
HARTLEY COUNTY,205,94 Years,4,1,3,4,1,3,0,0,0,0,0,0,0,0,0,0,0,0
HARTLEY COUNTY,205,95 Years +,13,4,9,12,4,8,0,0,0,0,0,0,0,0,0,1,0,1
HASKELL COUNTY,207,All Ages,5370,2853,2517,3326,1687,1639,205,130,75,33,23,10,105,64,41,1701,949,752
HASKELL COUNTY,207,< 1 Year,56,27,29,24,11,13,3,1,2,0,0,0,2,1,1,27,14,13
HASKELL COUNTY,207,1 Years,59,30,29,25,13,12,3,2,1,0,0,0,2,1,1,29,14,15
HASKELL COUNTY,207,2 Years,58,29,29,25,13,12,3,1,2,0,0,0,2,1,1,28,14,14
HASKELL COUNTY,207,3 Years,45,24,21,27,14,13,2,1,1,0,0,0,2,1,1,14,8,6
HASKELL COUNTY,207,4 Years,40,20,20,24,12,12,2,1,1,0,0,0,1,0,1,13,7,6
HASKELL COUNTY,207,5 Years,37,19,18,21,10,11,0,0,0,0,0,0,2,1,1,14,8,6
HASKELL COUNTY,207,6 Years,42,20,22,22,11,11,1,0,1,0,0,0,2,1,1,17,8,9
HASKELL COUNTY,207,7 Years,44,20,24,23,11,12,0,0,0,0,0,0,1,0,1,20,9,11
HASKELL COUNTY,207,8 Years,51,27,24,27,14,13,1,1,0,0,0,0,2,1,1,21,11,10
HASKELL COUNTY,207,9 Years,48,25,23,24,12,12,2,1,1,0,0,0,1,1,0,21,11,10
HASKELL COUNTY,207,10 Years,50,28,22,27,16,11,2,1,1,0,0,0,1,0,1,20,11,9
HASKELL COUNTY,207,11 Years,51,27,24,25,15,10,1,0,1,0,0,0,3,1,2,22,11,11
HASKELL COUNTY,207,12 Years,64,33,31,34,17,17,2,0,2,0,0,0,2,1,1,26,15,11
HASKELL COUNTY,207,13 Years,61,30,31,30,12,18,3,2,1,0,0,0,2,1,1,26,15,11
HASKELL COUNTY,207,14 Years,57,27,30,29,13,16,2,1,1,0,0,0,3,2,1,23,11,12
HASKELL COUNTY,207,15 Years,56,26,30,29,12,17,1,1,0,0,0,0,3,2,1,23,11,12
HASKELL COUNTY,207,16 Years,49,25,24,23,10,13,1,1,0,0,0,0,3,2,1,22,12,10
HASKELL COUNTY,207,17 Years,54,28,26,29,14,15,1,1,0,0,0,0,2,1,1,22,12,10
HASKELL COUNTY,207,18 Years,63,36,27,33,19,14,1,1,0,2,2,0,1,1,0,26,13,13
HASKELL COUNTY,207,19 Years,66,34,32,37,22,15,4,3,1,1,1,0,1,0,1,23,8,15
HASKELL COUNTY,207,20 Years,77,45,32,41,23,18,4,4,0,0,0,0,2,1,1,30,17,13
HASKELL COUNTY,207,21 Years,73,45,28,34,22,12,6,4,2,0,0,0,2,2,0,31,17,14
HASKELL COUNTY,207,22 Years,67,41,26,36,22,14,3,2,1,0,0,0,3,3,0,25,14,11
HASKELL COUNTY,207,23 Years,76,48,28,33,20,13,4,2,2,3,3,0,1,1,0,35,22,13
HASKELL COUNTY,207,24 Years,67,46,21,31,20,11,1,1,0,0,0,0,1,1,0,34,24,10
HASKELL COUNTY,207,25 Years,68,45,23,32,21,11,3,2,1,0,0,0,2,0,2,31,22,9
HASKELL COUNTY,207,26 Years,81,51,30,40,27,13,4,1,3,2,2,0,2,1,1,33,20,13
HASKELL COUNTY,207,27 Years,91,58,33,45,28,17,8,5,3,0,0,0,4,3,1,34,22,12
HASKELL COUNTY,207,28 Years,75,45,30,38,22,16,5,3,2,0,0,0,4,2,2,28,18,10
HASKELL COUNTY,207,29 Years,78,45,33,46,29,17,3,2,1,5,3,2,5,3,2,19,8,11
HASKELL COUNTY,207,30 Years,75,43,32,39,23,16,4,3,1,2,1,1,4,3,1,26,13,13
HASKELL COUNTY,207,31 Years,76,48,28,36,22,14,4,3,1,0,0,0,3,3,0,33,20,13
HASKELL COUNTY,207,32 Years,69,45,24,30,17,13,6,4,2,1,1,0,2,2,0,30,21,9
HASKELL COUNTY,207,33 Years,76,47,29,44,26,18,4,3,1,2,2,0,1,1,0,25,15,10
HASKELL COUNTY,207,34 Years,77,50,27,40,24,16,5,4,1,1,1,0,0,0,0,31,21,10
HASKELL COUNTY,207,35 Years,74,49,25,36,21,15,3,3,0,0,0,0,1,0,1,34,25,9
HASKELL COUNTY,207,36 Years,67,41,26,35,19,16,3,3,0,0,0,0,1,0,1,28,19,9
HASKELL COUNTY,207,37 Years,63,35,28,37,20,17,3,2,1,0,0,0,2,2,0,21,11,10
HASKELL COUNTY,207,38 Years,66,33,33,38,18,20,2,2,0,1,1,0,1,1,0,24,11,13
HASKELL COUNTY,207,39 Years,66,37,29,38,21,17,2,2,0,2,2,0,1,1,0,23,11,12
HASKELL COUNTY,207,40 Years,64,37,27,35,19,16,2,1,1,0,0,0,0,0,0,27,17,10
HASKELL COUNTY,207,41 Years,59,36,23,33,18,15,3,2,1,1,1,0,0,0,0,22,15,7
HASKELL COUNTY,207,42 Years,66,38,28,40,22,18,2,1,1,1,1,0,0,0,0,23,14,9
HASKELL COUNTY,207,43 Years,61,35,26,41,22,19,2,2,0,0,0,0,0,0,0,18,11,7
HASKELL COUNTY,207,44 Years,54,33,21,37,20,17,1,1,0,1,1,0,0,0,0,15,11,4
HASKELL COUNTY,207,45 Years,47,27,20,29,17,12,0,0,0,0,0,0,0,0,0,18,10,8
HASKELL COUNTY,207,46 Years,54,28,26,31,16,15,1,1,0,1,0,1,0,0,0,21,11,10
HASKELL COUNTY,207,47 Years,58,30,28,33,16,17,1,1,0,1,1,0,1,1,0,22,11,11
HASKELL COUNTY,207,48 Years,58,30,28,35,17,18,4,3,1,0,0,0,1,0,1,18,10,8
HASKELL COUNTY,207,49 Years,58,32,26,40,20,20,3,2,1,0,0,0,2,1,1,13,9,4
HASKELL COUNTY,207,50 Years,53,25,28,35,16,19,4,2,2,0,0,0,0,0,0,14,7,7
HASKELL COUNTY,207,51 Years,50,21,29,33,15,18,2,1,1,0,0,0,0,0,0,15,5,10
HASKELL COUNTY,207,52 Years,63,28,35,42,18,24,3,1,2,0,0,0,0,0,0,18,9,9
HASKELL COUNTY,207,53 Years,58,31,27,38,21,17,3,2,1,0,0,0,0,0,0,17,8,9
HASKELL COUNTY,207,54 Years,55,29,26,34,17,17,2,0,2,0,0,0,1,1,0,18,11,7
HASKELL COUNTY,207,55 Years,54,28,26,30,15,15,4,2,2,1,0,1,1,1,0,18,10,8
HASKELL COUNTY,207,56 Years,57,27,30,35,18,17,4,2,2,1,0,1,1,1,0,16,6,10
HASKELL COUNTY,207,57 Years,59,28,31,41,21,20,1,0,1,1,0,1,0,0,0,16,7,9
HASKELL COUNTY,207,58 Years,65,33,32,47,23,24,2,1,1,0,0,0,0,0,0,16,9,7
HASKELL COUNTY,207,59 Years,75,41,34,53,28,25,4,2,2,0,0,0,0,0,0,18,11,7
HASKELL COUNTY,207,60 Years,81,43,38,58,31,27,3,1,2,0,0,0,0,0,0,20,11,9
HASKELL COUNTY,207,61 Years,82,42,40,57,28,29,3,2,1,0,0,0,1,0,1,21,12,9
HASKELL COUNTY,207,62 Years,85,41,44,62,27,35,3,2,1,0,0,0,1,0,1,19,12,7
HASKELL COUNTY,207,63 Years,80,38,42,56,26,30,2,1,1,0,0,0,0,0,0,22,11,11
HASKELL COUNTY,207,64 Years,70,39,31,48,27,21,3,2,1,0,0,0,0,0,0,19,10,9
HASKELL COUNTY,207,65 Years,73,39,34,53,27,26,2,2,0,0,0,0,0,0,0,18,10,8
HASKELL COUNTY,207,66 Years,80,35,45,59,22,37,2,1,1,1,0,1,1,1,0,17,11,6
HASKELL COUNTY,207,67 Years,85,39,46,63,22,41,2,2,0,0,0,0,1,1,0,19,14,5
HASKELL COUNTY,207,68 Years,65,31,34,50,21,29,2,1,1,0,0,0,1,1,0,12,8,4
HASKELL COUNTY,207,69 Years,65,35,30,51,26,25,1,1,0,0,0,0,1,1,0,12,7,5
HASKELL COUNTY,207,70 Years,64,34,30,53,28,25,0,0,0,0,0,0,0,0,0,11,6,5
HASKELL COUNTY,207,71 Years,67,33,34,53,27,26,0,0,0,0,0,0,1,0,1,13,6,7
HASKELL COUNTY,207,72 Years,67,30,37,52,24,28,2,1,1,0,0,0,1,0,1,12,5,7
HASKELL COUNTY,207,73 Years,66,32,34,49,23,26,2,1,1,1,0,1,1,1,0,13,7,6
HASKELL COUNTY,207,74 Years,65,30,35,50,23,27,3,1,2,0,0,0,1,1,0,11,5,6
HASKELL COUNTY,207,75 Years,64,28,36,47,20,27,4,2,2,0,0,0,2,1,1,11,5,6
HASKELL COUNTY,207,76 Years,49,23,26,36,16,20,2,1,1,1,0,1,1,1,0,9,5,4
HASKELL COUNTY,207,77 Years,48,26,22,38,20,18,0,0,0,0,0,0,1,1,0,9,5,4
HASKELL COUNTY,207,78 Years,48,23,25,41,18,23,1,1,0,0,0,0,0,0,0,6,4,2
HASKELL COUNTY,207,79 Years,46,18,28,38,14,24,1,1,0,0,0,0,1,0,1,6,3,3
HASKELL COUNTY,207,80 Years,44,19,25,34,16,18,1,1,0,0,0,0,1,0,1,8,2,6
HASKELL COUNTY,207,81 Years,36,19,17,27,15,12,1,1,0,0,0,0,0,0,0,8,3,5
HASKELL COUNTY,207,82 Years,34,15,19,28,12,16,0,0,0,0,0,0,0,0,0,6,3,3
HASKELL COUNTY,207,83 Years,26,12,14,22,10,12,0,0,0,0,0,0,1,1,0,3,1,2
HASKELL COUNTY,207,84 Years,25,15,10,21,13,8,1,1,0,0,0,0,0,0,0,3,1,2
HASKELL COUNTY,207,85 Years,23,11,12,19,9,10,1,1,0,0,0,0,0,0,0,3,1,2
HASKELL COUNTY,207,86 Years,26,10,16,22,8,14,1,1,0,0,0,0,0,0,0,3,1,2
HASKELL COUNTY,207,87 Years,24,10,14,20,8,12,1,1,0,0,0,0,0,0,0,3,1,2
HASKELL COUNTY,207,88 Years,19,8,11,17,7,10,0,0,0,0,0,0,0,0,0,2,1,1
HASKELL COUNTY,207,89 Years,14,5,9,14,5,9,0,0,0,0,0,0,0,0,0,0,0,0
HASKELL COUNTY,207,90 Years,12,3,9,12,3,9,0,0,0,0,0,0,0,0,0,0,0,0
HASKELL COUNTY,207,91 Years,10,2,8,9,2,7,0,0,0,0,0,0,0,0,0,1,0,1
HASKELL COUNTY,207,92 Years,9,3,6,8,3,5,0,0,0,0,0,0,0,0,0,1,0,1
HASKELL COUNTY,207,93 Years,9,3,6,8,3,5,0,0,0,0,0,0,0,0,0,1,0,1
HASKELL COUNTY,207,94 Years,7,2,5,6,2,4,0,0,0,0,0,0,0,0,0,1,0,1
HASKELL COUNTY,207,95 Years +,21,8,13,16,6,10,1,0,1,0,0,0,1,0,1,3,2,1
HAYS COUNTY,209,All Ages,282015,139256,142759,147665,72368,75297,7621,3990,3631,4895,2370,2525,7141,3547,3594,114693,56981,57712
HAYS COUNTY,209,< 1 Year,3735,1907,1828,1407,718,689,134,67,67,75,40,35,216,112,104,1903,970,933
HAYS COUNTY,209,1 Years,3610,1842,1768,1364,696,668,131,67,64,56,28,28,151,77,74,1908,974,934
HAYS COUNTY,209,2 Years,3476,1775,1701,1325,677,648,123,63,60,52,26,26,145,74,71,1831,935,896
HAYS COUNTY,209,3 Years,3107,1612,1495,1244,638,606,84,40,44,37,19,18,143,81,62,1599,834,765
HAYS COUNTY,209,4 Years,3082,1604,1478,1240,632,608,70,34,36,35,20,15,146,82,64,1591,836,755
HAYS COUNTY,209,5 Years,3186,1656,1530,1295,663,632,66,30,36,35,20,15,143,80,63,1647,863,784
HAYS COUNTY,209,6 Years,3316,1721,1595,1354,697,657,64,29,35,39,22,17,142,76,66,1717,897,820
HAYS COUNTY,209,7 Years,3435,1799,1636,1427,749,678,62,29,33,44,24,20,142,78,64,1760,919,841
HAYS COUNTY,209,8 Years,3552,1840,1712,1479,755,724,79,39,40,49,26,23,165,89,76,1780,931,849
HAYS COUNTY,209,9 Years,3520,1812,1708,1470,737,733,80,40,40,52,30,22,170,98,72,1748,907,841
HAYS COUNTY,209,10 Years,3477,1762,1715,1448,716,732,76,37,39,51,30,21,164,93,71,1738,886,852
HAYS COUNTY,209,11 Years,3566,1780,1786,1491,729,762,77,38,39,51,32,19,153,82,71,1794,899,895
HAYS COUNTY,209,12 Years,3616,1814,1802,1490,721,769,73,44,29,53,34,19,144,73,71,1856,942,914
HAYS COUNTY,209,13 Years,3493,1759,1734,1431,712,719,73,42,31,51,30,21,120,52,68,1818,923,895
HAYS COUNTY,209,14 Years,3491,1733,1758,1424,711,713,93,42,51,38,25,13,108,56,52,1828,899,929
HAYS COUNTY,209,15 Years,3581,1806,1775,1443,748,695,91,50,41,34,23,11,125,65,60,1888,920,968
HAYS COUNTY,209,16 Years,3649,1876,1773,1508,793,715,93,53,40,33,12,21,151,80,71,1864,938,926
HAYS COUNTY,209,17 Years,3742,1917,1825,1571,802,769,103,61,42,46,25,21,134,61,73,1888,968,920
HAYS COUNTY,209,18 Years,3876,1894,1982,1810,866,944,91,49,42,45,21,24,115,61,54,1815,897,918
HAYS COUNTY,209,19 Years,4177,2055,2122,1889,930,959,110,49,61,49,25,24,120,60,60,2009,991,1018
HAYS COUNTY,209,20 Years,4234,2084,2150,1924,940,984,106,50,56,74,38,36,121,62,59,2009,994,1015
HAYS COUNTY,209,21 Years,5519,2656,2863,2701,1280,1421,195,85,110,112,68,44,161,77,84,2350,1146,1204
HAYS COUNTY,209,22 Years,6660,3221,3439,3245,1548,1697,253,98,155,105,69,36,170,77,93,2887,1429,1458
HAYS COUNTY,209,23 Years,7864,3623,4241,3964,1817,2147,301,136,165,115,56,59,194,85,109,3290,1529,1761
HAYS COUNTY,209,24 Years,7847,3654,4193,4091,1882,2209,306,150,156,142,77,65,226,98,128,3082,1447,1635
HAYS COUNTY,209,25 Years,6936,3414,3522,3631,1741,1890,256,123,133,158,87,71,230,95,135,2661,1368,1293
HAYS COUNTY,209,26 Years,6309,3177,3132,3355,1651,1704,231,109,122,138,74,64,165,73,92,2420,1270,1150
HAYS COUNTY,209,27 Years,5376,2734,2642,2920,1432,1488,190,99,91,125,64,61,144,67,77,1997,1072,925
HAYS COUNTY,209,28 Years,4377,2331,2046,1859,998,861,137,80,57,125,63,62,118,63,55,2138,1127,1011
HAYS COUNTY,209,29 Years,4069,2187,1882,1575,907,668,153,95,58,106,58,48,91,52,39,2144,1075,1069
HAYS COUNTY,209,30 Years,3716,1990,1726,1420,793,627,138,85,53,91,42,49,90,53,37,1977,1017,960
HAYS COUNTY,209,31 Years,3616,1911,1705,1845,977,868,148,83,65,85,41,44,83,49,34,1455,761,694
HAYS COUNTY,209,32 Years,3506,1861,1645,2210,1142,1068,154,88,66,74,33,41,85,48,37,983,550,433
HAYS COUNTY,209,33 Years,3379,1752,1627,1958,939,1019,135,78,57,75,39,36,94,35,59,1117,661,456
HAYS COUNTY,209,34 Years,3362,1727,1635,1766,882,884,111,64,47,103,57,46,67,30,37,1315,694,621
HAYS COUNTY,209,35 Years,3113,1585,1528,1511,804,707,91,51,40,91,45,46,69,35,34,1351,650,701
HAYS COUNTY,209,36 Years,3096,1590,1506,1243,667,576,70,46,24,77,38,39,61,33,28,1645,806,839
HAYS COUNTY,209,37 Years,3799,1983,1816,1696,839,857,97,60,37,66,34,32,43,19,24,1897,1031,866
HAYS COUNTY,209,38 Years,4279,2135,2144,2202,1083,1119,112,67,45,64,27,37,70,28,42,1831,930,901
HAYS COUNTY,209,39 Years,4108,2020,2088,2145,1051,1094,108,63,45,78,36,42,83,35,48,1694,835,859
HAYS COUNTY,209,40 Years,3984,1937,2047,2035,979,1056,99,53,46,94,45,49,85,39,46,1671,821,850
HAYS COUNTY,209,41 Years,3930,1904,2026,1980,970,1010,95,52,43,131,56,75,76,33,43,1648,793,855
HAYS COUNTY,209,42 Years,4136,1978,2158,1985,963,1022,97,54,43,131,63,68,71,30,41,1852,868,984
HAYS COUNTY,209,43 Years,3748,1888,1860,1933,982,951,87,43,44,91,49,42,59,27,32,1578,787,791
HAYS COUNTY,209,44 Years,3544,1814,1730,1865,956,909,95,58,37,70,37,33,64,26,38,1450,737,713
HAYS COUNTY,209,45 Years,3576,1822,1754,1857,947,910,104,68,36,63,31,32,70,41,29,1482,735,747
HAYS COUNTY,209,46 Years,3583,1798,1785,1802,924,878,92,51,41,65,31,34,81,46,35,1543,746,797
HAYS COUNTY,209,47 Years,3639,1774,1865,1808,896,912,83,43,40,63,28,35,63,29,34,1622,778,844
HAYS COUNTY,209,48 Years,3319,1625,1694,1682,839,843,77,40,37,56,21,35,45,13,32,1459,712,747
HAYS COUNTY,209,49 Years,3225,1638,1587,1676,862,814,82,48,34,64,27,37,51,21,30,1352,680,672
HAYS COUNTY,209,50 Years,3288,1631,1657,1771,873,898,84,47,37,68,28,40,57,30,27,1308,653,655
HAYS COUNTY,209,51 Years,3458,1693,1765,1932,961,971,87,50,37,74,28,46,70,41,29,1295,613,682
HAYS COUNTY,209,52 Years,3383,1695,1688,1893,966,927,79,48,31,66,28,38,83,41,42,1262,612,650
HAYS COUNTY,209,53 Years,2984,1490,1494,1670,860,810,67,36,31,55,27,28,72,36,36,1120,531,589
HAYS COUNTY,209,54 Years,2802,1421,1381,1589,813,776,71,45,26,48,21,27,43,22,21,1051,520,531
HAYS COUNTY,209,55 Years,2726,1366,1360,1584,798,786,63,40,23,35,10,25,32,11,21,1012,507,505
HAYS COUNTY,209,56 Years,2729,1347,1382,1539,762,777,64,44,20,41,16,25,45,19,26,1040,506,534
HAYS COUNTY,209,57 Years,2867,1401,1466,1688,834,854,61,32,29,51,18,33,47,31,16,1020,486,534
HAYS COUNTY,209,58 Years,2877,1366,1511,1719,822,897,66,26,40,50,17,33,37,27,10,1005,474,531
HAYS COUNTY,209,59 Years,2834,1350,1484,1720,812,908,59,28,31,48,23,25,52,27,25,955,460,495
HAYS COUNTY,209,60 Years,2878,1368,1510,1812,854,958,69,38,31,45,25,20,44,16,28,908,435,473
HAYS COUNTY,209,61 Years,2851,1327,1524,1868,853,1015,67,34,33,44,21,23,37,17,20,835,402,433
HAYS COUNTY,209,62 Years,2824,1366,1458,1872,907,965,78,38,40,33,10,23,50,21,29,791,390,401
HAYS COUNTY,209,63 Years,2717,1341,1376,1802,895,907,80,47,33,29,7,22,46,21,25,760,371,389
HAYS COUNTY,209,64 Years,2665,1267,1398,1801,862,939,68,41,27,32,4,28,44,20,24,720,340,380
HAYS COUNTY,209,65 Years,2584,1204,1380,1770,826,944,57,34,23,33,5,28,42,19,23,682,320,362
HAYS COUNTY,209,66 Years,2518,1154,1364,1731,787,944,65,38,27,39,18,21,28,13,15,655,298,357
HAYS COUNTY,209,67 Years,2533,1163,1370,1770,810,960,65,34,31,36,14,22,32,16,16,630,289,341
HAYS COUNTY,209,68 Years,2414,1094,1320,1758,805,953,48,22,26,26,4,22,33,20,13,549,243,306
HAYS COUNTY,209,69 Years,2364,1066,1298,1743,806,937,39,18,21,22,2,20,38,21,17,522,219,303
HAYS COUNTY,209,70 Years,2258,1039,1219,1667,777,890,34,18,16,33,12,21,29,14,15,495,218,277
HAYS COUNTY,209,71 Years,2134,977,1157,1582,732,850,35,16,19,36,17,19,26,8,18,455,204,251
HAYS COUNTY,209,72 Years,2024,939,1085,1514,719,795,31,14,17,26,10,16,28,15,13,425,181,244
HAYS COUNTY,209,73 Years,1796,844,952,1364,649,715,26,14,12,19,6,13,25,15,10,362,160,202
HAYS COUNTY,209,74 Years,1739,802,937,1330,624,706,16,9,7,18,4,14,23,9,14,352,156,196
HAYS COUNTY,209,75 Years,1751,818,933,1362,646,716,12,5,7,13,4,9,21,11,10,343,152,191
HAYS COUNTY,209,76 Years,1479,701,778,1146,551,595,16,6,10,14,6,8,19,7,12,284,131,153
HAYS COUNTY,209,77 Years,1295,599,696,998,471,527,18,7,11,12,6,6,13,3,10,254,112,142
HAYS COUNTY,209,78 Years,1156,527,629,887,419,468,15,4,11,12,4,8,13,6,7,229,94,135
HAYS COUNTY,209,79 Years,1047,483,564,816,399,417,13,5,8,9,2,7,12,6,6,197,71,126
HAYS COUNTY,209,80 Years,917,419,498,710,341,369,13,4,9,15,8,7,9,5,4,170,61,109
HAYS COUNTY,209,81 Years,775,352,423,595,279,316,11,4,7,13,6,7,6,3,3,150,60,90
HAYS COUNTY,209,82 Years,687,303,384,533,239,294,8,4,4,10,3,7,7,4,3,129,53,76
HAYS COUNTY,209,83 Years,610,262,348,472,208,264,9,3,6,6,2,4,7,3,4,116,46,70
HAYS COUNTY,209,84 Years,547,238,309,420,189,231,8,2,6,4,1,3,6,2,4,109,44,65
HAYS COUNTY,209,85 Years,465,193,272,348,150,198,7,2,5,5,3,2,7,3,4,98,35,63
HAYS COUNTY,209,86 Years,410,158,252,302,122,180,6,2,4,5,1,4,8,4,4,89,29,60
HAYS COUNTY,209,87 Years,361,140,221,271,107,164,4,1,3,4,0,4,6,3,3,76,29,47
HAYS COUNTY,209,88 Years,325,118,207,250,95,155,4,1,3,1,0,1,4,1,3,66,21,45
HAYS COUNTY,209,89 Years,280,99,181,213,81,132,3,1,2,1,0,1,4,2,2,59,15,44
HAYS COUNTY,209,90 Years,240,86,154,184,68,116,4,1,3,2,1,1,3,2,1,47,14,33
HAYS COUNTY,209,91 Years,202,71,131,159,56,103,4,1,3,1,0,1,3,2,1,35,12,23
HAYS COUNTY,209,92 Years,170,56,114,133,45,88,2,1,1,1,0,1,1,1,0,33,9,24
HAYS COUNTY,209,93 Years,139,43,96,108,37,71,1,0,1,0,0,0,1,0,1,29,6,23
HAYS COUNTY,209,94 Years,109,32,77,85,26,59,2,0,2,0,0,0,0,0,0,22,6,16
HAYS COUNTY,209,95 Years +,267,70,197,190,51,139,6,2,4,3,2,1,1,0,1,67,15,52
HEMPHILL COUNTY,211,All Ages,3331,1637,1694,2021,984,1037,0,0,0,4,2,2,30,7,23,1276,644,632
HEMPHILL COUNTY,211,< 1 Year,43,21,22,21,10,11,0,0,0,0,0,0,1,0,1,21,11,10
HEMPHILL COUNTY,211,1 Years,46,25,21,21,11,10,0,0,0,0,0,0,1,1,0,24,13,11
HEMPHILL COUNTY,211,2 Years,44,22,22,20,10,10,0,0,0,0,0,0,1,0,1,23,12,11
HEMPHILL COUNTY,211,3 Years,34,19,15,17,10,7,0,0,0,0,0,0,0,0,0,17,9,8
HEMPHILL COUNTY,211,4 Years,34,21,13,15,10,5,0,0,0,0,0,0,0,0,0,19,11,8
HEMPHILL COUNTY,211,5 Years,42,26,16,19,11,8,0,0,0,0,0,0,0,0,0,23,15,8
HEMPHILL COUNTY,211,6 Years,52,31,21,22,12,10,0,0,0,0,0,0,0,0,0,30,19,11
HEMPHILL COUNTY,211,7 Years,59,33,26,27,14,13,0,0,0,0,0,0,1,0,1,31,19,12
HEMPHILL COUNTY,211,8 Years,54,28,26,27,14,13,0,0,0,0,0,0,0,0,0,27,14,13
HEMPHILL COUNTY,211,9 Years,52,28,24,27,14,13,0,0,0,0,0,0,0,0,0,25,14,11
HEMPHILL COUNTY,211,10 Years,52,28,24,26,13,13,0,0,0,0,0,0,0,0,0,26,15,11
HEMPHILL COUNTY,211,11 Years,55,30,25,27,15,12,0,0,0,0,0,0,0,0,0,28,15,13
HEMPHILL COUNTY,211,12 Years,50,26,24,24,13,11,0,0,0,0,0,0,0,0,0,26,13,13
HEMPHILL COUNTY,211,13 Years,63,40,23,26,18,8,0,0,0,0,0,0,1,1,0,36,21,15
HEMPHILL COUNTY,211,14 Years,71,37,34,34,22,12,0,0,0,0,0,0,1,0,1,36,15,21
HEMPHILL COUNTY,211,15 Years,75,34,41,37,20,17,0,0,0,0,0,0,1,0,1,37,14,23
HEMPHILL COUNTY,211,16 Years,65,27,38,31,11,20,0,0,0,0,0,0,1,0,1,33,16,17
HEMPHILL COUNTY,211,17 Years,60,27,33,34,15,19,0,0,0,0,0,0,1,0,1,25,12,13
HEMPHILL COUNTY,211,18 Years,79,50,29,51,36,15,0,0,0,0,0,0,1,0,1,27,14,13
HEMPHILL COUNTY,211,19 Years,78,36,42,39,19,20,0,0,0,0,0,0,1,0,1,38,17,21
HEMPHILL COUNTY,211,20 Years,68,29,39,35,15,20,0,0,0,0,0,0,0,0,0,33,14,19
HEMPHILL COUNTY,211,21 Years,48,16,32,22,3,19,0,0,0,0,0,0,1,1,0,25,12,13
HEMPHILL COUNTY,211,22 Years,51,21,30,27,9,18,0,0,0,0,0,0,1,1,0,23,11,12
HEMPHILL COUNTY,211,23 Years,36,16,20,19,9,10,0,0,0,0,0,0,0,0,0,17,7,10
HEMPHILL COUNTY,211,24 Years,32,12,20,15,7,8,0,0,0,0,0,0,0,0,0,17,5,12
HEMPHILL COUNTY,211,25 Years,27,12,15,16,8,8,0,0,0,0,0,0,0,0,0,11,4,7
HEMPHILL COUNTY,211,26 Years,25,13,12,14,9,5,0,0,0,0,0,0,1,0,1,10,4,6
HEMPHILL COUNTY,211,27 Years,37,19,18,20,11,9,0,0,0,0,0,0,2,0,2,15,8,7
HEMPHILL COUNTY,211,28 Years,35,17,18,17,8,9,0,0,0,0,0,0,1,0,1,17,9,8
HEMPHILL COUNTY,211,29 Years,33,13,20,15,6,9,0,0,0,0,0,0,1,0,1,17,7,10
HEMPHILL COUNTY,211,30 Years,32,10,22,14,6,8,0,0,0,0,0,0,0,0,0,18,4,14
HEMPHILL COUNTY,211,31 Years,27,11,16,15,7,8,0,0,0,0,0,0,0,0,0,12,4,8
HEMPHILL COUNTY,211,32 Years,24,15,9,12,6,6,0,0,0,0,0,0,0,0,0,12,9,3
HEMPHILL COUNTY,211,33 Years,28,16,12,16,8,8,0,0,0,0,0,0,0,0,0,12,8,4
HEMPHILL COUNTY,211,34 Years,26,14,12,13,7,6,0,0,0,1,0,1,0,0,0,12,7,5
HEMPHILL COUNTY,211,35 Years,29,16,13,15,8,7,0,0,0,1,0,1,1,1,0,12,7,5
HEMPHILL COUNTY,211,36 Years,36,16,20,24,10,14,0,0,0,0,0,0,2,1,1,10,5,5
HEMPHILL COUNTY,211,37 Years,38,19,19,27,14,13,0,0,0,0,0,0,1,0,1,10,5,5
HEMPHILL COUNTY,211,38 Years,46,24,22,30,18,12,0,0,0,0,0,0,0,0,0,16,6,10
HEMPHILL COUNTY,211,39 Years,48,20,28,27,13,14,0,0,0,1,1,0,0,0,0,20,6,14
HEMPHILL COUNTY,211,40 Years,45,22,23,26,13,13,0,0,0,1,1,0,0,0,0,18,8,10
HEMPHILL COUNTY,211,41 Years,33,20,13,18,11,7,0,0,0,0,0,0,0,0,0,15,9,6
HEMPHILL COUNTY,211,42 Years,40,15,25,21,7,14,0,0,0,0,0,0,1,0,1,18,8,10
HEMPHILL COUNTY,211,43 Years,48,18,30,25,8,17,0,0,0,0,0,0,0,0,0,23,10,13
HEMPHILL COUNTY,211,44 Years,47,19,28,27,9,18,0,0,0,0,0,0,0,0,0,20,10,10
HEMPHILL COUNTY,211,45 Years,48,23,25,30,14,16,0,0,0,0,0,0,1,0,1,17,9,8
HEMPHILL COUNTY,211,46 Years,45,20,25,28,14,14,0,0,0,0,0,0,1,0,1,16,6,10
HEMPHILL COUNTY,211,47 Years,44,20,24,25,14,11,0,0,0,0,0,0,0,0,0,19,6,13
HEMPHILL COUNTY,211,48 Years,44,22,22,30,15,15,0,0,0,0,0,0,0,0,0,14,7,7
HEMPHILL COUNTY,211,49 Years,47,23,24,28,12,16,0,0,0,0,0,0,1,0,1,18,11,7
HEMPHILL COUNTY,211,50 Years,47,26,21,27,12,15,0,0,0,0,0,0,1,0,1,19,14,5
HEMPHILL COUNTY,211,51 Years,46,22,24,29,13,16,0,0,0,0,0,0,0,0,0,17,9,8
HEMPHILL COUNTY,211,52 Years,35,17,18,22,10,12,0,0,0,0,0,0,0,0,0,13,7,6
HEMPHILL COUNTY,211,53 Years,25,12,13,17,9,8,0,0,0,0,0,0,0,0,0,8,3,5
HEMPHILL COUNTY,211,54 Years,27,14,13,19,10,9,0,0,0,0,0,0,0,0,0,8,4,4
HEMPHILL COUNTY,211,55 Years,31,17,14,21,11,10,0,0,0,0,0,0,0,0,0,10,6,4
HEMPHILL COUNTY,211,56 Years,29,15,14,22,12,10,0,0,0,0,0,0,0,0,0,7,3,4
HEMPHILL COUNTY,211,57 Years,27,14,13,20,10,10,0,0,0,0,0,0,0,0,0,7,4,3
HEMPHILL COUNTY,211,58 Years,42,24,18,27,12,15,0,0,0,0,0,0,0,0,0,15,12,3
HEMPHILL COUNTY,211,59 Years,45,26,19,29,14,15,0,0,0,0,0,0,0,0,0,16,12,4
HEMPHILL COUNTY,211,60 Years,37,22,15,24,13,11,0,0,0,0,0,0,0,0,0,13,9,4
HEMPHILL COUNTY,211,61 Years,34,17,17,24,12,12,0,0,0,0,0,0,0,0,0,10,5,5
HEMPHILL COUNTY,211,62 Years,31,15,16,24,12,12,0,0,0,0,0,0,0,0,0,7,3,4
HEMPHILL COUNTY,211,63 Years,31,15,16,23,11,12,0,0,0,0,0,0,0,0,0,8,4,4
HEMPHILL COUNTY,211,64 Years,31,12,19,24,10,14,0,0,0,0,0,0,1,0,1,6,2,4
HEMPHILL COUNTY,211,65 Years,32,14,18,25,11,14,0,0,0,0,0,0,1,0,1,6,3,3
HEMPHILL COUNTY,211,66 Years,30,14,16,23,10,13,0,0,0,0,0,0,0,0,0,7,4,3
HEMPHILL COUNTY,211,67 Years,32,17,15,26,12,14,0,0,0,0,0,0,1,1,0,5,4,1
HEMPHILL COUNTY,211,68 Years,33,19,14,29,17,12,0,0,0,0,0,0,0,0,0,4,2,2
HEMPHILL COUNTY,211,69 Years,30,18,12,26,16,10,0,0,0,0,0,0,0,0,0,4,2,2
HEMPHILL COUNTY,211,70 Years,29,14,15,25,13,12,0,0,0,0,0,0,0,0,0,4,1,3
HEMPHILL COUNTY,211,71 Years,26,13,13,24,12,12,0,0,0,0,0,0,0,0,0,2,1,1
HEMPHILL COUNTY,211,72 Years,28,13,15,25,12,13,0,0,0,0,0,0,0,0,0,3,1,2
HEMPHILL COUNTY,211,73 Years,27,15,12,25,13,12,0,0,0,0,0,0,0,0,0,2,2,0
HEMPHILL COUNTY,211,74 Years,27,14,13,24,12,12,0,0,0,0,0,0,0,0,0,3,2,1
HEMPHILL COUNTY,211,75 Years,30,12,18,25,11,14,0,0,0,0,0,0,0,0,0,5,1,4
HEMPHILL COUNTY,211,76 Years,26,12,14,21,9,12,0,0,0,0,0,0,0,0,0,5,3,2
HEMPHILL COUNTY,211,77 Years,21,9,12,19,7,12,0,0,0,0,0,0,0,0,0,2,2,0
HEMPHILL COUNTY,211,78 Years,18,8,10,18,8,10,0,0,0,0,0,0,0,0,0,0,0,0
HEMPHILL COUNTY,211,79 Years,17,7,10,16,6,10,0,0,0,0,0,0,0,0,0,1,1,0
HEMPHILL COUNTY,211,80 Years,13,6,7,13,6,7,0,0,0,0,0,0,0,0,0,0,0,0
HEMPHILL COUNTY,211,81 Years,16,5,11,14,5,9,0,0,0,0,0,0,0,0,0,2,0,2
HEMPHILL COUNTY,211,82 Years,15,7,8,14,6,8,0,0,0,0,0,0,0,0,0,1,1,0
HEMPHILL COUNTY,211,83 Years,12,4,8,11,4,7,0,0,0,0,0,0,0,0,0,1,0,1
HEMPHILL COUNTY,211,84 Years,11,2,9,9,2,7,0,0,0,0,0,0,0,0,0,2,0,2
HEMPHILL COUNTY,211,85 Years,10,4,6,9,3,6,0,0,0,0,0,0,0,0,0,1,1,0
HEMPHILL COUNTY,211,86 Years,11,4,7,9,3,6,0,0,0,0,0,0,0,0,0,2,1,1
HEMPHILL COUNTY,211,87 Years,8,4,4,8,4,4,0,0,0,0,0,0,0,0,0,0,0,0
HEMPHILL COUNTY,211,88 Years,4,2,2,4,2,2,0,0,0,0,0,0,0,0,0,0,0,0
HEMPHILL COUNTY,211,89 Years,5,2,3,4,2,2,0,0,0,0,0,0,0,0,0,1,0,1
HEMPHILL COUNTY,211,90 Years,6,1,5,6,1,5,0,0,0,0,0,0,0,0,0,0,0,0
HEMPHILL COUNTY,211,91 Years,4,1,3,4,1,3,0,0,0,0,0,0,0,0,0,0,0,0
HEMPHILL COUNTY,211,92 Years,4,2,2,4,2,2,0,0,0,0,0,0,0,0,0,0,0,0
HEMPHILL COUNTY,211,93 Years,3,2,1,3,2,1,0,0,0,0,0,0,0,0,0,0,0,0
HEMPHILL COUNTY,211,94 Years,2,1,1,2,1,1,0,0,0,0,0,0,0,0,0,0,0,0
HEMPHILL COUNTY,211,95 Years +,8,3,5,8,3,5,0,0,0,0,0,0,0,0,0,0,0,0
HENDERSON COUNTY,213,All Ages,85681,41949,43732,65445,31637,33808,5843,2935,2908,400,177,223,2092,1080,1012,11901,6120,5781
HENDERSON COUNTY,213,< 1 Year,932,478,454,570,290,280,64,33,31,5,3,2,47,24,23,246,128,118
HENDERSON COUNTY,213,1 Years,908,465,443,543,277,266,70,36,34,6,4,2,43,22,21,246,126,120
HENDERSON COUNTY,213,2 Years,914,466,448,550,281,269,70,36,34,6,3,3,44,22,22,244,124,120
HENDERSON COUNTY,213,3 Years,935,492,443,595,314,281,59,32,27,2,1,1,43,20,23,236,125,111
HENDERSON COUNTY,213,4 Years,935,487,448,605,316,289,56,29,27,2,1,1,47,24,23,225,117,108
HENDERSON COUNTY,213,5 Years,925,485,440,604,318,286,58,32,26,2,1,1,42,21,21,219,113,106
HENDERSON COUNTY,213,6 Years,928,485,443,605,318,287,60,33,27,3,2,1,44,24,20,216,108,108
HENDERSON COUNTY,213,7 Years,942,488,454,607,320,287,62,33,29,3,2,1,51,24,27,219,109,110
HENDERSON COUNTY,213,8 Years,987,521,466,644,347,297,61,28,33,5,3,2,52,26,26,225,117,108
HENDERSON COUNTY,213,9 Years,1000,527,473,653,344,309,61,29,32,8,4,4,51,25,26,227,125,102
HENDERSON COUNTY,213,10 Years,1009,529,480,657,339,318,63,30,33,6,3,3,49,26,23,234,131,103
HENDERSON COUNTY,213,11 Years,1030,541,489,667,344,323,69,35,34,6,4,2,45,27,18,243,131,112
HENDERSON COUNTY,213,12 Years,1001,516,485,651,333,318,68,39,29,5,3,2,46,25,21,231,116,115
HENDERSON COUNTY,213,13 Years,1018,512,506,672,337,335,71,35,36,3,1,2,43,16,27,229,123,106
HENDERSON COUNTY,213,14 Years,1037,526,511,674,333,341,71,37,34,2,0,2,47,18,29,243,138,105
HENDERSON COUNTY,213,15 Years,1013,525,488,662,329,333,74,44,30,2,0,2,38,21,17,237,131,106
HENDERSON COUNTY,213,16 Years,1022,536,486,667,339,328,83,49,34,5,2,3,34,24,10,233,122,111
HENDERSON COUNTY,213,17 Years,1039,553,486,700,378,322,77,38,39,7,3,4,28,17,11,227,117,110
HENDERSON COUNTY,213,18 Years,1066,578,488,685,361,324,94,53,41,5,1,4,36,21,15,246,142,104
HENDERSON COUNTY,213,19 Years,1054,582,472,664,358,306,104,61,43,6,1,5,32,16,16,248,146,102
HENDERSON COUNTY,213,20 Years,1007,534,473,664,348,316,96,55,41,7,5,2,24,12,12,216,114,102
HENDERSON COUNTY,213,21 Years,996,528,468,663,346,317,96,56,40,4,2,2,28,15,13,205,109,96
HENDERSON COUNTY,213,22 Years,952,519,433,634,347,287,91,49,42,4,2,2,23,14,9,200,107,93
HENDERSON COUNTY,213,23 Years,941,507,434,619,335,284,109,60,49,2,1,1,30,15,15,181,96,85
HENDERSON COUNTY,213,24 Years,939,507,432,624,331,293,105,59,46,2,2,0,30,18,12,178,97,81
HENDERSON COUNTY,213,25 Years,956,504,452,640,327,313,92,58,34,3,2,1,31,17,14,190,100,90
HENDERSON COUNTY,213,26 Years,980,492,488,676,337,339,76,47,29,4,3,1,32,16,16,192,89,103
HENDERSON COUNTY,213,27 Years,965,488,477,687,349,338,77,42,35,4,2,2,27,17,10,170,78,92
HENDERSON COUNTY,213,28 Years,860,430,430,610,310,300,64,30,34,6,3,3,23,13,10,157,74,83
HENDERSON COUNTY,213,29 Years,858,436,422,634,324,310,62,31,31,5,2,3,22,11,11,135,68,67
HENDERSON COUNTY,213,30 Years,920,457,463,675,337,338,75,37,38,5,2,3,19,12,7,146,69,77
HENDERSON COUNTY,213,31 Years,1042,500,542,751,358,393,105,58,47,3,1,2,16,7,9,167,76,91
HENDERSON COUNTY,213,32 Years,1044,519,525,758,365,393,105,62,43,3,2,1,16,5,11,162,85,77
HENDERSON COUNTY,213,33 Years,969,478,491,746,357,389,71,39,32,2,2,0,15,10,5,135,70,65
HENDERSON COUNTY,213,34 Years,920,441,479,716,338,378,54,25,29,7,3,4,13,10,3,130,65,65
HENDERSON COUNTY,213,35 Years,859,403,456,646,294,352,54,24,30,5,3,2,15,7,8,139,75,64
HENDERSON COUNTY,213,36 Years,847,394,453,631,291,340,58,25,33,2,1,1,16,6,10,140,71,69
HENDERSON COUNTY,213,37 Years,866,417,449,649,311,338,61,28,33,8,5,3,14,5,9,134,68,66
HENDERSON COUNTY,213,38 Years,899,438,461,680,334,346,66,34,32,8,5,3,15,6,9,130,59,71
HENDERSON COUNTY,213,39 Years,920,468,452,687,345,342,70,41,29,6,3,3,16,9,7,141,70,71
HENDERSON COUNTY,213,40 Years,902,453,449,658,325,333,76,44,32,5,2,3,18,11,7,145,71,74
HENDERSON COUNTY,213,41 Years,928,450,478,691,338,353,70,36,34,6,2,4,17,7,10,144,67,77
HENDERSON COUNTY,213,42 Years,923,432,491,696,328,368,62,27,35,6,2,4,19,8,11,140,67,73
HENDERSON COUNTY,213,43 Years,873,403,470,646,293,353,63,29,34,7,3,4,18,8,10,139,70,69
HENDERSON COUNTY,213,44 Years,862,410,452,646,300,346,68,33,35,8,2,6,13,7,6,127,68,59
HENDERSON COUNTY,213,45 Years,846,395,451,633,287,346,71,32,39,5,1,4,16,7,9,121,68,53
HENDERSON COUNTY,213,46 Years,863,413,450,656,305,351,64,31,33,3,1,2,16,8,8,124,68,56
HENDERSON COUNTY,213,47 Years,868,420,448,673,324,349,57,25,32,5,3,2,16,9,7,117,59,58
HENDERSON COUNTY,213,48 Years,854,399,455,665,308,357,57,26,31,7,3,4,12,9,3,113,53,60
HENDERSON COUNTY,213,49 Years,885,406,479,691,312,379,69,37,32,5,3,2,11,6,5,109,48,61
HENDERSON COUNTY,213,50 Years,985,464,521,762,347,415,81,47,34,3,2,1,17,8,9,122,60,62
HENDERSON COUNTY,213,51 Years,1069,507,562,848,389,459,73,37,36,4,3,1,17,9,8,127,69,58
HENDERSON COUNTY,213,52 Years,1038,481,557,827,377,450,75,39,36,3,2,1,12,7,5,121,56,65
HENDERSON COUNTY,213,53 Years,1061,495,566,843,389,454,79,41,38,7,3,4,12,5,7,120,57,63
HENDERSON COUNTY,213,54 Years,1056,498,558,838,396,442,79,40,39,5,1,4,17,6,11,117,55,62
HENDERSON COUNTY,213,55 Years,1036,505,531,820,403,417,72,35,37,6,1,5,22,11,11,116,55,61
HENDERSON COUNTY,213,56 Years,1063,528,535,834,414,420,68,29,39,4,1,3,22,13,9,135,71,64
HENDERSON COUNTY,213,57 Years,1092,537,555,870,430,440,72,29,43,4,1,3,17,9,8,129,68,61
HENDERSON COUNTY,213,58 Years,1145,572,573,909,451,458,75,38,37,6,2,4,20,12,8,135,69,66
HENDERSON COUNTY,213,59 Years,1227,606,621,991,497,494,87,42,45,8,2,6,24,11,13,117,54,63
HENDERSON COUNTY,213,60 Years,1270,613,657,1028,506,522,92,46,46,5,1,4,25,12,13,120,48,72
HENDERSON COUNTY,213,61 Years,1313,620,693,1074,507,567,85,44,41,7,1,6,28,12,16,119,56,63
HENDERSON COUNTY,213,62 Years,1322,631,691,1108,530,578,81,36,45,7,3,4,24,9,15,102,53,49
HENDERSON COUNTY,213,63 Years,1344,601,743,1133,502,631,87,36,51,8,3,5,29,14,15,87,46,41
HENDERSON COUNTY,213,64 Years,1365,620,745,1130,504,626,94,47,47,10,2,8,35,15,20,96,52,44
HENDERSON COUNTY,213,65 Years,1368,647,721,1145,529,616,92,46,46,9,3,6,26,13,13,96,56,40
HENDERSON COUNTY,213,66 Years,1288,618,670,1098,520,578,81,37,44,7,3,4,16,10,6,86,48,38
HENDERSON COUNTY,213,67 Years,1275,601,674,1097,517,580,78,37,41,6,3,3,19,8,11,75,36,39
HENDERSON COUNTY,213,68 Years,1240,581,659,1084,511,573,66,26,40,4,2,2,23,12,11,63,30,33
HENDERSON COUNTY,213,69 Years,1210,576,634,1069,514,555,61,22,39,5,2,3,16,9,7,59,29,30
HENDERSON COUNTY,213,70 Years,1163,536,627,1025,471,554,63,25,38,3,1,2,14,9,5,58,30,28
HENDERSON COUNTY,213,71 Years,1110,512,598,986,454,532,57,24,33,4,1,3,18,10,8,45,23,22
HENDERSON COUNTY,213,72 Years,1108,524,584,984,462,522,50,23,27,5,1,4,25,14,11,44,24,20
HENDERSON COUNTY,213,73 Years,1053,508,545,927,444,483,47,23,24,7,3,4,25,15,10,47,23,24
HENDERSON COUNTY,213,74 Years,1049,496,553,932,436,496,43,22,21,3,1,2,22,10,12,49,27,22
HENDERSON COUNTY,213,75 Years,1049,486,563,944,432,512,40,19,21,5,2,3,18,8,10,42,25,17
HENDERSON COUNTY,213,76 Years,885,415,470,794,374,420,34,12,22,4,2,2,14,8,6,39,19,20
HENDERSON COUNTY,213,77 Years,810,386,424,729,346,383,31,11,20,2,1,1,12,7,5,36,21,15
HENDERSON COUNTY,213,78 Years,755,358,397,685,324,361,30,10,20,1,0,1,9,6,3,30,18,12
HENDERSON COUNTY,213,79 Years,727,338,389,660,302,358,30,12,18,2,2,0,10,7,3,25,15,10
HENDERSON COUNTY,213,80 Years,673,307,366,609,274,335,29,12,17,4,3,1,9,6,3,22,12,10
HENDERSON COUNTY,213,81 Years,598,269,329,543,246,297,25,10,15,3,2,1,10,6,4,17,5,12
HENDERSON COUNTY,213,82 Years,530,239,291,484,222,262,21,8,13,0,0,0,8,4,4,17,5,12
HENDERSON COUNTY,213,83 Years,504,229,275,469,214,255,19,9,10,0,0,0,5,3,2,11,3,8
HENDERSON COUNTY,213,84 Years,444,209,235,410,194,216,17,7,10,0,0,0,7,4,3,10,4,6
HENDERSON COUNTY,213,85 Years,368,162,206,340,150,190,13,6,7,0,0,0,5,2,3,10,4,6
HENDERSON COUNTY,213,86 Years,335,147,188,312,136,176,10,5,5,0,0,0,5,2,3,8,4,4
HENDERSON COUNTY,213,87 Years,297,124,173,275,114,161,11,5,6,0,0,0,3,1,2,8,4,4
HENDERSON COUNTY,213,88 Years,240,97,143,223,91,132,8,3,5,0,0,0,1,1,0,8,2,6
HENDERSON COUNTY,213,89 Years,202,81,121,188,77,111,6,1,5,1,1,0,1,1,0,6,1,5
HENDERSON COUNTY,213,90 Years,181,74,107,167,68,99,6,1,5,1,1,0,1,1,0,6,3,3
HENDERSON COUNTY,213,91 Years,148,57,91,135,52,83,6,2,4,0,0,0,1,0,1,6,3,3
HENDERSON COUNTY,213,92 Years,120,48,72,109,44,65,5,1,4,1,0,1,1,1,0,4,2,2
HENDERSON COUNTY,213,93 Years,91,35,56,84,32,52,5,2,3,0,0,0,1,0,1,1,1,0
HENDERSON COUNTY,213,94 Years,66,24,42,60,22,38,4,1,3,0,0,0,1,0,1,1,1,0
HENDERSON COUNTY,213,95 Years +,169,54,115,143,43,100,16,5,11,0,0,0,2,1,1,8,5,3
HIDALGO COUNTY,215,All Ages,903213,442128,461085,52361,26421,25940,3268,2054,1214,10249,5096,5153,2612,1316,1296,834723,407241,427482
HIDALGO COUNTY,215,< 1 Year,13453,6838,6615,445,223,222,28,14,14,73,39,34,76,40,36,12831,6522,6309
HIDALGO COUNTY,215,1 Years,13158,6705,6453,520,265,255,23,12,11,84,42,42,60,30,30,12471,6356,6115
HIDALGO COUNTY,215,2 Years,13102,6671,6431,524,266,258,22,12,10,81,41,40,61,31,30,12414,6321,6093
HIDALGO COUNTY,215,3 Years,14583,7407,7176,382,193,189,34,17,17,61,32,29,49,26,23,14057,7139,6918
HIDALGO COUNTY,215,4 Years,15051,7623,7428,347,179,168,40,23,17,59,32,27,44,23,21,14561,7366,7195
HIDALGO COUNTY,215,5 Years,15402,7780,7622,379,194,185,43,25,18,70,39,31,48,24,24,14862,7498,7364
HIDALGO COUNTY,215,6 Years,16030,8106,7924,435,218,217,42,23,19,79,46,33,52,28,24,15422,7791,7631
HIDALGO COUNTY,215,7 Years,16807,8585,8222,474,238,236,40,21,19,91,52,39,59,29,30,16143,8245,7898
HIDALGO COUNTY,215,8 Years,17184,8827,8357,469,242,227,52,26,26,96,49,47,53,22,31,16514,8488,8026
HIDALGO COUNTY,215,9 Years,17332,8925,8407,460,247,213,61,29,32,107,52,55,52,20,32,16652,8577,8075
HIDALGO COUNTY,215,10 Years,17330,8914,8416,471,249,222,64,30,34,113,57,56,54,21,33,16628,8557,8071
HIDALGO COUNTY,215,11 Years,17405,8932,8473,483,245,238,68,28,40,122,67,55,52,21,31,16680,8571,8109
HIDALGO COUNTY,215,12 Years,16056,8104,7952,441,214,227,54,20,34,118,62,56,43,22,21,15400,7786,7614
HIDALGO COUNTY,215,13 Years,15453,7791,7662,544,283,261,46,18,28,128,65,63,41,23,18,14694,7402,7292
HIDALGO COUNTY,215,14 Years,15446,7766,7680,565,289,276,39,20,19,137,72,65,45,26,19,14660,7359,7301
HIDALGO COUNTY,215,15 Years,15358,7657,7701,535,275,260,46,25,21,132,78,54,50,31,19,14595,7248,7347
HIDALGO COUNTY,215,16 Years,15231,7635,7596,495,254,241,52,26,26,137,83,54,43,26,17,14504,7246,7258
HIDALGO COUNTY,215,17 Years,15211,7706,7505,435,220,215,50,23,27,136,78,58,41,23,18,14549,7362,7187
HIDALGO COUNTY,215,18 Years,15157,7683,7474,479,249,230,67,41,26,142,76,66,39,21,18,14430,7296,7134
HIDALGO COUNTY,215,19 Years,14897,7512,7385,488,253,235,59,41,18,149,84,65,39,20,19,14162,7114,7048
HIDALGO COUNTY,215,20 Years,14771,7434,7337,493,255,238,63,39,24,172,100,72,39,19,20,14004,7021,6983
HIDALGO COUNTY,215,21 Years,15032,7528,7504,471,255,216,73,45,28,184,102,82,42,22,20,14262,7104,7158
HIDALGO COUNTY,215,22 Years,15788,7967,7821,467,263,204,72,51,21,210,117,93,43,22,21,14996,7514,7482
HIDALGO COUNTY,215,23 Years,14189,7201,6988,399,215,184,57,41,16,177,105,72,32,13,19,13524,6827,6697
HIDALGO COUNTY,215,24 Years,13334,6779,6555,412,233,179,61,41,20,164,94,70,34,18,16,12663,6393,6270
HIDALGO COUNTY,215,25 Years,13410,6731,6679,429,241,188,55,31,24,184,103,81,31,19,12,12711,6337,6374
HIDALGO COUNTY,215,26 Years,13415,6706,6709,473,273,200,68,47,21,180,98,82,36,19,17,12658,6269,6389
HIDALGO COUNTY,215,27 Years,13269,6666,6603,523,257,266,60,35,25,175,96,79,37,14,23,12474,6264,6210
HIDALGO COUNTY,215,28 Years,13144,6672,6472,522,267,255,83,58,25,130,67,63,46,19,27,12363,6261,6102
HIDALGO COUNTY,215,29 Years,13171,6689,6482,502,289,213,78,58,20,120,67,53,41,22,19,12430,6253,6177
HIDALGO COUNTY,215,30 Years,12958,6517,6441,522,283,239,60,45,15,123,66,57,35,18,17,12218,6105,6113
HIDALGO COUNTY,215,31 Years,11890,5950,5940,485,252,233,48,35,13,101,42,59,47,21,26,11209,5600,5609
HIDALGO COUNTY,215,32 Years,11117,5637,5480,481,249,232,49,33,16,99,35,64,35,17,18,10453,5303,5150
HIDALGO COUNTY,215,33 Years,10826,5427,5399,487,250,237,52,30,22,117,53,64,28,17,11,10142,5077,5065
HIDALGO COUNTY,215,34 Years,10575,5359,5216,481,250,231,54,33,21,90,44,46,28,15,13,9922,5017,4905
HIDALGO COUNTY,215,35 Years,10438,5334,5104,476,264,212,55,37,18,116,52,64,26,12,14,9765,4969,4796
HIDALGO COUNTY,215,36 Years,10506,5346,5160,474,275,199,62,45,17,151,68,83,33,17,16,9786,4941,4845
HIDALGO COUNTY,215,37 Years,10601,5311,5290,457,267,190,65,44,21,162,78,84,31,14,17,9886,4908,4978
HIDALGO COUNTY,215,38 Years,10304,5131,5173,474,271,203,52,37,15,136,71,65,31,15,16,9611,4737,4874
HIDALGO COUNTY,215,39 Years,10390,5162,5228,447,250,197,56,38,18,112,61,51,32,18,14,9743,4795,4948
HIDALGO COUNTY,215,40 Years,10576,5185,5391,438,225,213,53,44,9,119,55,64,30,20,10,9936,4841,5095
HIDALGO COUNTY,215,41 Years,10802,5253,5549,465,235,230,42,36,6,127,58,69,31,18,13,10137,4906,5231
HIDALGO COUNTY,215,42 Years,10848,5325,5523,467,247,220,48,38,10,139,63,76,28,15,13,10166,4962,5204
HIDALGO COUNTY,215,43 Years,10488,5143,5345,474,268,206,39,25,14,135,58,77,21,15,6,9819,4777,5042
HIDALGO COUNTY,215,44 Years,10419,5031,5388,436,232,204,40,25,15,127,54,73,23,14,9,9793,4706,5087
HIDALGO COUNTY,215,45 Years,10627,5081,5546,416,214,202,38,25,13,158,79,79,26,17,9,9989,4746,5243
HIDALGO COUNTY,215,46 Years,10669,5106,5563,422,221,201,40,25,15,155,80,75,22,14,8,10030,4766,5264
HIDALGO COUNTY,215,47 Years,10760,5174,5586,429,221,208,54,35,19,177,87,90,20,10,10,10080,4821,5259
HIDALGO COUNTY,215,48 Years,10645,5137,5508,426,219,207,40,29,11,172,82,90,28,11,17,9979,4796,5183
HIDALGO COUNTY,215,49 Years,10567,5072,5495,433,229,204,46,37,9,191,82,109,22,10,12,9875,4714,5161
HIDALGO COUNTY,215,50 Years,10405,4886,5519,468,254,214,5,1,4,196,87,109,21,7,14,9715,4537,5178
HIDALGO COUNTY,215,51 Years,10240,4828,5412,488,256,232,8,2,6,188,103,85,27,14,13,9529,4453,5076
HIDALGO COUNTY,215,52 Years,10177,4812,5365,505,271,234,5,0,5,192,93,99,28,15,13,9447,4433,5014
HIDALGO COUNTY,215,53 Years,9654,4552,5102,495,275,220,28,22,6,193,85,108,20,11,9,8918,4159,4759
HIDALGO COUNTY,215,54 Years,9218,4300,4918,472,261,211,39,29,10,183,79,104,19,10,9,8505,3921,4584
HIDALGO COUNTY,215,55 Years,8917,4147,4770,476,240,236,38,27,11,162,66,96,17,8,9,8224,3806,4418
HIDALGO COUNTY,215,56 Years,8766,4113,4653,491,267,224,38,25,13,148,56,92,19,7,12,8070,3758,4312
HIDALGO COUNTY,215,57 Years,8582,4031,4551,529,280,249,34,24,10,135,62,73,23,9,14,7861,3656,4205
HIDALGO COUNTY,215,58 Years,8157,3819,4338,538,264,274,28,20,8,143,71,72,21,10,11,7427,3454,3973
HIDALGO COUNTY,215,59 Years,7968,3774,4194,540,272,268,31,21,10,127,66,61,20,11,9,7250,3404,3846
HIDALGO COUNTY,215,60 Years,7841,3702,4139,561,290,271,30,20,10,133,66,67,24,13,11,7093,3313,3780
HIDALGO COUNTY,215,61 Years,7662,3543,4119,603,305,298,29,20,9,150,62,88,22,12,10,6858,3144,3714
HIDALGO COUNTY,215,62 Years,7549,3472,4077,633,311,322,44,33,11,134,55,79,20,10,10,6718,3063,3655
HIDALGO COUNTY,215,63 Years,7131,3283,3848,610,295,315,33,25,8,133,64,69,17,11,6,6338,2888,3450
HIDALGO COUNTY,215,64 Years,6926,3153,3773,617,298,319,26,17,9,143,67,76,17,9,8,6123,2762,3361
HIDALGO COUNTY,215,65 Years,6792,3087,3705,644,307,337,27,19,8,141,71,70,19,9,10,5961,2681,3280
HIDALGO COUNTY,215,66 Years,6597,2981,3616,645,300,345,25,17,8,137,65,72,20,10,10,5770,2589,3181
HIDALGO COUNTY,215,67 Years,6500,2909,3591,709,327,382,23,16,7,125,59,66,18,8,10,5625,2499,3126
HIDALGO COUNTY,215,68 Years,6060,2727,3333,776,367,409,13,9,4,114,57,57,15,6,9,5142,2288,2854
HIDALGO COUNTY,215,69 Years,5893,2653,3240,810,381,429,14,8,6,100,52,48,19,7,12,4950,2205,2745
HIDALGO COUNTY,215,70 Years,5637,2523,3114,830,387,443,15,9,6,95,49,46,21,10,11,4676,2068,2608
HIDALGO COUNTY,215,71 Years,5558,2480,3078,818,386,432,14,9,5,78,39,39,19,8,11,4629,2038,2591
HIDALGO COUNTY,215,72 Years,5558,2467,3091,840,399,441,15,9,6,77,39,38,19,9,10,4607,2011,2596
HIDALGO COUNTY,215,73 Years,5491,2441,3050,965,452,513,16,8,8,63,32,31,18,9,9,4429,1940,2489
HIDALGO COUNTY,215,74 Years,5306,2374,2932,1060,515,545,12,5,7,64,31,33,16,9,7,4154,1814,2340
HIDALGO COUNTY,215,75 Years,5096,2278,2818,1063,512,551,15,8,7,55,25,30,21,10,11,3942,1723,2219
HIDALGO COUNTY,215,76 Years,4533,2023,2510,923,452,471,12,6,6,37,17,20,15,6,9,3546,1542,2004
HIDALGO COUNTY,215,77 Years,4158,1817,2341,904,435,469,10,6,4,32,14,18,13,6,7,3199,1356,1843
HIDALGO COUNTY,215,78 Years,4019,1736,2283,999,472,527,9,6,3,19,8,11,13,7,6,2979,1243,1736
HIDALGO COUNTY,215,79 Years,3748,1607,2141,1033,489,544,7,3,4,17,9,8,11,7,4,2680,1099,1581
HIDALGO COUNTY,215,80 Years,3348,1435,1913,914,441,473,6,4,2,26,12,14,10,5,5,2392,973,1419
HIDALGO COUNTY,215,81 Years,3023,1281,1742,827,399,428,5,3,2,25,12,13,9,3,6,2157,864,1293
HIDALGO COUNTY,215,82 Years,2813,1193,1620,774,363,411,4,2,2,23,11,12,7,3,4,2005,814,1191
HIDALGO COUNTY,215,83 Years,2597,1106,1491,774,360,414,4,2,2,20,9,11,6,3,3,1793,732,1061
HIDALGO COUNTY,215,84 Years,2358,970,1388,692,319,373,4,2,2,19,8,11,6,3,3,1637,638,999
HIDALGO COUNTY,215,85 Years,2129,860,1269,623,291,332,3,1,2,16,5,11,8,4,4,1479,559,920
HIDALGO COUNTY,215,86 Years,1886,755,1131,547,260,287,2,0,2,17,6,11,7,3,4,1313,486,827
HIDALGO COUNTY,215,87 Years,1682,670,1012,467,225,242,2,0,2,16,6,10,6,3,3,1191,436,755
HIDALGO COUNTY,215,88 Years,1479,602,877,460,233,227,0,0,0,12,4,8,5,2,3,1002,363,639
HIDALGO COUNTY,215,89 Years,1252,504,748,418,207,211,0,0,0,10,3,7,4,1,3,820,293,527
HIDALGO COUNTY,215,90 Years,1094,436,658,370,177,193,0,0,0,6,2,4,3,1,2,715,256,459
HIDALGO COUNTY,215,91 Years,953,375,578,307,145,162,0,0,0,5,2,3,2,1,1,639,227,412
HIDALGO COUNTY,215,92 Years,802,309,493,249,121,128,0,0,0,5,0,5,2,1,1,546,187,359
HIDALGO COUNTY,215,93 Years,637,236,401,192,91,101,0,0,0,4,0,4,1,0,1,440,145,295
HIDALGO COUNTY,215,94 Years,501,180,321,140,64,76,0,0,0,3,1,2,1,1,0,357,114,243
HIDALGO COUNTY,215,95 Years +,1345,477,868,310,139,171,2,0,2,10,3,7,4,2,2,1019,333,686
HILL COUNTY,217,All Ages,38165,19061,19104,25781,12678,13103,2444,1202,1242,149,54,95,928,489,439,8863,4638,4225
HILL COUNTY,217,< 1 Year,442,229,213,227,116,111,28,14,14,4,2,2,23,13,10,160,84,76
HILL COUNTY,217,1 Years,423,216,207,210,106,104,29,15,14,4,2,2,19,10,9,161,83,78
HILL COUNTY,217,2 Years,426,217,209,214,109,105,30,16,14,3,1,2,18,9,9,161,82,79
HILL COUNTY,217,3 Years,462,234,228,259,127,132,27,13,14,0,0,0,20,14,6,156,80,76
HILL COUNTY,217,4 Years,466,244,222,260,131,129,27,13,14,1,1,0,24,17,7,154,82,72
HILL COUNTY,217,5 Years,462,244,218,253,135,118,30,16,14,2,1,1,23,13,10,154,79,75
HILL COUNTY,217,6 Years,461,253,208,239,133,106,33,19,14,2,1,1,25,13,12,162,87,75
HILL COUNTY,217,7 Years,470,255,215,238,133,105,32,17,15,4,1,3,22,9,13,174,95,79
HILL COUNTY,217,8 Years,467,248,219,249,140,109,30,12,18,4,1,3,24,14,10,160,81,79
HILL COUNTY,217,9 Years,470,249,221,256,143,113,32,12,20,3,1,2,25,14,11,154,79,75
HILL COUNTY,217,10 Years,479,257,222,263,144,119,29,14,15,2,1,1,24,15,9,161,83,78
HILL COUNTY,217,11 Years,496,259,237,276,148,128,31,14,17,1,0,1,20,11,9,168,86,82
HILL COUNTY,217,12 Years,512,266,246,288,145,143,31,16,15,0,0,0,16,8,8,177,97,80
HILL COUNTY,217,13 Years,506,239,267,276,127,149,36,19,17,0,0,0,20,10,10,174,83,91
HILL COUNTY,217,14 Years,518,241,277,286,139,147,32,16,16,0,0,0,18,7,11,182,79,103
HILL COUNTY,217,15 Years,530,256,274,302,146,156,34,18,16,0,0,0,14,9,5,180,83,97
HILL COUNTY,217,16 Years,523,254,269,307,155,152,37,17,20,0,0,0,15,8,7,164,74,90
HILL COUNTY,217,17 Years,521,273,248,295,158,137,42,21,21,0,0,0,18,10,8,166,84,82
HILL COUNTY,217,18 Years,519,278,241,291,156,135,34,17,17,0,0,0,19,13,6,175,92,83
HILL COUNTY,217,19 Years,492,248,244,274,140,134,30,13,17,1,1,0,15,9,6,172,85,87
HILL COUNTY,217,20 Years,522,265,257,284,139,145,43,24,19,1,1,0,18,9,9,176,92,84
HILL COUNTY,217,21 Years,518,269,249,274,141,133,56,29,27,3,1,2,16,8,8,169,90,79
HILL COUNTY,217,22 Years,470,253,217,254,137,117,52,33,19,4,1,3,11,6,5,149,76,73
HILL COUNTY,217,23 Years,425,232,193,237,129,108,38,27,11,5,1,4,12,5,7,133,70,63
HILL COUNTY,217,24 Years,412,212,200,239,123,116,28,16,12,3,2,1,13,8,5,129,63,66
HILL COUNTY,217,25 Years,437,216,221,258,132,126,38,18,20,1,1,0,15,7,8,125,58,67
HILL COUNTY,217,26 Years,448,233,215,262,138,124,46,23,23,2,2,0,15,6,9,123,64,59
HILL COUNTY,217,27 Years,422,220,202,249,129,120,40,23,17,1,1,0,10,4,6,122,63,59
HILL COUNTY,217,28 Years,370,205,165,213,118,95,25,16,9,3,1,2,9,3,6,120,67,53
HILL COUNTY,217,29 Years,361,194,167,212,113,99,27,15,12,1,0,1,10,4,6,111,62,49
HILL COUNTY,217,30 Years,390,222,168,232,128,104,35,23,12,3,1,2,6,2,4,114,68,46
HILL COUNTY,217,31 Years,457,242,215,273,137,136,36,23,13,7,1,6,6,4,2,135,77,58
HILL COUNTY,217,32 Years,451,211,240,278,125,153,35,19,16,4,1,3,7,3,4,127,63,64
HILL COUNTY,217,33 Years,423,201,222,269,126,143,33,18,15,3,1,2,10,4,6,108,52,56
HILL COUNTY,217,34 Years,429,201,228,270,128,142,35,19,16,2,0,2,12,4,8,110,50,60
HILL COUNTY,217,35 Years,424,206,218,269,131,138,33,18,15,3,0,3,6,3,3,113,54,59
HILL COUNTY,217,36 Years,436,216,220,288,136,152,27,15,12,2,0,2,8,6,2,111,59,52
HILL COUNTY,217,37 Years,415,204,211,279,136,143,21,9,12,2,0,2,7,3,4,106,56,50
HILL COUNTY,217,38 Years,428,208,220,277,131,146,25,11,14,1,0,1,4,2,2,121,64,57
HILL COUNTY,217,39 Years,435,213,222,280,126,154,29,15,14,2,1,1,5,4,1,119,67,52
HILL COUNTY,217,40 Years,419,211,208,275,129,146,24,16,8,2,1,1,4,2,2,114,63,51
HILL COUNTY,217,41 Years,449,235,214,292,144,148,24,14,10,2,1,1,6,3,3,125,73,52
HILL COUNTY,217,42 Years,452,230,222,284,142,142,31,12,19,2,0,2,7,4,3,128,72,56
HILL COUNTY,217,43 Years,406,210,196,261,133,128,29,15,14,2,1,1,10,6,4,104,55,49
HILL COUNTY,217,44 Years,390,204,186,247,135,112,25,11,14,2,1,1,9,4,5,107,53,54
HILL COUNTY,217,45 Years,401,212,189,261,146,115,25,10,15,2,1,1,8,4,4,105,51,54
HILL COUNTY,217,46 Years,385,188,197,259,130,129,21,6,15,2,0,2,7,1,6,96,51,45
HILL COUNTY,217,47 Years,393,191,202,277,137,140,24,8,16,1,0,1,9,5,4,82,41,41
HILL COUNTY,217,48 Years,387,190,197,261,126,135,24,11,13,1,0,1,9,4,5,92,49,43
HILL COUNTY,217,49 Years,387,187,200,264,126,138,23,11,12,1,0,1,6,2,4,93,48,45
HILL COUNTY,217,50 Years,418,200,218,292,137,155,23,12,11,1,0,1,3,1,2,99,50,49
HILL COUNTY,217,51 Years,442,224,218,310,150,160,29,16,13,1,0,1,4,2,2,98,56,42
HILL COUNTY,217,52 Years,466,238,228,334,165,169,29,15,14,1,0,1,9,5,4,93,53,40
HILL COUNTY,217,53 Years,459,220,239,336,157,179,27,11,16,1,0,1,8,5,3,87,47,40
HILL COUNTY,217,54 Years,462,229,233,331,163,168,34,12,22,2,1,1,11,8,3,84,45,39
HILL COUNTY,217,55 Years,428,218,210,306,153,153,30,11,19,1,1,0,12,8,4,79,45,34
HILL COUNTY,217,56 Years,456,227,229,337,172,165,26,9,17,1,0,1,7,4,3,85,42,43
HILL COUNTY,217,57 Years,482,232,250,355,172,183,30,14,16,1,1,0,8,5,3,88,40,48
HILL COUNTY,217,58 Years,494,248,246,365,175,190,35,20,15,1,1,0,8,4,4,85,48,37
HILL COUNTY,217,59 Years,519,265,254,392,189,203,33,17,16,1,1,0,6,4,2,87,54,33
HILL COUNTY,217,60 Years,537,260,277,416,192,224,28,11,17,3,1,2,3,1,2,87,55,32
HILL COUNTY,217,61 Years,556,256,300,426,187,239,31,13,18,4,2,2,11,6,5,84,48,36
HILL COUNTY,217,62 Years,563,278,285,436,215,221,38,17,21,3,1,2,9,4,5,77,41,36
HILL COUNTY,217,63 Years,530,258,272,416,201,215,33,12,21,2,1,1,8,4,4,71,40,31
HILL COUNTY,217,64 Years,525,253,272,417,198,219,31,13,18,1,1,0,7,3,4,69,38,31
HILL COUNTY,217,65 Years,536,262,274,425,205,220,28,13,15,1,1,0,10,5,5,72,38,34
HILL COUNTY,217,66 Years,507,238,269,407,184,223,23,9,14,3,1,2,9,6,3,65,38,27
HILL COUNTY,217,67 Years,527,253,274,435,203,232,26,13,13,1,0,1,8,4,4,57,33,24
HILL COUNTY,217,68 Years,500,249,251,422,208,214,24,12,12,1,0,1,7,4,3,46,25,21
HILL COUNTY,217,69 Years,452,232,220,386,196,190,18,9,9,2,1,1,9,4,5,37,22,15
HILL COUNTY,217,70 Years,436,217,219,376,185,191,21,10,11,3,1,2,8,3,5,28,18,10
HILL COUNTY,217,71 Years,428,205,223,357,169,188,26,12,14,1,0,1,4,0,4,40,24,16
HILL COUNTY,217,72 Years,461,223,238,386,183,203,25,11,14,2,1,1,5,3,2,43,25,18
HILL COUNTY,217,73 Years,439,207,232,366,166,200,25,14,11,2,1,1,4,3,1,42,23,19
HILL COUNTY,217,74 Years,416,199,217,355,168,187,21,11,10,2,0,2,6,3,3,32,17,15
HILL COUNTY,217,75 Years,425,206,219,366,173,193,17,9,8,1,1,0,9,5,4,32,18,14
HILL COUNTY,217,76 Years,353,182,171,300,152,148,17,9,8,1,0,1,6,4,2,29,17,12
HILL COUNTY,217,77 Years,323,159,164,274,134,140,19,10,9,1,0,1,5,3,2,24,12,12
HILL COUNTY,217,78 Years,323,158,165,284,139,145,13,5,8,0,0,0,4,2,2,22,12,10
HILL COUNTY,217,79 Years,304,148,156,275,134,141,9,3,6,0,0,0,4,2,2,16,9,7
HILL COUNTY,217,80 Years,261,130,131,232,118,114,10,3,7,1,0,1,3,1,2,15,8,7
HILL COUNTY,217,81 Years,232,116,116,203,102,101,10,4,6,1,1,0,3,2,1,15,7,8
HILL COUNTY,217,82 Years,212,100,112,185,88,97,8,3,5,0,0,0,3,2,1,16,7,9
HILL COUNTY,217,83 Years,185,91,94,162,82,80,7,2,5,0,0,0,5,3,2,11,4,7
HILL COUNTY,217,84 Years,171,84,87,152,75,77,7,2,5,1,1,0,3,2,1,8,4,4
HILL COUNTY,217,85 Years,147,67,80,130,61,69,7,2,5,0,0,0,3,2,1,7,2,5
HILL COUNTY,217,86 Years,120,53,67,102,46,56,7,2,5,0,0,0,5,2,3,6,3,3
HILL COUNTY,217,87 Years,114,45,69,97,39,58,8,3,5,0,0,0,3,0,3,6,3,3
HILL COUNTY,217,88 Years,106,40,66,94,35,59,4,2,2,0,0,0,2,1,1,6,2,4
HILL COUNTY,217,89 Years,88,31,57,80,29,51,2,0,2,0,0,0,1,1,0,5,1,4
HILL COUNTY,217,90 Years,75,25,50,67,21,46,2,1,1,0,0,0,2,1,1,4,2,2
HILL COUNTY,217,91 Years,65,22,43,58,19,39,3,1,2,0,0,0,1,0,1,3,2,1
HILL COUNTY,217,92 Years,56,19,37,48,16,32,3,1,2,0,0,0,1,0,1,4,2,2
HILL COUNTY,217,93 Years,50,17,33,40,13,27,3,1,2,0,0,0,2,1,1,5,2,3
HILL COUNTY,217,94 Years,35,11,24,30,9,21,2,0,2,0,0,0,0,0,0,3,2,1
HILL COUNTY,217,95 Years +,94,25,69,77,18,59,6,2,4,0,0,0,2,0,2,9,5,4
HOCKLEY COUNTY,219,All Ages,21358,10608,10750,9152,4462,4690,862,421,441,66,36,30,336,194,142,10942,5495,5447
HOCKLEY COUNTY,219,< 1 Year,300,146,154,90,45,45,12,6,6,2,0,2,8,4,4,188,91,97
HOCKLEY COUNTY,219,1 Years,301,153,148,93,47,46,15,7,8,1,1,0,7,4,3,185,94,91
HOCKLEY COUNTY,219,2 Years,300,152,148,94,48,46,13,6,7,1,0,1,7,4,3,185,94,91
HOCKLEY COUNTY,219,3 Years,306,153,153,91,49,42,10,4,6,0,0,0,9,5,4,196,95,101
HOCKLEY COUNTY,219,4 Years,306,156,150,90,49,41,10,4,6,0,0,0,11,8,3,195,95,100
HOCKLEY COUNTY,219,5 Years,305,157,148,89,45,44,9,4,5,0,0,0,10,7,3,197,101,96
HOCKLEY COUNTY,219,6 Years,311,157,154,90,42,48,9,4,5,0,0,0,7,6,1,205,105,100
HOCKLEY COUNTY,219,7 Years,311,157,154,91,42,49,12,2,10,0,0,0,6,4,2,202,109,93
HOCKLEY COUNTY,219,8 Years,302,156,146,98,49,49,8,2,6,1,0,1,6,3,3,189,102,87
HOCKLEY COUNTY,219,9 Years,304,162,142,99,52,47,10,4,6,1,0,1,6,3,3,188,103,85
HOCKLEY COUNTY,219,10 Years,305,166,139,97,52,45,10,6,4,0,0,0,6,4,2,192,104,88
HOCKLEY COUNTY,219,11 Years,311,165,146,96,51,45,11,6,5,0,0,0,6,5,1,198,103,95
HOCKLEY COUNTY,219,12 Years,294,154,140,92,52,40,10,5,5,0,0,0,7,5,2,185,92,93
HOCKLEY COUNTY,219,13 Years,298,154,144,95,55,40,11,6,5,0,0,0,6,4,2,186,89,97
HOCKLEY COUNTY,219,14 Years,315,158,157,105,54,51,10,4,6,1,1,0,6,4,2,193,95,98
HOCKLEY COUNTY,219,15 Years,310,158,152,98,50,48,11,5,6,1,1,0,6,3,3,194,99,95
HOCKLEY COUNTY,219,16 Years,313,161,152,99,55,44,9,3,6,0,0,0,6,3,3,199,100,99
HOCKLEY COUNTY,219,17 Years,314,161,153,104,55,49,8,3,5,1,1,0,5,3,2,196,99,97
HOCKLEY COUNTY,219,18 Years,346,170,176,117,58,59,19,10,9,2,1,1,4,3,1,204,98,106
HOCKLEY COUNTY,219,19 Years,358,170,188,119,52,67,24,11,13,1,0,1,5,1,4,209,106,103
HOCKLEY COUNTY,219,20 Years,353,174,179,129,57,72,19,9,10,0,0,0,8,4,4,197,104,93
HOCKLEY COUNTY,219,21 Years,427,222,205,165,87,78,35,15,20,0,0,0,7,4,3,220,116,104
HOCKLEY COUNTY,219,22 Years,433,220,213,150,81,69,50,23,27,0,0,0,6,4,2,227,112,115
HOCKLEY COUNTY,219,23 Years,391,211,180,138,78,60,42,22,20,2,0,2,8,6,2,201,105,96
HOCKLEY COUNTY,219,24 Years,329,183,146,121,68,53,29,17,12,3,0,3,6,5,1,170,93,77
HOCKLEY COUNTY,219,25 Years,268,138,130,98,50,48,14,9,5,1,0,1,8,6,2,147,73,74
HOCKLEY COUNTY,219,26 Years,245,123,122,89,46,43,9,5,4,0,0,0,8,5,3,139,67,72
HOCKLEY COUNTY,219,27 Years,268,143,125,95,48,47,12,7,5,4,4,0,4,3,1,153,81,72
HOCKLEY COUNTY,219,28 Years,245,137,108,92,49,43,11,5,6,1,1,0,2,2,0,139,80,59
HOCKLEY COUNTY,219,29 Years,253,145,108,96,53,43,7,4,3,0,0,0,2,2,0,148,86,62
HOCKLEY COUNTY,219,30 Years,259,142,117,97,50,47,7,3,4,1,0,1,3,2,1,151,87,64
HOCKLEY COUNTY,219,31 Years,284,148,136,107,52,55,12,5,7,1,0,1,3,2,1,161,89,72
HOCKLEY COUNTY,219,32 Years,287,147,140,113,54,59,11,6,5,2,1,1,4,3,1,157,83,74
HOCKLEY COUNTY,219,33 Years,268,144,124,106,53,53,8,6,2,1,1,0,4,3,1,149,81,68
HOCKLEY COUNTY,219,34 Years,263,137,126,101,49,52,10,6,4,0,0,0,3,2,1,149,80,69
HOCKLEY COUNTY,219,35 Years,275,141,134,112,52,60,11,8,3,1,1,0,4,3,1,147,77,70
HOCKLEY COUNTY,219,36 Years,293,152,141,112,54,58,11,8,3,1,1,0,2,1,1,167,88,79
HOCKLEY COUNTY,219,37 Years,277,145,132,106,56,50,7,5,2,2,0,2,0,0,0,162,84,78
HOCKLEY COUNTY,219,38 Years,277,135,142,104,53,51,9,3,6,1,0,1,1,1,0,162,78,84
HOCKLEY COUNTY,219,39 Years,274,134,140,102,50,52,11,6,5,0,0,0,2,1,1,159,77,82
HOCKLEY COUNTY,219,40 Years,266,131,135,105,52,53,7,4,3,0,0,0,2,1,1,152,74,78
HOCKLEY COUNTY,219,41 Years,255,126,129,108,55,53,5,3,2,0,0,0,3,1,2,139,67,72
HOCKLEY COUNTY,219,42 Years,264,134,130,106,53,53,6,3,3,1,1,0,5,2,3,146,75,71
HOCKLEY COUNTY,219,43 Years,266,125,141,108,50,58,6,3,3,1,1,0,3,1,2,148,70,78
HOCKLEY COUNTY,219,44 Years,245,117,128,98,46,52,6,3,3,2,1,1,1,1,0,138,66,72
HOCKLEY COUNTY,219,45 Years,230,108,122,94,42,52,6,2,4,2,1,1,2,2,0,126,61,65
HOCKLEY COUNTY,219,46 Years,229,110,119,98,47,51,6,2,4,2,1,1,2,2,0,121,58,63
HOCKLEY COUNTY,219,47 Years,225,115,110,103,50,53,5,4,1,2,1,1,3,2,1,112,58,54
HOCKLEY COUNTY,219,48 Years,201,102,99,99,48,51,5,4,1,1,0,1,2,1,1,94,49,45
HOCKLEY COUNTY,219,49 Years,204,98,106,90,41,49,5,2,3,2,2,0,2,1,1,105,52,53
HOCKLEY COUNTY,219,50 Years,223,108,115,110,51,59,3,0,3,1,1,0,2,1,1,107,55,52
HOCKLEY COUNTY,219,51 Years,223,106,117,109,49,60,4,2,2,2,2,0,2,1,1,106,52,54
HOCKLEY COUNTY,219,52 Years,224,109,115,108,53,55,8,4,4,2,2,0,3,1,2,103,49,54
HOCKLEY COUNTY,219,53 Years,208,101,107,110,54,56,6,2,4,2,2,0,1,0,1,89,43,46
HOCKLEY COUNTY,219,54 Years,205,97,108,102,48,54,9,4,5,2,1,1,2,1,1,90,43,47
HOCKLEY COUNTY,219,55 Years,190,84,106,93,41,52,9,5,4,1,0,1,3,1,2,84,37,47
HOCKLEY COUNTY,219,56 Years,203,98,105,104,50,54,11,7,4,1,0,1,4,1,3,83,40,43
HOCKLEY COUNTY,219,57 Years,233,117,116,115,56,59,13,8,5,2,1,1,3,1,2,100,51,49
HOCKLEY COUNTY,219,58 Years,240,115,125,116,58,58,8,4,4,1,0,1,4,1,3,111,52,59
HOCKLEY COUNTY,219,59 Years,248,113,135,119,55,64,9,3,6,0,0,0,4,0,4,116,55,61
HOCKLEY COUNTY,219,60 Years,256,123,133,132,62,70,12,5,7,1,1,0,4,1,3,107,54,53
HOCKLEY COUNTY,219,61 Years,255,109,146,139,63,76,11,4,7,0,0,0,4,2,2,101,40,61
HOCKLEY COUNTY,219,62 Years,248,111,137,144,68,76,8,3,5,0,0,0,4,2,2,92,38,54
HOCKLEY COUNTY,219,63 Years,233,117,116,132,65,67,6,3,3,1,1,0,3,2,1,91,46,45
HOCKLEY COUNTY,219,64 Years,233,116,117,134,65,69,7,3,4,1,1,0,3,2,1,88,45,43
HOCKLEY COUNTY,219,65 Years,224,111,113,123,60,63,13,7,6,0,0,0,4,3,1,84,41,43
HOCKLEY COUNTY,219,66 Years,239,124,115,139,71,68,12,7,5,1,1,0,2,2,0,85,43,42
HOCKLEY COUNTY,219,67 Years,225,119,106,138,71,67,9,6,3,1,1,0,1,0,1,76,41,35
HOCKLEY COUNTY,219,68 Years,201,100,101,120,57,63,10,6,4,0,0,0,1,0,1,70,37,33
HOCKLEY COUNTY,219,69 Years,202,97,105,125,59,66,10,5,5,0,0,0,3,1,2,64,32,32
HOCKLEY COUNTY,219,70 Years,195,95,100,128,61,67,9,5,4,0,0,0,2,1,1,56,28,28
HOCKLEY COUNTY,219,71 Years,181,85,96,115,56,59,9,3,6,0,0,0,2,0,2,55,26,29
HOCKLEY COUNTY,219,72 Years,163,82,81,102,54,48,6,3,3,0,0,0,2,0,2,53,25,28
HOCKLEY COUNTY,219,73 Years,156,73,83,104,53,51,4,1,3,0,0,0,2,1,1,46,18,28
HOCKLEY COUNTY,219,74 Years,151,65,86,102,44,58,3,1,2,0,0,0,2,0,2,44,20,24
HOCKLEY COUNTY,219,75 Years,141,60,81,95,41,54,2,1,1,0,0,0,2,1,1,42,17,25
HOCKLEY COUNTY,219,76 Years,132,56,76,89,40,49,2,1,1,0,0,0,2,1,1,39,14,25
HOCKLEY COUNTY,219,77 Years,121,54,67,78,36,42,2,0,2,0,0,0,1,1,0,40,17,23
HOCKLEY COUNTY,219,78 Years,114,53,61,76,37,39,3,1,2,0,0,0,1,1,0,34,14,20
HOCKLEY COUNTY,219,79 Years,114,47,67,82,36,46,3,1,2,0,0,0,1,0,1,28,10,18
HOCKLEY COUNTY,219,80 Years,100,39,61,72,28,44,2,2,0,0,0,0,1,0,1,25,9,16
HOCKLEY COUNTY,219,81 Years,88,34,54,63,23,40,3,2,1,0,0,0,2,1,1,20,8,12
HOCKLEY COUNTY,219,82 Years,78,32,46,55,23,32,2,1,1,0,0,0,2,1,1,19,7,12
HOCKLEY COUNTY,219,83 Years,67,27,40,48,19,29,2,2,0,0,0,0,1,0,1,16,6,10
HOCKLEY COUNTY,219,84 Years,66,25,41,48,17,31,1,1,0,0,0,0,1,0,1,16,7,9
HOCKLEY COUNTY,219,85 Years,66,26,40,48,19,29,4,2,2,0,0,0,2,1,1,12,4,8
HOCKLEY COUNTY,219,86 Years,64,26,38,44,18,26,5,2,3,0,0,0,3,2,1,12,4,8
HOCKLEY COUNTY,219,87 Years,58,22,36,39,16,23,3,0,3,0,0,0,3,2,1,13,4,9
HOCKLEY COUNTY,219,88 Years,45,16,29,33,12,21,1,0,1,1,0,1,1,1,0,9,3,6
HOCKLEY COUNTY,219,89 Years,36,13,23,28,10,18,0,0,0,0,0,0,0,0,0,8,3,5
HOCKLEY COUNTY,219,90 Years,29,10,19,21,9,12,1,0,1,0,0,0,0,0,0,7,1,6
HOCKLEY COUNTY,219,91 Years,26,10,16,20,8,12,1,0,1,0,0,0,0,0,0,5,2,3
HOCKLEY COUNTY,219,92 Years,21,8,13,16,6,10,0,0,0,0,0,0,1,0,1,4,2,2
HOCKLEY COUNTY,219,93 Years,17,6,11,12,4,8,0,0,0,0,0,0,1,1,0,4,1,3
HOCKLEY COUNTY,219,94 Years,13,3,10,9,2,7,0,0,0,0,0,0,0,0,0,4,1,3
HOCKLEY COUNTY,219,95 Years +,39,13,26,24,8,16,3,0,3,0,0,0,0,0,0,12,5,7
HOOD COUNTY,221,All Ages,67655,32832,34823,56287,27131,29156,321,165,156,409,180,229,1203,634,569,9435,4722,4713
HOOD COUNTY,221,< 1 Year,616,313,303,398,202,196,9,4,5,5,3,2,32,17,15,172,87,85
HOOD COUNTY,221,1 Years,575,294,281,365,186,179,9,5,4,4,2,2,27,14,13,170,87,83
HOOD COUNTY,221,2 Years,571,289,282,365,186,179,8,4,4,5,2,3,26,12,14,167,85,82
HOOD COUNTY,221,3 Years,618,308,310,442,215,227,6,4,2,3,1,2,20,12,8,147,76,71
HOOD COUNTY,221,4 Years,659,321,338,486,233,253,4,2,2,3,1,2,18,10,8,148,75,73
HOOD COUNTY,221,5 Years,691,338,353,502,244,258,5,3,2,2,1,1,18,10,8,164,80,84
HOOD COUNTY,221,6 Years,745,374,371,534,272,262,3,1,2,3,1,2,23,13,10,182,87,95
HOOD COUNTY,221,7 Years,764,400,364,539,283,256,3,2,1,4,2,2,28,19,9,190,94,96
HOOD COUNTY,221,8 Years,799,431,368,577,308,269,2,2,0,7,4,3,28,16,12,185,101,84
HOOD COUNTY,221,9 Years,791,420,371,577,306,271,7,3,4,5,2,3,24,13,11,178,96,82
HOOD COUNTY,221,10 Years,785,405,380,578,302,276,9,3,6,4,2,2,20,12,8,174,86,88
HOOD COUNTY,221,11 Years,781,412,369,570,305,265,9,3,6,4,2,2,20,14,6,178,88,90
HOOD COUNTY,221,12 Years,781,408,373,565,300,265,2,1,1,3,0,3,21,14,7,190,93,97
HOOD COUNTY,221,13 Years,772,400,372,561,290,271,3,1,2,3,0,3,20,14,6,185,95,90
HOOD COUNTY,221,14 Years,823,405,418,603,302,301,4,2,2,6,4,2,18,9,9,192,88,104
HOOD COUNTY,221,15 Years,868,431,437,644,325,319,4,2,2,8,7,1,17,10,7,195,87,108
HOOD COUNTY,221,16 Years,845,442,403,624,333,291,10,5,5,6,4,2,21,13,8,184,87,97
HOOD COUNTY,221,17 Years,801,433,368,596,321,275,8,5,3,5,3,2,20,11,9,172,93,79
HOOD COUNTY,221,18 Years,779,399,380,563,279,284,4,3,1,7,5,2,16,8,8,189,104,85
HOOD COUNTY,221,19 Years,773,380,393,567,271,296,6,6,0,11,9,2,14,8,6,175,86,89
HOOD COUNTY,221,20 Years,722,358,364,538,270,268,7,5,2,8,5,3,18,9,9,151,69,82
HOOD COUNTY,221,21 Years,666,349,317,489,270,219,5,2,3,4,1,3,22,9,13,146,67,79
HOOD COUNTY,221,22 Years,658,336,322,486,262,224,6,3,3,5,2,3,19,10,9,142,59,83
HOOD COUNTY,221,23 Years,600,299,301,453,232,221,4,1,3,3,2,1,13,7,6,127,57,70
HOOD COUNTY,221,24 Years,583,281,302,451,215,236,3,2,1,3,2,1,12,7,5,114,55,59
HOOD COUNTY,221,25 Years,615,298,317,483,238,245,3,1,2,3,1,2,12,7,5,114,51,63
HOOD COUNTY,221,26 Years,641,328,313,507,265,242,2,1,1,3,1,2,15,9,6,114,52,62
HOOD COUNTY,221,27 Years,693,360,333,558,293,265,4,2,2,4,3,1,13,9,4,114,53,61
HOOD COUNTY,221,28 Years,676,334,342,539,268,271,6,2,4,4,2,2,16,12,4,111,50,61
HOOD COUNTY,221,29 Years,693,332,361,546,264,282,6,3,3,4,1,3,17,10,7,120,54,66
HOOD COUNTY,221,30 Years,714,336,378,552,257,295,4,2,2,5,1,4,16,9,7,137,67,70
HOOD COUNTY,221,31 Years,678,323,355,520,246,274,2,0,2,5,2,3,18,11,7,133,64,69
HOOD COUNTY,221,32 Years,687,330,357,522,240,282,2,0,2,4,3,1,11,7,4,148,80,68
HOOD COUNTY,221,33 Years,720,347,373,562,262,300,4,2,2,7,4,3,7,3,4,140,76,64
HOOD COUNTY,221,34 Years,744,367,377,580,279,301,5,2,3,6,4,2,9,3,6,144,79,65
HOOD COUNTY,221,35 Years,728,355,373,575,274,301,2,1,1,3,1,2,9,3,6,139,76,63
HOOD COUNTY,221,36 Years,661,338,323,516,256,260,4,2,2,5,2,3,12,4,8,124,74,50
HOOD COUNTY,221,37 Years,694,342,352,556,270,286,5,2,3,5,2,3,14,5,9,114,63,51
HOOD COUNTY,221,38 Years,771,366,405,607,281,326,5,3,2,6,4,2,12,5,7,141,73,68
HOOD COUNTY,221,39 Years,775,367,408,610,283,327,5,3,2,7,3,4,14,9,5,139,69,70
HOOD COUNTY,221,40 Years,760,378,382,610,300,310,5,3,2,5,3,2,11,7,4,129,65,64
HOOD COUNTY,221,41 Years,769,390,379,619,306,313,4,2,2,8,4,4,12,9,3,126,69,57
HOOD COUNTY,221,42 Years,736,377,359,580,285,295,3,1,2,5,1,4,10,6,4,138,84,54
HOOD COUNTY,221,43 Years,707,350,357,569,283,286,4,2,2,13,1,12,10,4,6,111,60,51
HOOD COUNTY,221,44 Years,687,356,331,568,301,267,4,2,2,11,0,11,8,3,5,96,50,46
HOOD COUNTY,221,45 Years,677,345,332,564,290,274,5,2,3,7,1,6,7,4,3,94,48,46
HOOD COUNTY,221,46 Years,655,303,352,549,245,304,4,2,2,4,3,1,6,5,1,92,48,44
HOOD COUNTY,221,47 Years,652,300,352,542,244,298,3,2,1,2,2,0,8,4,4,97,48,49
HOOD COUNTY,221,48 Years,645,321,324,531,267,264,2,2,0,3,2,1,7,1,6,102,49,53
HOOD COUNTY,221,49 Years,658,333,325,531,277,254,3,1,2,6,2,4,6,2,4,112,51,61
HOOD COUNTY,221,50 Years,722,337,385,599,283,316,4,1,3,9,3,6,12,5,7,98,45,53
HOOD COUNTY,221,51 Years,744,357,387,639,304,335,5,3,2,7,2,5,13,6,7,80,42,38
HOOD COUNTY,221,52 Years,777,378,399,658,317,341,3,2,1,7,3,4,12,6,6,97,50,47
HOOD COUNTY,221,53 Years,778,362,416,655,297,358,3,3,0,5,3,2,10,5,5,105,54,51
HOOD COUNTY,221,54 Years,749,349,400,631,288,343,1,1,0,4,2,2,8,3,5,105,55,50
HOOD COUNTY,221,55 Years,779,355,424,659,298,361,4,0,4,2,1,1,9,3,6,105,53,52
HOOD COUNTY,221,56 Years,806,385,421,684,328,356,3,1,2,5,3,2,10,3,7,104,50,54
HOOD COUNTY,221,57 Years,881,418,463,754,361,393,3,3,0,6,1,5,13,5,8,105,48,57
HOOD COUNTY,221,58 Years,906,430,476,794,375,419,2,2,0,6,2,4,11,5,6,93,46,47
HOOD COUNTY,221,59 Years,950,446,504,832,392,440,4,3,1,4,1,3,13,6,7,97,44,53
HOOD COUNTY,221,60 Years,985,474,511,867,412,455,3,3,0,8,3,5,20,11,9,87,45,42
HOOD COUNTY,221,61 Years,1016,503,513,908,439,469,4,3,1,6,3,3,18,10,8,80,48,32
HOOD COUNTY,221,62 Years,1083,511,572,968,451,517,6,2,4,5,3,2,20,9,11,84,46,38
HOOD COUNTY,221,63 Years,1101,490,611,998,443,555,3,1,2,4,3,1,17,7,10,79,36,43
HOOD COUNTY,221,64 Years,1077,503,574,975,455,520,2,1,1,4,2,2,13,7,6,83,38,45
HOOD COUNTY,221,65 Years,1071,496,575,978,446,532,2,1,1,5,1,4,15,8,7,71,40,31
HOOD COUNTY,221,66 Years,1110,503,607,1008,447,561,3,2,1,8,3,5,17,9,8,74,42,32
HOOD COUNTY,221,67 Years,1123,531,592,1015,475,540,2,1,1,6,3,3,19,10,9,81,42,39
HOOD COUNTY,221,68 Years,1142,573,569,1044,528,516,1,1,0,5,3,2,16,10,6,76,31,45
HOOD COUNTY,221,69 Years,1132,505,627,1048,473,575,3,1,2,6,3,3,15,8,7,60,20,40
HOOD COUNTY,221,70 Years,1051,477,574,991,451,540,2,1,1,5,1,4,12,5,7,41,19,22
HOOD COUNTY,221,71 Years,977,460,517,916,427,489,3,1,2,4,1,3,12,5,7,42,26,16
HOOD COUNTY,221,72 Years,1003,470,533,941,441,500,3,1,2,6,2,4,8,3,5,45,23,22
HOOD COUNTY,221,73 Years,957,441,516,909,423,486,3,1,2,3,2,1,9,4,5,33,11,22
HOOD COUNTY,221,74 Years,924,440,484,885,424,461,3,2,1,2,1,1,9,4,5,25,9,16
HOOD COUNTY,221,75 Years,916,462,454,883,445,438,2,2,0,2,0,2,6,3,3,23,12,11
HOOD COUNTY,221,76 Years,795,387,408,761,371,390,1,0,1,3,0,3,6,4,2,24,12,12
HOOD COUNTY,221,77 Years,749,349,400,710,331,379,1,0,1,4,2,2,8,4,4,26,12,14
HOOD COUNTY,221,78 Years,730,352,378,695,337,358,1,0,1,2,1,1,9,5,4,23,9,14
HOOD COUNTY,221,79 Years,663,316,347,635,305,330,1,0,1,1,0,1,5,2,3,21,9,12
HOOD COUNTY,221,80 Years,591,274,317,567,260,307,1,0,1,1,0,1,4,2,2,18,12,6
HOOD COUNTY,221,81 Years,539,247,292,515,234,281,0,0,0,2,0,2,5,2,3,17,11,6
HOOD COUNTY,221,82 Years,473,221,252,457,212,245,0,0,0,0,0,0,5,2,3,11,7,4
HOOD COUNTY,221,83 Years,412,201,211,394,191,203,1,1,0,0,0,0,5,2,3,12,7,5
HOOD COUNTY,221,84 Years,355,174,181,340,167,173,1,1,0,3,1,2,3,1,2,8,4,4
HOOD COUNTY,221,85 Years,316,149,167,304,142,162,1,1,0,1,1,0,2,1,1,8,4,4
HOOD COUNTY,221,86 Years,308,136,172,296,130,166,0,0,0,1,0,1,3,1,2,8,5,3
HOOD COUNTY,221,87 Years,273,116,157,262,112,150,0,0,0,1,0,1,3,1,2,7,3,4
HOOD COUNTY,221,88 Years,226,96,130,220,93,127,0,0,0,0,0,0,2,1,1,4,2,2
HOOD COUNTY,221,89 Years,189,77,112,184,75,109,0,0,0,0,0,0,2,1,1,3,1,2
HOOD COUNTY,221,90 Years,155,63,92,151,61,90,0,0,0,0,0,0,2,1,1,2,1,1
HOOD COUNTY,221,91 Years,135,55,80,130,52,78,0,0,0,0,0,0,2,1,1,3,2,1
HOOD COUNTY,221,92 Years,119,45,74,115,43,72,0,0,0,0,0,0,1,0,1,3,2,1
HOOD COUNTY,221,93 Years,102,39,63,98,37,61,0,0,0,0,0,0,1,0,1,3,2,1
HOOD COUNTY,221,94 Years,72,24,48,68,23,45,0,0,0,0,0,0,1,0,1,3,1,2
HOOD COUNTY,221,95 Years +,191,53,138,177,46,131,0,0,0,0,0,0,2,1,1,12,6,6
HOPKINS COUNTY,223,All Ages,38186,18710,19476,27354,13190,14164,2737,1323,1414,228,121,107,996,505,491,6871,3571,3300
HOPKINS COUNTY,223,< 1 Year,459,233,226,254,132,122,33,15,18,2,1,1,27,13,14,143,72,71
HOPKINS COUNTY,223,1 Years,443,225,218,245,125,120,32,16,16,3,1,2,21,11,10,142,72,70
HOPKINS COUNTY,223,2 Years,446,227,219,250,127,123,31,15,16,3,2,1,21,11,10,141,72,69
HOPKINS COUNTY,223,3 Years,483,248,235,283,143,140,34,18,16,2,1,1,34,16,18,130,70,60
HOPKINS COUNTY,223,4 Years,483,249,234,283,147,136,39,22,17,2,0,2,34,15,19,125,65,60
HOPKINS COUNTY,223,5 Years,489,246,243,288,148,140,43,24,19,1,0,1,31,13,18,126,61,65
HOPKINS COUNTY,223,6 Years,491,245,246,284,148,136,46,24,22,2,0,2,24,11,13,135,62,73
HOPKINS COUNTY,223,7 Years,509,262,247,299,160,139,42,18,24,2,1,1,23,13,10,143,70,73
HOPKINS COUNTY,223,8 Years,489,253,236,301,155,146,34,15,19,2,1,1,21,13,8,131,69,62
HOPKINS COUNTY,223,9 Years,486,246,240,309,157,152,30,12,18,3,1,2,23,14,9,121,62,59
HOPKINS COUNTY,223,10 Years,494,247,247,310,156,154,33,14,19,3,1,2,24,16,8,124,60,64
HOPKINS COUNTY,223,11 Years,520,264,256,325,163,162,35,17,18,2,1,1,22,14,8,136,69,67
HOPKINS COUNTY,223,12 Years,529,276,253,329,172,157,35,22,13,2,1,1,22,12,10,141,69,72
HOPKINS COUNTY,223,13 Years,536,290,246,331,187,144,36,22,14,0,0,0,23,10,13,146,71,75
HOPKINS COUNTY,223,14 Years,528,287,241,332,189,143,30,17,13,5,3,2,23,13,10,138,65,73
HOPKINS COUNTY,223,15 Years,542,286,256,344,178,166,27,14,13,4,4,0,21,11,10,146,79,67
HOPKINS COUNTY,223,16 Years,539,273,266,343,176,167,30,16,14,4,3,1,20,8,12,142,70,72
HOPKINS COUNTY,223,17 Years,508,258,250,323,166,157,33,17,16,3,2,1,23,12,11,126,61,65
HOPKINS COUNTY,223,18 Years,518,270,248,318,168,150,39,18,21,3,2,1,25,13,12,133,69,64
HOPKINS COUNTY,223,19 Years,507,250,257,312,150,162,34,18,16,4,2,2,24,12,12,133,68,65
HOPKINS COUNTY,223,20 Years,490,238,252,309,147,162,30,17,13,3,2,1,20,10,10,128,62,66
HOPKINS COUNTY,223,21 Years,492,255,237,310,165,145,37,21,16,3,1,2,17,8,9,125,60,65
HOPKINS COUNTY,223,22 Years,444,237,207,274,142,132,37,21,16,5,4,1,17,10,7,111,60,51
HOPKINS COUNTY,223,23 Years,423,225,198,259,131,128,31,18,13,5,5,0,16,10,6,112,61,51
HOPKINS COUNTY,223,24 Years,413,208,205,256,129,127,31,14,17,3,2,1,15,9,6,108,54,54
HOPKINS COUNTY,223,25 Years,419,220,199,270,148,122,36,16,20,1,1,0,12,4,8,100,51,49
HOPKINS COUNTY,223,26 Years,449,233,216,294,163,131,38,17,21,0,0,0,16,5,11,101,48,53
HOPKINS COUNTY,223,27 Years,472,238,234,315,167,148,34,14,20,1,0,1,12,5,7,110,52,58
HOPKINS COUNTY,223,28 Years,476,245,231,303,157,146,36,18,18,2,1,1,17,12,5,118,57,61
HOPKINS COUNTY,223,29 Years,476,246,230,312,165,147,38,19,19,3,2,1,15,8,7,108,52,56
HOPKINS COUNTY,223,30 Years,473,237,236,312,155,157,45,24,21,4,2,2,12,5,7,100,51,49
HOPKINS COUNTY,223,31 Years,481,240,241,334,162,172,41,22,19,3,2,1,9,5,4,94,49,45
HOPKINS COUNTY,223,32 Years,458,230,228,322,159,163,36,17,19,3,3,0,6,5,1,91,46,45
HOPKINS COUNTY,223,33 Years,425,209,216,294,142,152,28,14,14,2,1,1,4,3,1,97,49,48
HOPKINS COUNTY,223,34 Years,460,220,240,325,146,179,23,12,11,4,2,2,4,3,1,104,57,47
HOPKINS COUNTY,223,35 Years,462,212,250,328,145,183,22,13,9,4,2,2,6,2,4,102,50,52
HOPKINS COUNTY,223,36 Years,450,220,230,320,151,169,24,13,11,5,2,3,11,4,7,90,50,40
HOPKINS COUNTY,223,37 Years,434,212,222,296,139,157,27,14,13,4,2,2,9,3,6,98,54,44
HOPKINS COUNTY,223,38 Years,431,213,218,307,147,160,32,14,18,2,2,0,5,3,2,85,47,38
HOPKINS COUNTY,223,39 Years,442,214,228,323,152,171,32,15,17,2,2,0,7,2,5,78,43,35
HOPKINS COUNTY,223,40 Years,427,214,213,317,147,170,29,15,14,2,2,0,5,2,3,74,48,26
HOPKINS COUNTY,223,41 Years,421,210,211,304,142,162,33,18,15,5,2,3,3,2,1,76,46,30
HOPKINS COUNTY,223,42 Years,426,217,209,303,150,153,31,15,16,3,2,1,8,4,4,81,46,35
HOPKINS COUNTY,223,43 Years,400,188,212,290,136,154,29,13,16,6,2,4,5,3,2,70,34,36
HOPKINS COUNTY,223,44 Years,391,191,200,282,136,146,31,19,12,3,2,1,7,2,5,68,32,36
HOPKINS COUNTY,223,45 Years,392,193,199,280,134,146,28,17,11,3,2,1,7,3,4,74,37,37
HOPKINS COUNTY,223,46 Years,395,187,208,276,133,143,29,13,16,2,0,2,6,4,2,82,37,45
HOPKINS COUNTY,223,47 Years,407,187,220,295,141,154,28,9,19,3,1,2,5,2,3,76,34,42
HOPKINS COUNTY,223,48 Years,459,203,256,326,151,175,29,10,19,6,2,4,5,2,3,93,38,55
HOPKINS COUNTY,223,49 Years,449,204,245,323,152,171,32,15,17,7,2,5,6,3,3,81,32,49
HOPKINS COUNTY,223,50 Years,471,225,246,352,170,182,36,17,19,4,2,2,8,3,5,71,33,38
HOPKINS COUNTY,223,51 Years,481,232,249,363,176,187,41,20,21,2,2,0,11,3,8,64,31,33
HOPKINS COUNTY,223,52 Years,460,223,237,355,170,185,30,15,15,2,2,0,9,3,6,64,33,31
HOPKINS COUNTY,223,53 Years,465,232,233,351,163,188,35,15,20,4,3,1,13,10,3,62,41,21
HOPKINS COUNTY,223,54 Years,468,224,244,360,162,198,36,15,21,5,3,2,10,7,3,57,37,20
HOPKINS COUNTY,223,55 Years,414,206,208,313,151,162,38,20,18,5,2,3,5,3,2,53,30,23
HOPKINS COUNTY,223,56 Years,427,213,214,327,157,170,36,22,14,3,1,2,6,3,3,55,30,25
HOPKINS COUNTY,223,57 Years,470,228,242,367,175,192,34,17,17,2,1,1,4,1,3,63,34,29
HOPKINS COUNTY,223,58 Years,504,247,257,380,179,201,31,14,17,3,1,2,7,3,4,83,50,33
HOPKINS COUNTY,223,59 Years,515,269,246,390,194,196,31,13,18,6,2,4,7,5,2,81,55,26
HOPKINS COUNTY,223,60 Years,536,270,266,423,202,221,32,13,19,3,2,1,5,4,1,73,49,24
HOPKINS COUNTY,223,61 Years,528,251,277,412,191,221,38,14,24,4,3,1,7,5,2,67,38,29
HOPKINS COUNTY,223,62 Years,516,246,270,416,193,223,38,17,21,3,2,1,5,3,2,54,31,23
HOPKINS COUNTY,223,63 Years,486,235,251,391,187,204,39,17,22,1,0,1,4,2,2,51,29,22
HOPKINS COUNTY,223,64 Years,471,228,243,382,179,203,34,18,16,2,0,2,7,3,4,46,28,18
HOPKINS COUNTY,223,65 Years,469,229,240,382,179,203,37,22,15,1,0,1,7,3,4,42,25,17
HOPKINS COUNTY,223,66 Years,488,242,246,400,186,214,35,21,14,3,3,0,6,3,3,44,29,15
HOPKINS COUNTY,223,67 Years,488,233,255,411,188,223,36,19,17,2,2,0,4,2,2,35,22,13
HOPKINS COUNTY,223,68 Years,447,214,233,375,172,203,38,22,16,2,1,1,5,3,2,27,16,11
HOPKINS COUNTY,223,69 Years,416,193,223,341,153,188,39,21,18,2,1,1,9,3,6,25,15,10
HOPKINS COUNTY,223,70 Years,408,192,216,338,157,181,36,18,18,3,1,2,9,4,5,22,12,10
HOPKINS COUNTY,223,71 Years,398,185,213,336,155,181,32,15,17,4,1,3,7,4,3,19,10,9
HOPKINS COUNTY,223,72 Years,394,178,216,336,151,185,30,13,17,2,1,1,7,3,4,19,10,9
HOPKINS COUNTY,223,73 Years,406,174,232,352,152,200,28,10,18,1,0,1,8,3,5,17,9,8
HOPKINS COUNTY,223,74 Years,380,160,220,329,141,188,28,9,19,1,0,1,8,4,4,14,6,8
HOPKINS COUNTY,223,75 Years,365,156,209,315,135,180,29,10,19,1,0,1,7,4,3,13,7,6
HOPKINS COUNTY,223,76 Years,322,148,174,276,125,151,26,10,16,1,0,1,4,3,1,15,10,5
HOPKINS COUNTY,223,77 Years,288,139,149,255,123,132,17,6,11,0,0,0,3,1,2,13,9,4
HOPKINS COUNTY,223,78 Years,289,141,148,263,130,133,11,3,8,1,0,1,3,1,2,11,7,4
HOPKINS COUNTY,223,79 Years,277,136,141,247,121,126,15,7,8,1,1,0,3,2,1,11,5,6
HOPKINS COUNTY,223,80 Years,241,108,133,213,92,121,15,7,8,1,1,0,3,2,1,9,6,3
HOPKINS COUNTY,223,81 Years,228,94,134,202,81,121,14,5,9,0,0,0,3,2,1,9,6,3
HOPKINS COUNTY,223,82 Years,200,89,111,173,76,97,14,5,9,1,1,0,2,1,1,10,6,4
HOPKINS COUNTY,223,83 Years,174,83,91,151,73,78,13,5,8,0,0,0,2,1,1,8,4,4
HOPKINS COUNTY,223,84 Years,151,69,82,134,63,71,11,3,8,0,0,0,2,1,1,4,2,2
HOPKINS COUNTY,223,85 Years,137,61,76,125,57,68,7,1,6,1,0,1,0,0,0,4,3,1
HOPKINS COUNTY,223,86 Years,129,54,75,118,50,68,5,2,3,0,0,0,2,0,2,4,2,2
HOPKINS COUNTY,223,87 Years,119,46,73,108,42,66,6,2,4,0,0,0,2,0,2,3,2,1
HOPKINS COUNTY,223,88 Years,105,39,66,94,35,59,6,2,4,0,0,0,2,1,1,3,1,2
HOPKINS COUNTY,223,89 Years,86,30,56,78,27,51,5,1,4,0,0,0,1,1,0,2,1,1
HOPKINS COUNTY,223,90 Years,70,25,45,63,23,40,5,1,4,0,0,0,0,0,0,2,1,1
HOPKINS COUNTY,223,91 Years,58,20,38,53,19,34,3,1,2,0,0,0,1,0,1,1,0,1
HOPKINS COUNTY,223,92 Years,50,18,32,45,14,31,3,2,1,0,0,0,1,1,0,1,1,0
HOPKINS COUNTY,223,93 Years,42,14,28,39,13,26,2,1,1,0,0,0,1,0,1,0,0,0
HOPKINS COUNTY,223,94 Years,32,9,23,29,9,20,2,0,2,0,0,0,1,0,1,0,0,0
HOPKINS COUNTY,223,95 Years +,81,21,60,69,18,51,7,1,6,0,0,0,2,0,2,3,2,1
HOUSTON COUNTY,225,All Ages,22142,11820,10322,13234,6756,6478,5448,3047,2401,120,50,70,505,270,235,2835,1697,1138
HOUSTON COUNTY,225,< 1 Year,228,113,115,114,56,58,47,23,24,2,1,1,12,6,6,53,27,26
HOUSTON COUNTY,225,1 Years,234,119,115,117,60,57,48,24,24,3,2,1,12,6,6,54,27,27
HOUSTON COUNTY,225,2 Years,239,122,117,121,61,60,50,26,24,3,2,1,11,6,5,54,27,27
HOUSTON COUNTY,225,3 Years,219,106,113,105,54,51,50,25,25,5,1,4,11,6,5,48,20,28
HOUSTON COUNTY,225,4 Years,219,108,111,106,55,51,52,25,27,3,2,1,12,7,5,46,19,27
HOUSTON COUNTY,225,5 Years,232,115,117,113,58,55,57,28,29,1,1,0,12,6,6,49,22,27
HOUSTON COUNTY,225,6 Years,245,124,121,121,62,59,59,29,30,2,2,0,12,6,6,51,25,26
HOUSTON COUNTY,225,7 Years,238,119,119,121,62,59,57,28,29,1,1,0,11,5,6,48,23,25
HOUSTON COUNTY,225,8 Years,236,119,117,119,59,60,58,30,28,2,1,1,10,5,5,47,24,23
HOUSTON COUNTY,225,9 Years,244,128,116,122,61,61,58,31,27,2,1,1,12,8,4,50,27,23
HOUSTON COUNTY,225,10 Years,247,128,119,121,58,63,59,30,29,3,2,1,13,9,4,51,29,22
HOUSTON COUNTY,225,11 Years,243,121,122,121,59,62,57,26,31,3,2,1,10,6,4,52,28,24
HOUSTON COUNTY,225,12 Years,255,129,126,127,73,54,64,26,38,2,1,1,6,2,4,56,27,29
HOUSTON COUNTY,225,13 Years,263,137,126,127,73,54,73,34,39,1,1,0,9,4,5,53,25,28
HOUSTON COUNTY,225,14 Years,242,123,119,120,62,58,64,31,33,1,1,0,9,3,6,48,26,22
HOUSTON COUNTY,225,15 Years,269,153,116,134,72,62,67,41,26,1,0,1,14,10,4,53,30,23
HOUSTON COUNTY,225,16 Years,275,153,122,141,76,65,65,37,28,1,0,1,15,8,7,53,32,21
HOUSTON COUNTY,225,17 Years,268,149,119,145,75,70,62,37,25,1,0,1,11,7,4,49,30,19
HOUSTON COUNTY,225,18 Years,244,126,118,139,71,68,54,28,26,2,0,2,10,5,5,39,22,17
HOUSTON COUNTY,225,19 Years,215,108,107,119,63,56,52,25,27,2,1,1,7,2,5,35,17,18
HOUSTON COUNTY,225,20 Years,225,116,109,122,63,59,54,29,25,1,1,0,10,4,6,38,19,19
HOUSTON COUNTY,225,21 Years,217,103,114,120,59,61,56,27,29,0,0,0,8,3,5,33,14,19
HOUSTON COUNTY,225,22 Years,212,108,104,112,57,55,56,30,26,0,0,0,10,5,5,34,16,18
HOUSTON COUNTY,225,23 Years,203,110,93,100,52,48,60,34,26,1,0,1,8,4,4,34,20,14
HOUSTON COUNTY,225,24 Years,223,122,101,106,58,48,65,38,27,4,2,2,8,4,4,40,20,20
HOUSTON COUNTY,225,25 Years,219,126,93,101,50,51,70,48,22,2,1,1,9,7,2,37,20,17
HOUSTON COUNTY,225,26 Years,229,143,86,123,72,51,64,44,20,1,0,1,6,4,2,35,23,12
HOUSTON COUNTY,225,27 Years,259,166,93,146,90,56,73,53,20,2,0,2,4,0,4,34,23,11
HOUSTON COUNTY,225,28 Years,247,148,99,140,83,57,64,40,24,1,1,0,8,3,5,34,21,13
HOUSTON COUNTY,225,29 Years,264,151,113,141,78,63,71,43,28,3,2,1,8,5,3,41,23,18
HOUSTON COUNTY,225,30 Years,282,170,112,146,85,61,77,51,26,1,1,0,4,2,2,54,31,23
HOUSTON COUNTY,225,31 Years,286,166,120,140,76,64,85,56,29,4,0,4,4,2,2,53,32,21
HOUSTON COUNTY,225,32 Years,245,136,109,116,59,57,81,46,35,5,1,4,2,1,1,41,29,12
HOUSTON COUNTY,225,33 Years,242,135,107,117,56,61,77,45,32,4,1,3,4,3,1,40,30,10
HOUSTON COUNTY,225,34 Years,228,130,98,116,64,52,72,42,30,3,1,2,2,1,1,35,22,13
HOUSTON COUNTY,225,35 Years,246,144,102,122,67,55,72,44,28,4,2,2,2,1,1,46,30,16
HOUSTON COUNTY,225,36 Years,254,158,96,121,71,50,78,50,28,3,1,2,4,2,2,48,34,14
HOUSTON COUNTY,225,37 Years,248,156,92,121,68,53,77,51,26,2,0,2,3,1,2,45,36,9
HOUSTON COUNTY,225,38 Years,264,165,99,131,67,64,87,60,27,0,0,0,4,3,1,42,35,7
HOUSTON COUNTY,225,39 Years,286,179,107,159,90,69,77,52,25,1,0,1,4,2,2,45,35,10
HOUSTON COUNTY,225,40 Years,301,192,109,157,86,71,90,65,25,1,0,1,3,2,1,50,39,11
HOUSTON COUNTY,225,41 Years,282,184,98,152,91,61,76,50,26,1,0,1,5,4,1,48,39,9
HOUSTON COUNTY,225,42 Years,300,195,105,150,92,58,89,59,30,2,1,1,5,2,3,54,41,13
HOUSTON COUNTY,225,43 Years,282,169,113,155,87,68,75,50,25,2,0,2,1,0,1,49,32,17
HOUSTON COUNTY,225,44 Years,279,166,113,152,81,71,79,53,26,1,0,1,2,1,1,45,31,14
HOUSTON COUNTY,225,45 Years,279,170,109,135,75,60,89,58,31,0,0,0,3,1,2,52,36,16
HOUSTON COUNTY,225,46 Years,261,163,98,130,75,55,82,55,27,0,0,0,3,2,1,46,31,15
HOUSTON COUNTY,225,47 Years,266,163,103,147,84,63,76,53,23,0,0,0,5,2,3,38,24,14
HOUSTON COUNTY,225,48 Years,261,163,98,138,75,63,80,58,22,1,1,0,5,3,2,37,26,11
HOUSTON COUNTY,225,49 Years,288,185,103,158,93,65,80,56,24,4,2,2,6,5,1,40,29,11
HOUSTON COUNTY,225,50 Years,284,173,111,149,82,67,94,64,30,2,1,1,1,0,1,38,26,12
HOUSTON COUNTY,225,51 Years,291,177,114,161,88,73,95,63,32,1,1,0,4,3,1,30,22,8
HOUSTON COUNTY,225,52 Years,280,167,113,161,88,73,90,58,32,0,0,0,3,2,1,26,19,7
HOUSTON COUNTY,225,53 Years,265,153,112,155,83,72,78,49,29,2,1,1,3,2,1,27,18,9
HOUSTON COUNTY,225,54 Years,262,155,107,160,91,69,71,45,26,2,1,1,2,1,1,27,17,10
HOUSTON COUNTY,225,55 Years,238,132,106,143,75,68,67,39,28,0,0,0,2,1,1,26,17,9
HOUSTON COUNTY,225,56 Years,247,121,126,145,72,73,71,34,37,0,0,0,3,0,3,28,15,13
HOUSTON COUNTY,225,57 Years,278,147,131,164,85,79,82,44,38,0,0,0,3,2,1,29,16,13
HOUSTON COUNTY,225,58 Years,293,152,141,182,92,90,84,46,38,0,0,0,5,2,3,22,12,10
HOUSTON COUNTY,225,59 Years,306,155,151,204,100,104,76,40,36,0,0,0,5,2,3,21,13,8
HOUSTON COUNTY,225,60 Years,304,144,160,199,89,110,76,37,39,0,0,0,9,7,2,20,11,9
HOUSTON COUNTY,225,61 Years,289,139,150,193,93,100,72,33,39,0,0,0,5,2,3,19,11,8
HOUSTON COUNTY,225,62 Years,307,153,154,212,105,107,70,35,35,0,0,0,5,2,3,20,11,9
HOUSTON COUNTY,225,63 Years,296,147,149,205,97,108,64,34,30,1,0,1,6,4,2,20,12,8
HOUSTON COUNTY,225,64 Years,312,148,164,215,98,117,63,33,30,2,0,2,9,4,5,23,13,10
HOUSTON COUNTY,225,65 Years,305,135,170,217,101,116,62,25,37,1,0,1,7,1,6,18,8,10
HOUSTON COUNTY,225,66 Years,299,138,161,220,107,113,59,22,37,1,0,1,6,3,3,13,6,7
HOUSTON COUNTY,225,67 Years,302,142,160,225,110,115,61,23,38,0,0,0,1,1,0,15,8,7
HOUSTON COUNTY,225,68 Years,310,139,171,228,105,123,64,23,41,0,0,0,2,1,1,16,10,6
HOUSTON COUNTY,225,69 Years,295,138,157,218,103,115,58,23,35,0,0,0,3,1,2,16,11,5
HOUSTON COUNTY,225,70 Years,299,143,156,229,107,122,55,26,29,0,0,0,3,1,2,12,9,3
HOUSTON COUNTY,225,71 Years,278,131,147,214,99,115,52,23,29,0,0,0,2,1,1,10,8,2
HOUSTON COUNTY,225,72 Years,250,121,129,192,93,99,44,18,26,1,1,0,2,1,1,11,8,3
HOUSTON COUNTY,225,73 Years,245,124,121,194,101,93,38,14,24,3,2,1,2,2,0,8,5,3
HOUSTON COUNTY,225,74 Years,245,118,127,197,96,101,37,16,21,2,1,1,4,2,2,5,3,2
HOUSTON COUNTY,225,75 Years,246,112,134,203,93,110,32,13,19,1,0,1,5,2,3,5,4,1
HOUSTON COUNTY,225,76 Years,228,110,118,186,90,96,31,12,19,1,0,1,3,2,1,7,6,1
HOUSTON COUNTY,225,77 Years,221,107,114,177,86,91,33,13,20,1,0,1,2,2,0,8,6,2
HOUSTON COUNTY,225,78 Years,198,96,102,156,72,84,33,17,16,0,0,0,2,2,0,7,5,2
HOUSTON COUNTY,225,79 Years,182,85,97,143,66,77,31,14,17,0,0,0,2,2,0,6,3,3
HOUSTON COUNTY,225,80 Years,179,78,101,140,63,77,31,12,19,0,0,0,3,2,1,5,1,4
HOUSTON COUNTY,225,81 Years,164,76,88,131,62,69,24,10,14,1,0,1,2,1,1,6,3,3
HOUSTON COUNTY,225,82 Years,145,71,74,118,56,62,20,10,10,1,1,0,2,2,0,4,2,2
HOUSTON COUNTY,225,83 Years,133,57,76,107,45,62,19,8,11,1,1,0,2,2,0,4,1,3
HOUSTON COUNTY,225,84 Years,118,50,68,96,43,53,16,6,10,0,0,0,2,1,1,4,0,4
HOUSTON COUNTY,225,85 Years,105,43,62,84,37,47,14,5,9,1,0,1,2,1,1,4,0,4
HOUSTON COUNTY,225,86 Years,94,38,56,76,32,44,14,4,10,0,0,0,2,1,1,2,1,1
HOUSTON COUNTY,225,87 Years,89,41,48,72,33,39,13,5,8,0,0,0,1,1,0,3,2,1
HOUSTON COUNTY,225,88 Years,81,36,45,65,30,35,12,4,8,0,0,0,1,1,0,3,1,2
HOUSTON COUNTY,225,89 Years,72,34,38,57,27,30,8,3,5,0,0,0,3,2,1,4,2,2
HOUSTON COUNTY,225,90 Years,58,26,32,49,21,28,6,2,4,0,0,0,1,1,0,2,2,0
HOUSTON COUNTY,225,91 Years,44,20,24,37,17,20,6,3,3,0,0,0,0,0,0,1,0,1
HOUSTON COUNTY,225,92 Years,36,16,20,30,13,17,5,2,3,0,0,0,1,1,0,0,0,0
HOUSTON COUNTY,225,93 Years,29,13,16,25,11,14,4,2,2,0,0,0,0,0,0,0,0,0
HOUSTON COUNTY,225,94 Years,27,11,16,21,8,13,6,3,3,0,0,0,0,0,0,0,0,0
HOUSTON COUNTY,225,95 Years +,80,26,54,52,17,35,22,8,14,0,0,0,3,0,3,3,1,2
HOWARD COUNTY,227,All Ages,34173,19787,14386,15708,8680,7028,2155,1577,578,258,154,104,657,383,274,15395,8993,6402
HOWARD COUNTY,227,< 1 Year,391,198,193,143,73,70,17,9,8,3,2,1,14,7,7,214,107,107
HOWARD COUNTY,227,1 Years,395,201,194,142,72,70,18,9,9,2,1,1,12,6,6,221,113,108
HOWARD COUNTY,227,2 Years,400,204,196,146,75,71,18,9,9,2,1,1,12,6,6,222,113,109
HOWARD COUNTY,227,3 Years,404,209,195,136,75,61,21,10,11,2,1,1,17,9,8,228,114,114
HOWARD COUNTY,227,4 Years,410,211,199,137,76,61,23,11,12,2,1,1,18,9,9,230,114,116
HOWARD COUNTY,227,5 Years,428,221,207,144,77,67,23,13,10,2,1,1,16,8,8,243,122,121
HOWARD COUNTY,227,6 Years,447,235,212,154,80,74,23,14,9,2,2,0,14,7,7,254,132,122
HOWARD COUNTY,227,7 Years,469,258,211,171,91,80,22,15,7,2,1,1,13,7,6,261,144,117
HOWARD COUNTY,227,8 Years,440,238,202,164,85,79,18,11,7,2,1,1,15,10,5,241,131,110
HOWARD COUNTY,227,9 Years,425,228,197,163,83,80,15,8,7,2,1,1,14,10,4,231,126,105
HOWARD COUNTY,227,10 Years,392,201,191,148,75,73,15,7,8,1,0,1,8,3,5,220,116,104
HOWARD COUNTY,227,11 Years,383,198,185,144,72,72,15,8,7,2,1,1,8,4,4,214,113,101
HOWARD COUNTY,227,12 Years,387,192,195,140,64,76,15,8,7,2,1,1,14,9,5,216,110,106
HOWARD COUNTY,227,13 Years,371,186,185,142,62,80,17,10,7,1,0,1,9,5,4,202,109,93
HOWARD COUNTY,227,14 Years,349,176,173,143,66,77,10,6,4,0,0,0,7,2,5,189,102,87
HOWARD COUNTY,227,15 Years,384,204,180,163,85,78,12,8,4,2,1,1,4,1,3,203,109,94
HOWARD COUNTY,227,16 Years,394,210,184,151,78,73,13,7,6,3,1,2,9,5,4,218,119,99
HOWARD COUNTY,227,17 Years,402,217,185,155,84,71,21,11,10,4,2,2,11,6,5,211,114,97
HOWARD COUNTY,227,18 Years,477,305,172,181,121,60,36,24,12,6,4,2,17,11,6,237,145,92
HOWARD COUNTY,227,19 Years,429,273,156,171,109,62,36,27,9,6,5,1,13,9,4,203,123,80
HOWARD COUNTY,227,20 Years,506,333,173,200,134,66,37,30,7,3,3,0,14,10,4,252,156,96
HOWARD COUNTY,227,21 Years,436,252,184,170,102,68,24,18,6,3,1,2,9,6,3,230,125,105
HOWARD COUNTY,227,22 Years,471,300,171,185,115,70,27,22,5,5,2,3,10,8,2,244,153,91
HOWARD COUNTY,227,23 Years,468,305,163,180,115,65,46,35,11,6,4,2,13,8,5,223,143,80
HOWARD COUNTY,227,24 Years,448,267,181,167,99,68,44,32,12,3,1,2,9,4,5,225,131,94
HOWARD COUNTY,227,25 Years,475,298,177,190,125,65,41,29,12,6,4,2,9,2,7,229,138,91
HOWARD COUNTY,227,26 Years,475,310,165,185,114,71,42,33,9,7,6,1,9,6,3,232,151,81
HOWARD COUNTY,227,27 Years,488,312,176,207,124,83,37,28,9,4,3,1,9,7,2,231,150,81
HOWARD COUNTY,227,28 Years,469,292,177,196,119,77,27,21,6,3,1,2,10,7,3,233,144,89
HOWARD COUNTY,227,29 Years,492,317,175,199,122,77,30,24,6,2,0,2,12,6,6,249,165,84
HOWARD COUNTY,227,30 Years,532,315,217,228,130,98,42,27,15,4,2,2,10,3,7,248,153,95
HOWARD COUNTY,227,31 Years,626,382,244,272,160,112,53,41,12,7,5,2,10,7,3,284,169,115
HOWARD COUNTY,227,32 Years,595,373,222,263,156,107,47,40,7,8,6,2,4,4,0,273,167,106
HOWARD COUNTY,227,33 Years,552,331,221,241,135,106,36,28,8,7,4,3,3,1,2,265,163,102
HOWARD COUNTY,227,34 Years,609,382,227,265,150,115,37,30,7,4,3,1,5,3,2,298,196,102
HOWARD COUNTY,227,35 Years,583,350,233,243,133,110,42,32,10,4,3,1,6,3,3,288,179,109
HOWARD COUNTY,227,36 Years,462,256,206,194,98,96,32,20,12,2,1,1,7,3,4,227,134,93
HOWARD COUNTY,227,37 Years,465,258,207,200,103,97,30,22,8,6,5,1,7,1,6,222,127,95
HOWARD COUNTY,227,38 Years,508,315,193,229,135,94,37,31,6,4,4,0,8,5,3,230,140,90
HOWARD COUNTY,227,39 Years,466,259,207,216,117,99,25,18,7,4,3,1,6,4,2,215,117,98
HOWARD COUNTY,227,40 Years,554,338,216,248,148,100,38,29,9,6,3,3,9,7,2,253,151,102
HOWARD COUNTY,227,41 Years,491,287,204,216,122,94,31,21,10,4,2,2,7,3,4,233,139,94
HOWARD COUNTY,227,42 Years,437,249,188,208,123,85,24,13,11,2,1,1,5,2,3,198,110,88
HOWARD COUNTY,227,43 Years,457,295,162,204,128,76,35,27,8,4,3,1,7,6,1,207,131,76
HOWARD COUNTY,227,44 Years,477,325,152,200,131,69,34,28,6,5,3,2,9,7,2,229,156,73
HOWARD COUNTY,227,45 Years,454,295,159,197,124,73,33,26,7,3,1,2,6,4,2,215,140,75
HOWARD COUNTY,227,46 Years,414,245,169,187,106,81,26,19,7,3,2,1,7,3,4,191,115,76
HOWARD COUNTY,227,47 Years,539,369,170,244,159,85,36,30,6,6,3,3,9,8,1,244,169,75
HOWARD COUNTY,227,48 Years,513,352,161,242,159,83,38,33,5,6,5,1,4,3,1,223,152,71
HOWARD COUNTY,227,49 Years,450,294,156,208,129,79,29,24,5,4,2,2,7,7,0,202,132,70
HOWARD COUNTY,227,50 Years,689,520,169,296,205,91,72,65,7,8,5,3,8,8,0,305,237,68
HOWARD COUNTY,227,51 Years,539,370,169,245,156,89,52,45,7,5,4,1,8,7,1,229,158,71
HOWARD COUNTY,227,52 Years,509,321,188,235,135,100,42,37,5,3,3,0,7,5,2,222,141,81
HOWARD COUNTY,227,53 Years,464,283,181,200,105,95,46,41,5,5,4,1,10,6,4,203,127,76
HOWARD COUNTY,227,54 Years,448,288,160,205,119,86,39,35,4,3,2,1,6,3,3,195,129,66
HOWARD COUNTY,227,55 Years,394,249,145,172,99,73,42,37,5,2,1,1,10,9,1,168,103,65
HOWARD COUNTY,227,56 Years,410,254,156,163,93,70,47,36,11,2,1,1,9,7,2,189,117,72
HOWARD COUNTY,227,57 Years,453,285,168,192,108,84,59,50,9,3,2,1,7,4,3,192,121,71
HOWARD COUNTY,227,58 Years,324,160,164,164,75,89,21,15,6,1,1,0,7,4,3,131,65,66
HOWARD COUNTY,227,59 Years,364,200,164,200,106,94,21,15,6,3,2,1,4,2,2,136,75,61
HOWARD COUNTY,227,60 Years,387,207,180,224,118,106,26,20,6,2,1,1,4,0,4,131,68,63
HOWARD COUNTY,227,61 Years,372,193,179,231,117,114,23,17,6,2,1,1,3,0,3,113,58,55
HOWARD COUNTY,227,62 Years,402,236,166,241,135,106,29,24,5,2,1,1,2,0,2,128,76,52
HOWARD COUNTY,227,63 Years,390,216,174,242,129,113,21,16,5,2,1,1,6,2,4,119,68,51
HOWARD COUNTY,227,64 Years,319,158,161,206,99,107,12,7,5,2,0,2,8,3,5,91,49,42
HOWARD COUNTY,227,65 Years,298,144,154,182,82,100,15,9,6,3,1,2,6,4,2,92,48,44
HOWARD COUNTY,227,66 Years,314,152,162,190,85,105,14,9,5,3,1,2,6,4,2,101,53,48
HOWARD COUNTY,227,67 Years,378,217,161,248,139,109,13,8,5,2,1,1,5,3,2,110,66,44
HOWARD COUNTY,227,68 Years,363,202,161,236,131,105,9,6,3,2,1,1,5,3,2,111,61,50
HOWARD COUNTY,227,69 Years,316,183,133,204,120,84,7,5,2,1,1,0,6,3,3,98,54,44
HOWARD COUNTY,227,70 Years,275,139,136,181,93,88,12,4,8,2,1,1,5,2,3,75,39,36
HOWARD COUNTY,227,71 Years,242,113,129,161,77,84,11,4,7,2,1,1,5,3,2,63,28,35
HOWARD COUNTY,227,72 Years,234,112,122,150,75,75,8,3,5,3,1,2,3,2,1,70,31,39
HOWARD COUNTY,227,73 Years,221,106,115,142,69,73,8,2,6,1,0,1,3,3,0,67,32,35
HOWARD COUNTY,227,74 Years,190,89,101,124,56,68,8,3,5,0,0,0,3,2,1,55,28,27
HOWARD COUNTY,227,75 Years,188,85,103,123,55,68,5,2,3,2,1,1,2,1,1,56,26,30
HOWARD COUNTY,227,76 Years,156,72,84,97,45,52,5,2,3,1,1,0,4,1,3,49,23,26
HOWARD COUNTY,227,77 Years,139,64,75,90,41,49,5,3,2,1,0,1,3,1,2,40,19,21
HOWARD COUNTY,227,78 Years,115,48,67,77,33,44,4,2,2,1,0,1,3,1,2,30,12,18
HOWARD COUNTY,227,79 Years,112,45,67,77,29,48,5,4,1,0,0,0,4,2,2,26,10,16
HOWARD COUNTY,227,80 Years,121,57,64,83,36,47,5,4,1,0,0,0,3,2,1,30,15,15
HOWARD COUNTY,227,81 Years,111,51,60,79,36,43,4,3,1,1,0,1,2,1,1,25,11,14
HOWARD COUNTY,227,82 Years,93,39,54,68,28,40,2,1,1,1,0,1,1,1,0,21,9,12
HOWARD COUNTY,227,83 Years,92,37,55,65,26,39,2,1,1,2,2,0,0,0,0,23,8,15
HOWARD COUNTY,227,84 Years,87,35,52,60,26,34,4,2,2,0,0,0,1,0,1,22,7,15
HOWARD COUNTY,227,85 Years,84,33,51,62,26,36,3,1,2,0,0,0,1,0,1,18,6,12
HOWARD COUNTY,227,86 Years,73,31,42,55,23,32,1,1,0,1,0,1,1,1,0,15,6,9
HOWARD COUNTY,227,87 Years,66,29,37,49,22,27,2,1,1,0,0,0,1,1,0,14,5,9
HOWARD COUNTY,227,88 Years,63,25,38,46,18,28,0,0,0,1,0,1,0,0,0,16,7,9
HOWARD COUNTY,227,89 Years,56,17,39,42,14,28,1,0,1,0,0,0,0,0,0,13,3,10
HOWARD COUNTY,227,90 Years,49,19,30,37,15,22,0,0,0,0,0,0,0,0,0,12,4,8
HOWARD COUNTY,227,91 Years,46,21,25,34,16,18,0,0,0,0,0,0,0,0,0,12,5,7
HOWARD COUNTY,227,92 Years,37,18,19,28,13,15,0,0,0,0,0,0,0,0,0,9,5,4
HOWARD COUNTY,227,93 Years,28,13,15,24,11,13,0,0,0,0,0,0,0,0,0,4,2,2
HOWARD COUNTY,227,94 Years,18,8,10,16,7,9,0,0,0,0,0,0,0,0,0,2,1,1
HOWARD COUNTY,227,95 Years +,55,22,33,40,16,24,2,1,1,0,0,0,0,0,0,13,5,8
HUDSPETH COUNTY,229,All Ages,3430,1913,1517,592,318,274,61,58,3,2,0,2,16,6,10,2759,1531,1228
HUDSPETH COUNTY,229,< 1 Year,36,19,17,5,3,2,0,0,0,0,0,0,1,0,1,30,16,14
HUDSPETH COUNTY,229,1 Years,38,21,17,6,4,2,0,0,0,0,0,0,1,1,0,31,16,15
HUDSPETH COUNTY,229,2 Years,39,19,20,7,4,3,1,0,1,0,0,0,1,0,1,30,15,15
HUDSPETH COUNTY,229,3 Years,37,17,20,7,4,3,2,1,1,0,0,0,0,0,0,28,12,16
HUDSPETH COUNTY,229,4 Years,34,16,18,8,4,4,0,0,0,0,0,0,0,0,0,26,12,14
HUDSPETH COUNTY,229,5 Years,29,15,14,6,5,1,0,0,0,0,0,0,0,0,0,23,10,13
HUDSPETH COUNTY,229,6 Years,31,13,18,7,3,4,0,0,0,0,0,0,0,0,0,24,10,14
HUDSPETH COUNTY,229,7 Years,31,12,19,6,2,4,0,0,0,0,0,0,0,0,0,25,10,15
HUDSPETH COUNTY,229,8 Years,39,20,19,7,4,3,0,0,0,0,0,0,0,0,0,32,16,16
HUDSPETH COUNTY,229,9 Years,40,21,19,5,4,1,0,0,0,0,0,0,0,0,0,35,17,18
HUDSPETH COUNTY,229,10 Years,43,20,23,5,4,1,0,0,0,0,0,0,0,0,0,38,16,22
HUDSPETH COUNTY,229,11 Years,44,19,25,7,3,4,0,0,0,0,0,0,0,0,0,37,16,21
HUDSPETH COUNTY,229,12 Years,45,21,24,9,4,5,0,0,0,0,0,0,2,2,0,34,15,19
HUDSPETH COUNTY,229,13 Years,37,20,17,7,5,2,0,0,0,0,0,0,2,1,1,28,14,14
HUDSPETH COUNTY,229,14 Years,33,18,15,4,3,1,0,0,0,0,0,0,1,0,1,28,15,13
HUDSPETH COUNTY,229,15 Years,48,34,14,6,5,1,0,0,0,0,0,0,1,0,1,41,29,12
HUDSPETH COUNTY,229,16 Years,48,27,21,7,2,5,1,1,0,0,0,0,0,0,0,40,24,16
HUDSPETH COUNTY,229,17 Years,46,24,22,4,1,3,0,0,0,0,0,0,0,0,0,42,23,19
HUDSPETH COUNTY,229,18 Years,38,19,19,3,1,2,1,1,0,0,0,0,0,0,0,34,17,17
HUDSPETH COUNTY,229,19 Years,33,18,15,3,2,1,0,0,0,0,0,0,0,0,0,30,16,14
HUDSPETH COUNTY,229,20 Years,47,30,17,2,0,2,0,0,0,1,0,1,0,0,0,44,30,14
HUDSPETH COUNTY,229,21 Years,47,34,13,5,4,1,0,0,0,0,0,0,0,0,0,42,30,12
HUDSPETH COUNTY,229,22 Years,48,34,14,4,3,1,0,0,0,0,0,0,0,0,0,44,31,13
HUDSPETH COUNTY,229,23 Years,33,16,17,2,0,2,0,0,0,0,0,0,0,0,0,31,16,15
HUDSPETH COUNTY,229,24 Years,34,18,16,4,2,2,0,0,0,0,0,0,0,0,0,30,16,14
HUDSPETH COUNTY,229,25 Years,64,33,31,4,2,2,0,0,0,0,0,0,0,0,0,60,31,29
HUDSPETH COUNTY,229,26 Years,89,53,36,6,2,4,0,0,0,0,0,0,1,0,1,82,51,31
HUDSPETH COUNTY,229,27 Years,57,39,18,4,2,2,0,0,0,0,0,0,0,0,0,53,37,16
HUDSPETH COUNTY,229,28 Years,82,50,32,7,2,5,1,0,1,0,0,0,0,0,0,74,48,26
HUDSPETH COUNTY,229,29 Years,95,65,30,8,2,6,16,16,0,0,0,0,0,0,0,71,47,24
HUDSPETH COUNTY,229,30 Years,67,54,13,7,5,2,1,1,0,0,0,0,0,0,0,59,48,11
HUDSPETH COUNTY,229,31 Years,77,47,30,3,1,2,0,0,0,0,0,0,0,0,0,74,46,28
HUDSPETH COUNTY,229,32 Years,72,50,22,6,4,2,16,16,0,0,0,0,0,0,0,50,30,20
HUDSPETH COUNTY,229,33 Years,82,46,36,4,3,1,0,0,0,0,0,0,0,0,0,78,43,35
HUDSPETH COUNTY,229,34 Years,63,46,17,6,4,2,0,0,0,1,0,1,0,0,0,56,42,14
HUDSPETH COUNTY,229,35 Years,39,21,18,11,6,5,0,0,0,0,0,0,0,0,0,28,15,13
HUDSPETH COUNTY,229,36 Years,31,18,13,8,3,5,0,0,0,0,0,0,1,0,1,22,15,7
HUDSPETH COUNTY,229,37 Years,50,19,31,12,4,8,0,0,0,0,0,0,0,0,0,38,15,23
HUDSPETH COUNTY,229,38 Years,80,46,34,14,5,9,0,0,0,0,0,0,0,0,0,66,41,25
HUDSPETH COUNTY,229,39 Years,60,36,24,11,6,5,0,0,0,0,0,0,0,0,0,49,30,19
HUDSPETH COUNTY,229,40 Years,74,50,24,9,5,4,0,0,0,0,0,0,1,0,1,64,45,19
HUDSPETH COUNTY,229,41 Years,71,45,26,11,7,4,1,1,0,0,0,0,1,0,1,58,37,21
HUDSPETH COUNTY,229,42 Years,62,38,24,9,5,4,15,15,0,0,0,0,0,0,0,38,18,20
HUDSPETH COUNTY,229,43 Years,51,31,20,5,2,3,0,0,0,0,0,0,0,0,0,46,29,17
HUDSPETH COUNTY,229,44 Years,37,18,19,5,2,3,1,1,0,0,0,0,0,0,0,31,15,16
HUDSPETH COUNTY,229,45 Years,45,20,25,8,2,6,1,1,0,0,0,0,0,0,0,36,17,19
HUDSPETH COUNTY,229,46 Years,35,16,19,4,1,3,0,0,0,0,0,0,0,0,0,31,15,16
HUDSPETH COUNTY,229,47 Years,42,23,19,4,2,2,0,0,0,0,0,0,1,1,0,37,20,17
HUDSPETH COUNTY,229,48 Years,40,24,16,7,5,2,1,1,0,0,0,0,0,0,0,32,18,14
HUDSPETH COUNTY,229,49 Years,39,25,14,10,7,3,1,1,0,0,0,0,0,0,0,28,17,11
HUDSPETH COUNTY,229,50 Years,37,27,10,9,8,1,1,1,0,0,0,0,0,0,0,27,18,9
HUDSPETH COUNTY,229,51 Years,33,19,14,4,2,2,0,0,0,0,0,0,0,0,0,29,17,12
HUDSPETH COUNTY,229,52 Years,36,19,17,6,2,4,0,0,0,0,0,0,0,0,0,30,17,13
HUDSPETH COUNTY,229,53 Years,22,3,19,6,2,4,0,0,0,0,0,0,0,0,0,16,1,15
HUDSPETH COUNTY,229,54 Years,36,17,19,6,2,4,0,0,0,0,0,0,0,0,0,30,15,15
HUDSPETH COUNTY,229,55 Years,20,5,15,8,5,3,0,0,0,0,0,0,0,0,0,12,0,12
HUDSPETH COUNTY,229,56 Years,24,11,13,8,5,3,0,0,0,0,0,0,0,0,0,16,6,10
HUDSPETH COUNTY,229,57 Years,23,7,16,8,5,3,0,0,0,0,0,0,0,0,0,15,2,13
HUDSPETH COUNTY,229,58 Years,24,11,13,5,3,2,1,1,0,0,0,0,0,0,0,18,7,11
HUDSPETH COUNTY,229,59 Years,28,14,14,7,3,4,0,0,0,0,0,0,0,0,0,21,11,10
HUDSPETH COUNTY,229,60 Years,32,16,16,9,4,5,0,0,0,0,0,0,0,0,0,23,12,11
HUDSPETH COUNTY,229,61 Years,35,17,18,9,4,5,0,0,0,0,0,0,0,0,0,26,13,13
HUDSPETH COUNTY,229,62 Years,34,16,18,10,4,6,0,0,0,0,0,0,0,0,0,24,12,12
HUDSPETH COUNTY,229,63 Years,31,17,14,8,4,4,0,0,0,0,0,0,0,0,0,23,13,10
HUDSPETH COUNTY,229,64 Years,31,16,15,9,4,5,0,0,0,0,0,0,0,0,0,22,12,10
HUDSPETH COUNTY,229,65 Years,30,13,17,9,4,5,0,0,0,0,0,0,0,0,0,21,9,12
HUDSPETH COUNTY,229,66 Years,33,14,19,11,6,5,0,0,0,0,0,0,0,0,0,22,8,14
HUDSPETH COUNTY,229,67 Years,32,14,18,12,7,5,0,0,0,0,0,0,0,0,0,20,7,13
HUDSPETH COUNTY,229,68 Years,33,18,15,11,8,3,0,0,0,0,0,0,0,0,0,22,10,12
HUDSPETH COUNTY,229,69 Years,33,17,16,11,7,4,0,0,0,0,0,0,0,0,0,22,10,12
HUDSPETH COUNTY,229,70 Years,31,16,15,10,5,5,0,0,0,0,0,0,1,1,0,20,10,10
HUDSPETH COUNTY,229,71 Years,28,15,13,10,7,3,0,0,0,0,0,0,1,0,1,17,8,9
HUDSPETH COUNTY,229,72 Years,27,14,13,11,7,4,0,0,0,0,0,0,0,0,0,16,7,9
HUDSPETH COUNTY,229,73 Years,25,12,13,9,5,4,0,0,0,0,0,0,0,0,0,16,7,9
HUDSPETH COUNTY,229,74 Years,23,10,13,7,4,3,0,0,0,0,0,0,0,0,0,16,6,10
HUDSPETH COUNTY,229,75 Years,24,13,11,10,6,4,0,0,0,0,0,0,0,0,0,14,7,7
HUDSPETH COUNTY,229,76 Years,21,12,9,8,5,3,0,0,0,0,0,0,0,0,0,13,7,6
HUDSPETH COUNTY,229,77 Years,21,12,9,6,4,2,0,0,0,0,0,0,0,0,0,15,8,7
HUDSPETH COUNTY,229,78 Years,21,14,7,5,3,2,0,0,0,0,0,0,0,0,0,16,11,5
HUDSPETH COUNTY,229,79 Years,15,11,4,4,2,2,0,0,0,0,0,0,0,0,0,11,9,2
HUDSPETH COUNTY,229,80 Years,13,8,5,4,2,2,0,0,0,0,0,0,0,0,0,9,6,3
HUDSPETH COUNTY,229,81 Years,15,9,6,5,3,2,0,0,0,0,0,0,0,0,0,10,6,4
HUDSPETH COUNTY,229,82 Years,13,6,7,5,3,2,0,0,0,0,0,0,0,0,0,8,3,5
HUDSPETH COUNTY,229,83 Years,10,5,5,4,3,1,0,0,0,0,0,0,0,0,0,6,2,4
HUDSPETH COUNTY,229,84 Years,7,3,4,2,2,0,0,0,0,0,0,0,0,0,0,5,1,4
HUDSPETH COUNTY,229,85 Years,6,4,2,2,2,0,0,0,0,0,0,0,0,0,0,4,2,2
HUDSPETH COUNTY,229,86 Years,5,3,2,0,0,0,0,0,0,0,0,0,0,0,0,5,3,2
HUDSPETH COUNTY,229,87 Years,5,3,2,0,0,0,0,0,0,0,0,0,0,0,0,5,3,2
HUDSPETH COUNTY,229,88 Years,4,2,2,0,0,0,0,0,0,0,0,0,0,0,0,4,2,2
HUDSPETH COUNTY,229,89 Years,4,1,3,1,0,1,0,0,0,0,0,0,0,0,0,3,1,2
HUDSPETH COUNTY,229,90 Years,5,2,3,2,0,2,0,0,0,0,0,0,0,0,0,3,2,1
HUDSPETH COUNTY,229,91 Years,3,1,2,1,0,1,0,0,0,0,0,0,0,0,0,2,1,1
HUDSPETH COUNTY,229,92 Years,2,1,1,0,0,0,0,0,0,0,0,0,0,0,0,2,1,1
HUDSPETH COUNTY,229,93 Years,3,2,1,0,0,0,0,0,0,0,0,0,0,0,0,3,2,1
HUDSPETH COUNTY,229,94 Years,3,1,2,0,0,0,0,0,0,0,0,0,0,0,0,3,1,2
HUDSPETH COUNTY,229,95 Years +,7,4,3,1,1,0,0,0,0,0,0,0,0,0,0,6,3,3
HUNT COUNTY,231,All Ages,115143,56601,58542,79426,38735,40691,10361,4917,5444,1461,708,753,3154,1498,1656,20741,10743,9998
HUNT COUNTY,231,< 1 Year,1348,686,662,694,348,346,144,77,67,16,8,8,85,44,41,409,209,200
HUNT COUNTY,231,1 Years,1165,594,571,594,303,291,142,72,70,15,8,7,68,35,33,346,176,170
HUNT COUNTY,231,2 Years,1158,592,566,599,306,293,137,70,67,14,7,7,66,34,32,342,175,167
HUNT COUNTY,231,3 Years,1353,700,653,740,382,358,124,63,61,16,11,5,73,39,34,400,205,195
HUNT COUNTY,231,4 Years,1438,735,703,797,410,387,121,61,60,15,7,8,76,41,35,429,216,213
HUNT COUNTY,231,5 Years,1442,738,704,801,414,387,132,67,65,11,5,6,75,40,35,423,212,211
HUNT COUNTY,231,6 Years,1436,731,705,800,410,390,132,68,64,10,5,5,75,39,36,419,209,210
HUNT COUNTY,231,7 Years,1431,731,700,801,411,390,136,70,66,10,4,6,72,35,37,412,211,201
HUNT COUNTY,231,8 Years,1500,758,742,857,439,418,129,64,65,10,3,7,82,38,44,422,214,208
HUNT COUNTY,231,9 Years,1524,772,752,883,453,430,134,62,72,14,8,6,82,38,44,411,211,200
HUNT COUNTY,231,10 Years,1512,774,738,883,454,429,135,64,71,15,8,7,77,39,38,402,209,193
HUNT COUNTY,231,11 Years,1533,787,746,906,453,453,144,71,73,14,9,5,69,37,32,400,217,183
HUNT COUNTY,231,12 Years,1521,786,735,885,442,443,148,73,75,12,9,3,70,39,31,406,223,183
HUNT COUNTY,231,13 Years,1515,783,732,897,456,441,130,70,60,12,9,3,62,29,33,414,219,195
HUNT COUNTY,231,14 Years,1586,805,781,917,465,452,138,72,66,13,5,8,66,31,35,452,232,220
HUNT COUNTY,231,15 Years,1582,815,767,934,484,450,134,73,61,12,5,7,66,26,40,436,227,209
HUNT COUNTY,231,16 Years,1589,825,764,956,502,454,144,71,73,12,5,7,56,26,30,421,221,200
HUNT COUNTY,231,17 Years,1534,771,763,903,449,454,161,85,76,14,5,9,52,25,27,404,207,197
HUNT COUNTY,231,18 Years,1608,819,789,977,495,482,170,94,76,15,5,10,44,22,22,402,203,199
HUNT COUNTY,231,19 Years,1649,833,816,1008,520,488,184,91,93,14,4,10,43,20,23,400,198,202
HUNT COUNTY,231,20 Years,1672,825,847,983,487,496,218,107,111,22,8,14,44,20,24,405,203,202
HUNT COUNTY,231,21 Years,1724,838,886,1002,485,517,226,98,128,25,11,14,43,20,23,428,224,204
HUNT COUNTY,231,22 Years,1845,951,894,1088,573,515,244,110,134,37,20,17,46,21,25,430,227,203
HUNT COUNTY,231,23 Years,1588,824,764,920,480,440,197,100,97,49,25,24,45,21,24,377,198,179
HUNT COUNTY,231,24 Years,1528,763,765,879,437,442,192,85,107,53,30,23,56,30,26,348,181,167
HUNT COUNTY,231,25 Years,1602,805,797,941,468,473,179,86,93,71,46,25,50,23,27,361,182,179
HUNT COUNTY,231,26 Years,1650,825,825,1000,489,511,178,84,94,80,48,32,47,22,25,345,182,163
HUNT COUNTY,231,27 Years,1651,850,801,995,502,493,196,99,97,85,45,40,59,34,25,316,170,146
HUNT COUNTY,231,28 Years,1466,785,681,907,480,427,168,94,74,55,28,27,44,25,19,292,158,134
HUNT COUNTY,231,29 Years,1415,754,661,915,487,428,135,81,54,23,11,12,42,22,20,300,153,147
HUNT COUNTY,231,30 Years,1499,780,719,997,513,484,150,91,59,14,7,7,43,21,22,295,148,147
HUNT COUNTY,231,31 Years,1477,740,737,952,466,486,187,97,90,35,20,15,40,19,21,263,138,125
HUNT COUNTY,231,32 Years,1465,707,758,952,438,514,188,103,85,25,13,12,43,20,23,257,133,124
HUNT COUNTY,231,33 Years,1496,671,825,1003,437,566,165,75,90,9,4,5,45,13,32,274,142,132
HUNT COUNTY,231,34 Years,1335,615,720,894,399,495,144,60,84,17,9,8,43,12,31,237,135,102
HUNT COUNTY,231,35 Years,1254,617,637,853,411,442,118,54,64,25,13,12,36,10,26,222,129,93
HUNT COUNTY,231,36 Years,1250,644,606,850,434,416,112,59,53,22,10,12,25,7,18,241,134,107
HUNT COUNTY,231,37 Years,1277,643,634,843,420,423,131,68,63,11,5,6,26,10,16,266,140,126
HUNT COUNTY,231,38 Years,1287,610,677,872,398,474,137,72,65,8,3,5,20,9,11,250,128,122
HUNT COUNTY,231,39 Years,1311,656,655,906,440,466,126,66,60,10,5,5,27,15,12,242,130,112
HUNT COUNTY,231,40 Years,1272,629,643,856,425,431,120,59,61,16,4,12,26,12,14,254,129,125
HUNT COUNTY,231,41 Years,1376,682,694,943,476,467,117,52,65,16,5,11,23,10,13,277,139,138
HUNT COUNTY,231,42 Years,1380,680,700,952,462,490,121,55,66,20,13,7,25,9,16,262,141,121
HUNT COUNTY,231,43 Years,1321,632,689,926,445,481,118,49,69,22,13,9,16,8,8,239,117,122
HUNT COUNTY,231,44 Years,1283,603,680,898,425,473,115,52,63,19,8,11,22,15,7,229,103,126
HUNT COUNTY,231,45 Years,1276,620,656,908,431,477,106,46,60,17,9,8,26,14,12,219,120,99
HUNT COUNTY,231,46 Years,1278,632,646,896,426,470,100,50,50,16,8,8,21,11,10,245,137,108
HUNT COUNTY,231,47 Years,1284,654,630,859,440,419,103,44,59,20,9,11,31,15,16,271,146,125
HUNT COUNTY,231,48 Years,1304,654,650,899,464,435,98,42,56,20,8,12,29,10,19,258,130,128
HUNT COUNTY,231,49 Years,1385,675,710,992,493,499,102,45,57,18,6,12,27,9,18,246,122,124
HUNT COUNTY,231,50 Years,1429,682,747,1053,500,553,110,47,63,19,8,11,28,12,16,219,115,104
HUNT COUNTY,231,51 Years,1413,675,738,1055,493,562,108,45,63,22,11,11,26,13,13,202,113,89
HUNT COUNTY,231,52 Years,1446,717,729,1082,545,537,118,51,67,14,5,9,24,13,11,208,103,105
HUNT COUNTY,231,53 Years,1412,705,707,1051,526,525,106,48,58,7,1,6,22,13,9,226,117,109
HUNT COUNTY,231,54 Years,1397,692,705,1029,516,513,99,45,54,11,2,9,19,10,9,239,119,120
HUNT COUNTY,231,55 Years,1379,673,706,1010,502,508,110,49,61,14,6,8,22,8,14,223,108,115
HUNT COUNTY,231,56 Years,1426,687,739,1057,520,537,116,47,69,13,6,7,27,8,19,213,106,107
HUNT COUNTY,231,57 Years,1525,743,782,1160,564,596,129,56,73,12,5,7,31,15,16,193,103,90
HUNT COUNTY,231,58 Years,1577,764,813,1219,578,641,131,67,64,10,4,6,32,17,15,185,98,87
HUNT COUNTY,231,59 Years,1591,755,836,1231,583,648,127,59,68,12,5,7,40,17,23,181,91,90
HUNT COUNTY,231,60 Years,1614,768,846,1283,602,681,104,46,58,12,6,6,41,21,20,174,93,81
HUNT COUNTY,231,61 Years,1620,784,836,1312,633,679,100,41,59,18,9,9,34,17,17,156,84,72
HUNT COUNTY,231,62 Years,1573,779,794,1283,642,641,111,45,66,14,5,9,26,12,14,139,75,64
HUNT COUNTY,231,63 Years,1496,732,764,1225,609,616,118,51,67,11,3,8,17,6,11,125,63,62
HUNT COUNTY,231,64 Years,1421,675,746,1156,556,600,119,48,71,10,3,7,21,6,15,115,62,53
HUNT COUNTY,231,65 Years,1407,656,751,1148,540,608,114,47,67,8,3,5,27,10,17,110,56,54
HUNT COUNTY,231,66 Years,1375,671,704,1125,552,573,121,49,72,9,4,5,23,9,14,97,57,40
HUNT COUNTY,231,67 Years,1399,683,716,1156,562,594,110,47,63,10,4,6,17,8,9,106,62,44
HUNT COUNTY,231,68 Years,1337,661,676,1127,553,574,91,41,50,11,6,5,16,10,6,92,51,41
HUNT COUNTY,231,69 Years,1229,597,632,1047,501,546,86,38,48,7,5,2,20,10,10,69,43,26
HUNT COUNTY,231,70 Years,1127,542,585,952,452,500,82,38,44,5,3,2,17,7,10,71,42,29
HUNT COUNTY,231,71 Years,1083,506,577,912,430,482,79,33,46,6,2,4,13,5,8,73,36,37
HUNT COUNTY,231,72 Years,1062,506,556,893,435,458,77,30,47,8,3,5,17,9,8,67,29,38
HUNT COUNTY,231,73 Years,992,463,529,848,401,447,59,25,34,8,3,5,18,10,8,59,24,35
HUNT COUNTY,231,74 Years,969,446,523,834,385,449,53,21,32,10,4,6,16,7,9,56,29,27
HUNT COUNTY,231,75 Years,940,440,500,826,390,436,48,19,29,7,4,3,11,3,8,48,24,24
HUNT COUNTY,231,76 Years,806,365,441,701,315,386,49,22,27,5,3,2,11,5,6,40,20,20
HUNT COUNTY,231,77 Years,741,330,411,649,288,361,43,19,24,6,1,5,10,5,5,33,17,16
HUNT COUNTY,231,78 Years,691,318,373,614,285,329,38,17,21,5,1,4,10,5,5,24,10,14
HUNT COUNTY,231,79 Years,662,296,366,581,267,314,39,15,24,6,1,5,11,5,6,25,8,17
HUNT COUNTY,231,80 Years,620,272,348,547,247,300,34,12,22,6,1,5,9,4,5,24,8,16
HUNT COUNTY,231,81 Years,558,240,318,497,216,281,26,10,16,4,1,3,10,4,6,21,9,12
HUNT COUNTY,231,82 Years,484,210,274,432,187,245,23,10,13,2,1,1,9,4,5,18,8,10
HUNT COUNTY,231,83 Years,439,191,248,392,172,220,21,9,12,4,1,3,7,3,4,15,6,9
HUNT COUNTY,231,84 Years,398,174,224,354,154,200,20,9,11,3,1,2,7,4,3,14,6,8
HUNT COUNTY,231,85 Years,351,153,198,311,133,178,17,7,10,2,2,0,6,3,3,15,8,7
HUNT COUNTY,231,86 Years,330,134,196,289,116,173,17,6,11,2,1,1,7,4,3,15,7,8
HUNT COUNTY,231,87 Years,281,108,173,244,92,152,15,6,9,1,0,1,7,4,3,14,6,8
HUNT COUNTY,231,88 Years,228,78,150,203,70,133,14,4,10,1,0,1,4,2,2,6,2,4
HUNT COUNTY,231,89 Years,195,70,125,174,64,110,14,3,11,0,0,0,2,1,1,5,2,3
HUNT COUNTY,231,90 Years,165,63,102,148,59,89,10,2,8,0,0,0,2,1,1,5,1,4
HUNT COUNTY,231,91 Years,140,51,89,126,47,79,8,2,6,1,0,1,2,1,1,3,1,2
HUNT COUNTY,231,92 Years,110,40,70,99,37,62,8,2,6,1,0,1,0,0,0,2,1,1
HUNT COUNTY,231,93 Years,86,28,58,77,26,51,6,1,5,0,0,0,1,1,0,2,0,2
HUNT COUNTY,231,94 Years,67,23,44,58,19,39,6,2,4,0,0,0,1,1,0,2,1,1
HUNT COUNTY,231,95 Years +,177,56,121,143,44,99,17,5,12,0,0,0,4,1,3,13,6,7
HUTCHINSON COUNTY,233,All Ages,19984,10120,9864,13386,6698,6688,548,290,258,110,50,60,801,384,417,5139,2698,2441
HUTCHINSON COUNTY,233,< 1 Year,179,91,88,90,46,44,5,3,2,1,0,1,12,6,6,71,36,35
HUTCHINSON COUNTY,233,1 Years,237,121,116,121,62,59,8,4,4,1,1,0,12,6,6,95,48,47
HUTCHINSON COUNTY,233,2 Years,239,122,117,124,64,60,7,4,3,2,1,1,12,6,6,94,47,47
HUTCHINSON COUNTY,233,3 Years,248,131,117,150,79,71,7,5,2,1,1,0,11,6,5,79,40,39
HUTCHINSON COUNTY,233,4 Years,258,141,117,161,85,76,6,4,2,1,1,0,12,7,5,78,44,34
HUTCHINSON COUNTY,233,5 Years,266,139,127,163,82,81,6,3,3,1,1,0,16,9,7,80,44,36
HUTCHINSON COUNTY,233,6 Years,275,139,136,161,78,83,6,1,5,2,1,1,20,11,9,86,48,38
HUTCHINSON COUNTY,233,7 Years,284,140,144,162,75,87,7,2,5,2,1,1,22,12,10,91,50,41
HUTCHINSON COUNTY,233,8 Years,279,141,138,161,82,79,10,5,5,2,1,1,15,5,10,91,48,43
HUTCHINSON COUNTY,233,9 Years,280,146,134,163,87,76,10,6,4,2,1,1,11,3,8,94,49,45
HUTCHINSON COUNTY,233,10 Years,281,147,134,162,87,75,7,4,3,1,1,0,10,4,6,101,51,50
HUTCHINSON COUNTY,233,11 Years,272,138,134,153,80,73,5,3,2,1,1,0,13,4,9,100,50,50
HUTCHINSON COUNTY,233,12 Years,279,138,141,158,86,72,5,4,1,2,1,1,11,3,8,103,44,59
HUTCHINSON COUNTY,233,13 Years,286,137,149,169,89,80,5,3,2,1,0,1,15,5,10,96,40,56
HUTCHINSON COUNTY,233,14 Years,305,159,146,183,95,88,5,3,2,3,3,0,11,4,7,103,54,49
HUTCHINSON COUNTY,233,15 Years,289,141,148,170,84,86,6,3,3,2,1,1,12,3,9,99,50,49
HUTCHINSON COUNTY,233,16 Years,271,124,147,147,68,79,6,3,3,1,0,1,16,4,12,101,49,52
HUTCHINSON COUNTY,233,17 Years,285,133,152,166,80,86,5,2,3,1,0,1,13,5,8,100,46,54
HUTCHINSON COUNTY,233,18 Years,281,136,145,158,77,81,4,1,3,2,0,2,13,6,7,104,52,52
HUTCHINSON COUNTY,233,19 Years,277,143,134,147,76,71,6,2,4,3,1,2,12,8,4,109,56,53
HUTCHINSON COUNTY,233,20 Years,275,145,130,157,82,75,7,4,3,1,1,0,12,8,4,98,50,48
HUTCHINSON COUNTY,233,21 Years,274,151,123,158,89,69,11,6,5,1,1,0,12,8,4,92,47,45
HUTCHINSON COUNTY,233,22 Years,252,135,117,141,78,63,11,5,6,0,0,0,11,6,5,89,46,43
HUTCHINSON COUNTY,233,23 Years,221,111,110,126,65,61,8,4,4,0,0,0,10,4,6,77,38,39
HUTCHINSON COUNTY,233,24 Years,209,107,102,122,61,61,7,5,2,0,0,0,9,4,5,71,37,34
HUTCHINSON COUNTY,233,25 Years,219,108,111,129,66,63,8,4,4,0,0,0,9,4,5,73,34,39
HUTCHINSON COUNTY,233,26 Years,234,111,123,144,70,74,9,4,5,1,0,1,9,5,4,71,32,39
HUTCHINSON COUNTY,233,27 Years,260,136,124,162,82,80,9,6,3,1,0,1,8,4,4,80,44,36
HUTCHINSON COUNTY,233,28 Years,246,135,111,150,78,72,7,6,1,3,0,3,9,4,5,77,47,30
HUTCHINSON COUNTY,233,29 Years,250,143,107,154,81,73,9,6,3,1,0,1,10,7,3,76,49,27
HUTCHINSON COUNTY,233,30 Years,250,140,110,162,88,74,6,3,3,1,0,1,12,8,4,69,41,28
HUTCHINSON COUNTY,233,31 Years,245,134,111,158,89,69,8,4,4,0,0,0,8,5,3,71,36,35
HUTCHINSON COUNTY,233,32 Years,238,125,113,151,83,68,8,6,2,0,0,0,8,5,3,71,31,40
HUTCHINSON COUNTY,233,33 Years,226,112,114,143,72,71,6,5,1,2,1,1,10,6,4,65,28,37
HUTCHINSON COUNTY,233,34 Years,225,112,113,152,78,74,5,2,3,3,2,1,8,4,4,57,26,31
HUTCHINSON COUNTY,233,35 Years,220,112,108,147,72,75,7,3,4,1,0,1,6,3,3,59,34,25
HUTCHINSON COUNTY,233,36 Years,225,119,106,148,75,73,5,2,3,2,1,1,7,3,4,63,38,25
HUTCHINSON COUNTY,233,37 Years,232,122,110,147,71,76,7,4,3,1,0,1,9,5,4,68,42,26
HUTCHINSON COUNTY,233,38 Years,248,132,116,162,82,80,7,6,1,0,0,0,8,4,4,71,40,31
HUTCHINSON COUNTY,233,39 Years,279,144,135,185,93,92,6,4,2,0,0,0,8,4,4,80,43,37
HUTCHINSON COUNTY,233,40 Years,272,146,126,169,85,84,6,4,2,4,4,0,7,4,3,86,49,37
HUTCHINSON COUNTY,233,41 Years,249,134,115,154,78,76,6,4,2,2,1,1,8,5,3,79,46,33
HUTCHINSON COUNTY,233,42 Years,247,131,116,162,84,78,6,3,3,1,0,1,6,3,3,72,41,31
HUTCHINSON COUNTY,233,43 Years,248,124,124,162,83,79,7,3,4,1,1,0,7,3,4,71,34,37
HUTCHINSON COUNTY,233,44 Years,249,121,128,161,79,82,7,4,3,1,0,1,12,4,8,68,34,34
HUTCHINSON COUNTY,233,45 Years,247,117,130,158,73,85,8,5,3,1,1,0,10,4,6,70,34,36
HUTCHINSON COUNTY,233,46 Years,230,116,114,153,75,78,5,3,2,2,1,1,8,5,3,62,32,30
HUTCHINSON COUNTY,233,47 Years,237,119,118,158,76,82,7,3,4,2,1,1,7,4,3,63,35,28
HUTCHINSON COUNTY,233,48 Years,238,122,116,157,77,80,6,3,3,2,1,1,5,1,4,68,40,28
HUTCHINSON COUNTY,233,49 Years,249,133,116,167,86,81,6,4,2,2,1,1,5,2,3,69,40,29
HUTCHINSON COUNTY,233,50 Years,241,127,114,166,84,82,8,4,4,1,1,0,8,5,3,58,33,25
HUTCHINSON COUNTY,233,51 Years,233,123,110,161,84,77,5,2,3,1,0,1,9,6,3,57,31,26
HUTCHINSON COUNTY,233,52 Years,234,119,115,169,85,84,4,2,2,0,0,0,8,5,3,53,27,26
HUTCHINSON COUNTY,233,53 Years,224,110,114,155,70,85,4,3,1,2,1,1,8,5,3,55,31,24
HUTCHINSON COUNTY,233,54 Years,217,108,109,150,70,80,3,2,1,2,1,1,9,3,6,53,32,21
HUTCHINSON COUNTY,233,55 Years,216,115,101,151,76,75,5,2,3,0,0,0,9,4,5,51,33,18
HUTCHINSON COUNTY,233,56 Years,208,107,101,148,75,73,5,2,3,1,0,1,11,6,5,43,24,19
HUTCHINSON COUNTY,233,57 Years,204,104,100,150,75,75,7,4,3,1,1,0,7,3,4,39,21,18
HUTCHINSON COUNTY,233,58 Years,230,110,120,172,85,87,5,2,3,2,1,1,9,3,6,42,19,23
HUTCHINSON COUNTY,233,59 Years,242,121,121,178,91,87,7,3,4,2,1,1,11,5,6,44,21,23
HUTCHINSON COUNTY,233,60 Years,252,130,122,194,100,94,8,4,4,2,1,1,9,4,5,39,21,18
HUTCHINSON COUNTY,233,61 Years,262,135,127,204,104,100,6,4,2,2,1,1,13,5,8,37,21,16
HUTCHINSON COUNTY,233,62 Years,256,136,120,193,96,97,11,6,5,2,1,1,12,7,5,38,26,12
HUTCHINSON COUNTY,233,63 Years,257,131,126,196,98,98,9,4,5,1,0,1,10,5,5,41,24,17
HUTCHINSON COUNTY,233,64 Years,259,128,131,203,104,99,7,3,4,1,0,1,7,2,5,41,19,22
HUTCHINSON COUNTY,233,65 Years,269,137,132,210,107,103,8,4,4,2,0,2,6,4,2,43,22,21
HUTCHINSON COUNTY,233,66 Years,251,131,120,195,99,96,10,5,5,4,3,1,8,5,3,34,19,15
HUTCHINSON COUNTY,233,67 Years,242,124,118,193,95,98,10,5,5,2,1,1,9,6,3,28,17,11
HUTCHINSON COUNTY,233,68 Years,232,117,115,187,92,95,11,5,6,1,0,1,10,5,5,23,15,8
HUTCHINSON COUNTY,233,69 Years,233,110,123,187,88,99,10,5,5,1,1,0,10,5,5,25,11,14
HUTCHINSON COUNTY,233,70 Years,213,103,110,175,85,90,8,5,3,0,0,0,7,3,4,23,10,13
HUTCHINSON COUNTY,233,71 Years,219,106,113,184,89,95,6,3,3,0,0,0,7,3,4,22,11,11
HUTCHINSON COUNTY,233,72 Years,202,101,101,169,84,85,5,2,3,0,0,0,5,2,3,23,13,10
HUTCHINSON COUNTY,233,73 Years,181,93,88,153,80,73,6,3,3,1,0,1,4,1,3,17,9,8
HUTCHINSON COUNTY,233,74 Years,181,90,91,152,77,75,6,3,3,1,0,1,5,1,4,17,9,8
HUTCHINSON COUNTY,233,75 Years,162,81,81,140,70,70,3,2,1,1,0,1,3,1,2,15,8,7
HUTCHINSON COUNTY,233,76 Years,139,65,74,120,56,64,3,2,1,1,0,1,1,1,0,14,6,8
HUTCHINSON COUNTY,233,77 Years,136,62,74,114,54,60,3,1,2,1,0,1,5,1,4,13,6,7
HUTCHINSON COUNTY,233,78 Years,129,62,67,105,52,53,2,1,1,0,0,0,7,2,5,15,7,8
HUTCHINSON COUNTY,233,79 Years,111,52,59,93,43,50,1,0,1,0,0,0,5,2,3,12,7,5
HUTCHINSON COUNTY,233,80 Years,105,42,63,90,34,56,5,3,2,0,0,0,1,1,0,9,4,5
HUTCHINSON COUNTY,233,81 Years,92,38,54,79,33,46,3,1,2,0,0,0,2,0,2,8,4,4
HUTCHINSON COUNTY,233,82 Years,90,43,47,73,34,39,3,1,2,0,0,0,6,3,3,8,5,3
HUTCHINSON COUNTY,233,83 Years,87,38,49,71,29,42,1,0,1,2,1,1,6,4,2,7,4,3
HUTCHINSON COUNTY,233,84 Years,70,33,37,61,26,35,0,0,0,1,1,0,4,3,1,4,3,1
HUTCHINSON COUNTY,233,85 Years,67,32,35,57,27,30,0,0,0,0,0,0,6,3,3,4,2,2
HUTCHINSON COUNTY,233,86 Years,64,32,32,52,27,25,1,1,0,2,0,2,4,2,2,5,2,3
HUTCHINSON COUNTY,233,87 Years,52,23,29,43,20,23,1,1,0,1,0,1,2,1,1,5,1,4
HUTCHINSON COUNTY,233,88 Years,42,16,26,37,15,22,0,0,0,1,0,1,1,0,1,3,1,2
HUTCHINSON COUNTY,233,89 Years,41,16,25,36,14,22,1,0,1,0,0,0,2,1,1,2,1,1
HUTCHINSON COUNTY,233,90 Years,39,14,25,34,13,21,2,0,2,0,0,0,1,0,1,2,1,1
HUTCHINSON COUNTY,233,91 Years,33,12,21,28,11,17,2,0,2,0,0,0,1,0,1,2,1,1
HUTCHINSON COUNTY,233,92 Years,25,10,15,22,8,14,0,0,0,0,0,0,2,1,1,1,1,0
HUTCHINSON COUNTY,233,93 Years,21,9,12,18,7,11,0,0,0,0,0,0,2,1,1,1,1,0
HUTCHINSON COUNTY,233,94 Years,16,7,9,15,6,9,0,0,0,0,0,0,1,1,0,0,0,0
HUTCHINSON COUNTY,233,95 Years +,40,13,27,35,13,22,2,0,2,0,0,0,1,0,1,2,0,2
IRION COUNTY,235,All Ages,1552,796,756,1088,548,540,4,3,1,0,0,0,17,7,10,443,238,205
IRION COUNTY,235,< 1 Year,15,8,7,9,5,4,0,0,0,0,0,0,1,0,1,5,3,2
IRION COUNTY,235,1 Years,15,9,6,8,4,4,0,0,0,0,0,0,1,1,0,6,4,2
IRION COUNTY,235,2 Years,15,9,6,8,4,4,0,0,0,0,0,0,1,1,0,6,4,2
IRION COUNTY,235,3 Years,16,8,8,10,4,6,0,0,0,0,0,0,1,0,1,5,4,1
IRION COUNTY,235,4 Years,16,7,9,11,4,7,0,0,0,0,0,0,0,0,0,5,3,2
IRION COUNTY,235,5 Years,16,5,11,11,3,8,0,0,0,0,0,0,0,0,0,5,2,3
IRION COUNTY,235,6 Years,15,6,9,10,4,6,0,0,0,0,0,0,0,0,0,5,2,3
IRION COUNTY,235,7 Years,16,7,9,9,4,5,0,0,0,0,0,0,0,0,0,7,3,4
IRION COUNTY,235,8 Years,24,9,15,15,5,10,0,0,0,0,0,0,0,0,0,9,4,5
IRION COUNTY,235,9 Years,25,8,17,16,5,11,0,0,0,0,0,0,0,0,0,9,3,6
IRION COUNTY,235,10 Years,28,12,16,19,8,11,0,0,0,0,0,0,0,0,0,9,4,5
IRION COUNTY,235,11 Years,25,12,13,18,10,8,0,0,0,0,0,0,0,0,0,7,2,5
IRION COUNTY,235,12 Years,21,11,10,15,7,8,0,0,0,0,0,0,0,0,0,6,4,2
IRION COUNTY,235,13 Years,23,13,10,17,9,8,0,0,0,0,0,0,0,0,0,6,4,2
IRION COUNTY,235,14 Years,24,14,10,18,11,7,0,0,0,0,0,0,0,0,0,6,3,3
IRION COUNTY,235,15 Years,19,12,7,13,8,5,0,0,0,0,0,0,0,0,0,6,4,2
IRION COUNTY,235,16 Years,18,9,9,12,6,6,0,0,0,0,0,0,1,0,1,5,3,2
IRION COUNTY,235,17 Years,18,9,9,13,6,7,0,0,0,0,0,0,0,0,0,5,3,2
IRION COUNTY,235,18 Years,22,9,13,14,6,8,0,0,0,0,0,0,0,0,0,8,3,5
IRION COUNTY,235,19 Years,21,11,10,10,5,5,0,0,0,0,0,0,0,0,0,11,6,5
IRION COUNTY,235,20 Years,23,14,9,14,9,5,0,0,0,0,0,0,1,0,1,8,5,3
IRION COUNTY,235,21 Years,16,11,5,11,8,3,0,0,0,0,0,0,0,0,0,5,3,2
IRION COUNTY,235,22 Years,17,10,7,8,5,3,0,0,0,0,0,0,2,2,0,7,3,4
IRION COUNTY,235,23 Years,12,7,5,8,4,4,0,0,0,0,0,0,0,0,0,4,3,1
IRION COUNTY,235,24 Years,11,6,5,8,4,4,0,0,0,0,0,0,1,0,1,2,2,0
IRION COUNTY,235,25 Years,12,6,6,9,4,5,0,0,0,0,0,0,0,0,0,3,2,1
IRION COUNTY,235,26 Years,13,8,5,9,5,4,0,0,0,0,0,0,0,0,0,4,3,1
IRION COUNTY,235,27 Years,14,8,6,10,6,4,0,0,0,0,0,0,0,0,0,4,2,2
IRION COUNTY,235,28 Years,14,5,9,11,4,7,0,0,0,0,0,0,0,0,0,3,1,2
IRION COUNTY,235,29 Years,21,7,14,16,4,12,1,1,0,0,0,0,0,0,0,4,2,2
IRION COUNTY,235,30 Years,23,10,13,17,7,10,1,1,0,0,0,0,0,0,0,5,2,3
IRION COUNTY,235,31 Years,15,8,7,11,7,4,0,0,0,0,0,0,0,0,0,4,1,3
IRION COUNTY,235,32 Years,10,5,5,7,5,2,0,0,0,0,0,0,0,0,0,3,0,3
IRION COUNTY,235,33 Years,18,10,8,12,7,5,0,0,0,0,0,0,1,0,1,5,3,2
IRION COUNTY,235,34 Years,14,10,4,9,6,3,0,0,0,0,0,0,0,0,0,5,4,1
IRION COUNTY,235,35 Years,18,8,10,11,5,6,0,0,0,0,0,0,0,0,0,7,3,4
IRION COUNTY,235,36 Years,22,13,9,16,10,6,0,0,0,0,0,0,0,0,0,6,3,3
IRION COUNTY,235,37 Years,29,16,13,19,8,11,0,0,0,0,0,0,1,0,1,9,8,1
IRION COUNTY,235,38 Years,33,18,15,22,9,13,0,0,0,0,0,0,0,0,0,11,9,2
IRION COUNTY,235,39 Years,22,13,9,17,9,8,0,0,0,0,0,0,0,0,0,5,4,1
IRION COUNTY,235,40 Years,14,6,8,13,6,7,0,0,0,0,0,0,0,0,0,1,0,1
IRION COUNTY,235,41 Years,18,10,8,15,8,7,0,0,0,0,0,0,0,0,0,3,2,1
IRION COUNTY,235,42 Years,14,8,6,11,6,5,0,0,0,0,0,0,0,0,0,3,2,1
IRION COUNTY,235,43 Years,12,8,4,6,3,3,0,0,0,0,0,0,0,0,0,6,5,1
IRION COUNTY,235,44 Years,16,10,6,9,5,4,0,0,0,0,0,0,0,0,0,7,5,2
IRION COUNTY,235,45 Years,19,11,8,8,4,4,0,0,0,0,0,0,1,0,1,10,7,3
IRION COUNTY,235,46 Years,17,11,6,6,3,3,0,0,0,0,0,0,0,0,0,11,8,3
IRION COUNTY,235,47 Years,13,7,6,8,5,3,0,0,0,0,0,0,0,0,0,5,2,3
IRION COUNTY,235,48 Years,18,10,8,13,8,5,0,0,0,0,0,0,0,0,0,5,2,3
IRION COUNTY,235,49 Years,21,11,10,17,9,8,0,0,0,0,0,0,0,0,0,4,2,2
IRION COUNTY,235,50 Years,24,15,9,19,12,7,0,0,0,0,0,0,0,0,0,5,3,2
IRION COUNTY,235,51 Years,20,13,7,12,8,4,0,0,0,0,0,0,1,0,1,7,5,2
IRION COUNTY,235,52 Years,18,8,10,12,5,7,0,0,0,0,0,0,0,0,0,6,3,3
IRION COUNTY,235,53 Years,16,7,9,12,5,7,0,0,0,0,0,0,0,0,0,4,2,2
IRION COUNTY,235,54 Years,14,7,7,10,5,5,0,0,0,0,0,0,0,0,0,4,2,2
IRION COUNTY,235,55 Years,15,8,7,9,5,4,0,0,0,0,0,0,0,0,0,6,3,3
IRION COUNTY,235,56 Years,14,7,7,7,4,3,0,0,0,0,0,0,0,0,0,7,3,4
IRION COUNTY,235,57 Years,17,9,8,13,7,6,0,0,0,0,0,0,0,0,0,4,2,2
IRION COUNTY,235,58 Years,22,12,10,16,9,7,0,0,0,0,0,0,0,0,0,6,3,3
IRION COUNTY,235,59 Years,23,12,11,16,9,7,0,0,0,0,0,0,1,0,1,6,3,3
IRION COUNTY,235,60 Years,24,11,13,17,7,10,1,1,0,0,0,0,1,1,0,5,2,3
IRION COUNTY,235,61 Years,23,11,12,18,8,10,0,0,0,0,0,0,1,1,0,4,2,2
IRION COUNTY,235,62 Years,22,14,8,18,12,6,0,0,0,0,0,0,0,0,0,4,2,2
IRION COUNTY,235,63 Years,23,13,10,19,11,8,0,0,0,0,0,0,0,0,0,4,2,2
IRION COUNTY,235,64 Years,27,13,14,21,11,10,0,0,0,0,0,0,0,0,0,6,2,4
IRION COUNTY,235,65 Years,26,11,15,19,10,9,0,0,0,0,0,0,0,0,0,7,1,6
IRION COUNTY,235,66 Years,24,12,12,13,8,5,1,0,1,0,0,0,0,0,0,10,4,6
IRION COUNTY,235,67 Years,18,9,9,12,6,6,0,0,0,0,0,0,0,0,0,6,3,3
IRION COUNTY,235,68 Years,19,10,9,15,7,8,0,0,0,0,0,0,0,0,0,4,3,1
IRION COUNTY,235,69 Years,21,11,10,17,9,8,0,0,0,0,0,0,0,0,0,4,2,2
IRION COUNTY,235,70 Years,20,9,11,16,8,8,0,0,0,0,0,0,0,0,0,4,1,3
IRION COUNTY,235,71 Years,15,8,7,12,7,5,0,0,0,0,0,0,0,0,0,3,1,2
IRION COUNTY,235,72 Years,17,9,8,13,6,7,0,0,0,0,0,0,0,0,0,4,3,1
IRION COUNTY,235,73 Years,16,9,7,13,6,7,0,0,0,0,0,0,0,0,0,3,3,0
IRION COUNTY,235,74 Years,17,9,8,13,7,6,0,0,0,0,0,0,0,0,0,4,2,2
IRION COUNTY,235,75 Years,19,11,8,14,7,7,0,0,0,0,0,0,0,0,0,5,4,1
IRION COUNTY,235,76 Years,13,8,5,9,6,3,0,0,0,0,0,0,0,0,0,4,2,2
IRION COUNTY,235,77 Years,10,3,7,8,3,5,0,0,0,0,0,0,0,0,0,2,0,2
IRION COUNTY,235,78 Years,11,5,6,9,4,5,0,0,0,0,0,0,0,0,0,2,1,1
IRION COUNTY,235,79 Years,10,5,5,8,4,4,0,0,0,0,0,0,1,1,0,1,0,1
IRION COUNTY,235,80 Years,11,4,7,9,4,5,0,0,0,0,0,0,0,0,0,2,0,2
IRION COUNTY,235,81 Years,11,5,6,10,5,5,0,0,0,0,0,0,0,0,0,1,0,1
IRION COUNTY,235,82 Years,10,4,6,9,4,5,0,0,0,0,0,0,0,0,0,1,0,1
IRION COUNTY,235,83 Years,9,4,5,8,4,4,0,0,0,0,0,0,0,0,0,1,0,1
IRION COUNTY,235,84 Years,7,3,4,6,3,3,0,0,0,0,0,0,0,0,0,1,0,1
IRION COUNTY,235,85 Years,4,2,2,3,2,1,0,0,0,0,0,0,0,0,0,1,0,1
IRION COUNTY,235,86 Years,5,2,3,3,1,2,0,0,0,0,0,0,0,0,0,2,1,1
IRION COUNTY,235,87 Years,5,2,3,4,2,2,0,0,0,0,0,0,0,0,0,1,0,1
IRION COUNTY,235,88 Years,5,2,3,4,1,3,0,0,0,0,0,0,0,0,0,1,1,0
IRION COUNTY,235,89 Years,3,1,2,3,1,2,0,0,0,0,0,0,0,0,0,0,0,0
IRION COUNTY,235,90 Years,3,2,1,2,1,1,0,0,0,0,0,0,0,0,0,1,1,0
IRION COUNTY,235,91 Years,3,2,1,3,2,1,0,0,0,0,0,0,0,0,0,0,0,0
IRION COUNTY,235,92 Years,1,0,1,1,0,1,0,0,0,0,0,0,0,0,0,0,0,0
IRION COUNTY,235,93 Years,1,0,1,1,0,1,0,0,0,0,0,0,0,0,0,0,0,0
IRION COUNTY,235,94 Years,1,0,1,1,0,1,0,0,0,0,0,0,0,0,0,0,0,0
IRION COUNTY,235,95 Years +,4,1,3,4,1,3,0,0,0,0,0,0,0,0,0,0,0,0
JACK COUNTY,237,All Ages,8858,4969,3889,6581,3523,3058,357,320,37,24,13,11,142,82,60,1754,1031,723
JACK COUNTY,237,< 1 Year,87,45,42,57,30,27,1,0,1,0,0,0,3,1,2,26,14,12
JACK COUNTY,237,1 Years,83,43,40,52,26,26,1,1,0,0,0,0,3,2,1,27,14,13
JACK COUNTY,237,2 Years,85,43,42,54,27,27,2,1,1,0,0,0,3,2,1,26,13,13
JACK COUNTY,237,3 Years,78,40,38,54,30,24,2,1,1,0,0,0,1,0,1,21,9,12
JACK COUNTY,237,4 Years,84,45,39,58,32,26,2,1,1,0,0,0,2,1,1,22,11,11
JACK COUNTY,237,5 Years,89,45,44,61,33,28,2,1,1,0,0,0,3,1,2,23,10,13
JACK COUNTY,237,6 Years,100,52,48,66,34,32,2,1,1,0,0,0,4,2,2,28,15,13
JACK COUNTY,237,7 Years,102,53,49,67,33,34,2,1,1,0,0,0,2,1,1,31,18,13
JACK COUNTY,237,8 Years,113,60,53,78,42,36,0,0,0,0,0,0,3,1,2,32,17,15
JACK COUNTY,237,9 Years,116,60,56,82,45,37,0,0,0,0,0,0,5,1,4,29,14,15
JACK COUNTY,237,10 Years,116,60,56,83,45,38,0,0,0,0,0,0,3,1,2,30,14,16
JACK COUNTY,237,11 Years,121,64,57,85,47,38,0,0,0,0,0,0,2,0,2,34,17,17
JACK COUNTY,237,12 Years,120,55,65,77,31,46,5,3,2,0,0,0,1,1,0,37,20,17
JACK COUNTY,237,13 Years,121,56,65,77,30,47,4,3,1,0,0,0,1,1,0,39,22,17
JACK COUNTY,237,14 Years,119,63,56,78,38,40,2,2,0,0,0,0,1,1,0,38,22,16
JACK COUNTY,237,15 Years,125,72,53,84,46,38,2,2,0,0,0,0,4,3,1,35,21,14
JACK COUNTY,237,16 Years,121,68,53,84,46,38,2,2,0,0,0,0,7,5,2,28,15,13
JACK COUNTY,237,17 Years,114,64,50,75,44,31,2,2,0,0,0,0,3,2,1,34,16,18
JACK COUNTY,237,18 Years,129,82,47,81,52,29,2,2,0,0,0,0,4,4,0,42,24,18
JACK COUNTY,237,19 Years,132,82,50,79,46,33,10,10,0,0,0,0,0,0,0,43,26,17
JACK COUNTY,237,20 Years,140,91,49,92,57,35,5,5,0,0,0,0,4,1,3,39,28,11
JACK COUNTY,237,21 Years,133,88,45,88,56,32,9,8,1,0,0,0,1,0,1,35,24,11
JACK COUNTY,237,22 Years,141,98,43,92,63,29,11,10,1,0,0,0,1,1,0,37,24,13
JACK COUNTY,237,23 Years,129,89,40,76,49,27,14,13,1,0,0,0,1,1,0,38,26,12
JACK COUNTY,237,24 Years,126,90,36,79,54,25,7,7,0,3,3,0,1,1,0,36,25,11
JACK COUNTY,237,25 Years,131,91,40,80,52,28,14,13,1,1,1,0,2,0,2,34,25,9
JACK COUNTY,237,26 Years,134,92,42,85,52,33,9,9,0,0,0,0,3,2,1,37,29,8
JACK COUNTY,237,27 Years,121,76,45,84,52,32,9,8,1,0,0,0,2,0,2,26,16,10
JACK COUNTY,237,28 Years,122,83,39,83,55,28,6,6,0,0,0,0,1,1,0,32,21,11
JACK COUNTY,237,29 Years,121,81,40,81,51,30,12,12,0,0,0,0,0,0,0,28,18,10
JACK COUNTY,237,30 Years,116,73,43,78,46,32,9,7,2,0,0,0,2,2,0,27,18,9
JACK COUNTY,237,31 Years,120,79,41,78,45,33,12,11,1,0,0,0,2,2,0,28,21,7
JACK COUNTY,237,32 Years,127,87,40,78,45,33,17,17,0,1,1,0,1,1,0,30,23,7
JACK COUNTY,237,33 Years,111,72,39,72,41,31,11,11,0,0,0,0,1,0,1,27,20,7
JACK COUNTY,237,34 Years,121,70,51,85,45,40,7,7,0,0,0,0,2,0,2,27,18,9
JACK COUNTY,237,35 Years,103,60,43,71,35,36,7,7,0,0,0,0,2,1,1,23,17,6
JACK COUNTY,237,36 Years,111,69,42,81,47,34,7,6,1,0,0,0,0,0,0,23,16,7
JACK COUNTY,237,37 Years,109,69,40,77,46,31,7,7,0,1,0,1,2,1,1,22,15,7
JACK COUNTY,237,38 Years,126,80,46,92,53,39,7,7,0,1,1,0,1,1,0,25,18,7
JACK COUNTY,237,39 Years,120,71,49,93,53,40,7,6,1,0,0,0,2,1,1,18,11,7
JACK COUNTY,237,40 Years,105,61,44,84,48,36,5,5,0,0,0,0,1,1,0,15,7,8
JACK COUNTY,237,41 Years,113,64,49,78,40,38,9,8,1,1,0,1,2,2,0,23,14,9
JACK COUNTY,237,42 Years,110,63,47,78,43,35,8,7,1,1,0,1,0,0,0,23,13,10
JACK COUNTY,237,43 Years,90,57,33,63,37,26,6,6,0,0,0,0,1,0,1,20,14,6
JACK COUNTY,237,44 Years,86,51,35,60,36,24,5,5,0,0,0,0,0,0,0,21,10,11
JACK COUNTY,237,45 Years,94,53,41,65,34,31,6,6,0,2,2,0,0,0,0,21,11,10
JACK COUNTY,237,46 Years,94,53,41,69,36,33,4,4,0,1,1,0,1,0,1,19,12,7
JACK COUNTY,237,47 Years,101,51,50,72,33,39,5,5,0,0,0,0,0,0,0,24,13,11
JACK COUNTY,237,48 Years,108,60,48,80,42,38,5,5,0,0,0,0,1,1,0,22,12,10
JACK COUNTY,237,49 Years,115,63,52,84,45,39,6,6,0,0,0,0,1,1,0,24,11,13
JACK COUNTY,237,50 Years,112,62,50,79,40,39,6,6,0,1,1,0,3,3,0,23,12,11
JACK COUNTY,237,51 Years,106,57,49,74,36,38,5,5,0,2,0,2,4,4,0,21,12,9
JACK COUNTY,237,52 Years,116,64,52,84,46,38,5,5,0,2,1,1,4,2,2,21,10,11
JACK COUNTY,237,53 Years,109,61,48,82,44,38,3,3,0,1,1,0,5,4,1,18,9,9
JACK COUNTY,237,54 Years,113,60,53,86,46,40,5,5,0,0,0,0,0,0,0,22,9,13
JACK COUNTY,237,55 Years,99,52,47,76,39,37,3,3,0,0,0,0,0,0,0,20,10,10
JACK COUNTY,237,56 Years,93,50,43,76,38,38,2,2,0,1,1,0,1,1,0,13,8,5
JACK COUNTY,237,57 Years,103,54,49,85,43,42,4,4,0,1,0,1,2,1,1,11,6,5
JACK COUNTY,237,58 Years,120,70,50,99,56,43,5,5,0,0,0,0,3,3,0,13,6,7
JACK COUNTY,237,59 Years,120,71,49,104,59,45,2,2,0,0,0,0,2,2,0,12,8,4
JACK COUNTY,237,60 Years,116,64,52,99,55,44,2,2,0,0,0,0,1,0,1,14,7,7
JACK COUNTY,237,61 Years,117,60,57,99,51,48,2,2,0,0,0,0,2,1,1,14,6,8
JACK COUNTY,237,62 Years,112,55,57,98,48,50,1,1,0,0,0,0,0,0,0,13,6,7
JACK COUNTY,237,63 Years,103,48,55,89,41,48,2,1,1,1,0,1,0,0,0,11,6,5
JACK COUNTY,237,64 Years,100,51,49,84,41,43,1,1,0,1,0,1,1,1,0,13,8,5
JACK COUNTY,237,65 Years,99,51,48,86,42,44,2,1,1,0,0,0,1,1,0,10,7,3
JACK COUNTY,237,66 Years,101,49,52,91,44,47,2,1,1,0,0,0,2,1,1,6,3,3
JACK COUNTY,237,67 Years,92,46,46,85,42,43,1,1,0,0,0,0,1,0,1,5,3,2
JACK COUNTY,237,68 Years,89,46,43,81,41,40,2,1,1,0,0,0,0,0,0,6,4,2
JACK COUNTY,237,69 Years,109,55,54,100,52,48,2,0,2,1,0,1,0,0,0,6,3,3
JACK COUNTY,237,70 Years,100,50,50,90,45,45,2,1,1,1,0,1,2,2,0,5,2,3
JACK COUNTY,237,71 Years,76,35,41,67,33,34,2,0,2,0,0,0,3,1,2,4,1,3
JACK COUNTY,237,72 Years,68,34,34,63,33,30,2,0,2,0,0,0,2,0,2,1,1,0
JACK COUNTY,237,73 Years,74,31,43,70,29,41,1,0,1,0,0,0,1,0,1,2,2,0
JACK COUNTY,237,74 Years,76,31,45,73,30,43,1,0,1,0,0,0,0,0,0,2,1,1
JACK COUNTY,237,75 Years,78,33,45,75,31,44,2,1,1,0,0,0,0,0,0,1,1,0
JACK COUNTY,237,76 Years,62,31,31,59,30,29,1,0,1,0,0,0,0,0,0,2,1,1
JACK COUNTY,237,77 Years,60,27,33,54,25,29,0,0,0,0,0,0,2,1,1,4,1,3
JACK COUNTY,237,78 Years,53,24,29,50,23,27,0,0,0,0,0,0,1,0,1,2,1,1
JACK COUNTY,237,79 Years,48,21,27,46,20,26,0,0,0,0,0,0,0,0,0,2,1,1
JACK COUNTY,237,80 Years,47,24,23,43,22,21,0,0,0,0,0,0,0,0,0,4,2,2
JACK COUNTY,237,81 Years,45,24,21,42,23,19,0,0,0,0,0,0,1,0,1,2,1,1
JACK COUNTY,237,82 Years,43,23,20,40,21,19,0,0,0,0,0,0,1,1,0,2,1,1
JACK COUNTY,237,83 Years,41,19,22,37,16,21,0,0,0,0,0,0,1,1,0,3,2,1
JACK COUNTY,237,84 Years,40,19,21,37,17,20,0,0,0,0,0,0,0,0,0,3,2,1
JACK COUNTY,237,85 Years,30,11,19,28,10,18,0,0,0,0,0,0,0,0,0,2,1,1
JACK COUNTY,237,86 Years,28,13,15,26,11,15,0,0,0,0,0,0,1,1,0,1,1,0
JACK COUNTY,237,87 Years,26,12,14,23,10,13,0,0,0,0,0,0,0,0,0,3,2,1
JACK COUNTY,237,88 Years,18,9,9,16,8,8,0,0,0,0,0,0,0,0,0,2,1,1
JACK COUNTY,237,89 Years,15,7,8,15,7,8,0,0,0,0,0,0,0,0,0,0,0,0
JACK COUNTY,237,90 Years,14,7,7,12,6,6,0,0,0,0,0,0,0,0,0,2,1,1
JACK COUNTY,237,91 Years,10,4,6,9,4,5,0,0,0,0,0,0,1,0,1,0,0,0
JACK COUNTY,237,92 Years,12,5,7,11,5,6,0,0,0,0,0,0,0,0,0,1,0,1
JACK COUNTY,237,93 Years,10,4,6,8,4,4,0,0,0,0,0,0,0,0,0,2,0,2
JACK COUNTY,237,94 Years,8,3,5,7,3,4,0,0,0,0,0,0,0,0,0,1,0,1
JACK COUNTY,237,95 Years +,14,5,9,13,5,8,0,0,0,0,0,0,1,0,1,0,0,0
JACKSON COUNTY,239,All Ages,15458,7711,7747,8445,4127,4318,1052,508,544,67,29,38,227,110,117,5667,2937,2730
JACKSON COUNTY,239,< 1 Year,196,101,95,84,43,41,11,6,5,2,1,1,7,4,3,92,47,45
JACKSON COUNTY,239,1 Years,193,97,96,80,40,40,13,6,7,1,1,0,6,3,3,93,47,46
JACKSON COUNTY,239,2 Years,194,99,95,82,42,40,12,6,6,1,0,1,6,3,3,93,48,45
JACKSON COUNTY,239,3 Years,220,111,109,95,49,46,16,6,10,1,1,0,5,2,3,103,53,50
JACKSON COUNTY,239,4 Years,229,112,117,99,50,49,18,7,11,0,0,0,6,2,4,106,53,53
JACKSON COUNTY,239,5 Years,225,108,117,95,44,51,15,7,8,1,1,0,6,2,4,108,54,54
JACKSON COUNTY,239,6 Years,225,109,116,94,44,50,13,7,6,1,1,0,6,3,3,111,54,57
JACKSON COUNTY,239,7 Years,223,110,113,95,49,46,14,7,7,1,1,0,3,2,1,110,51,59
JACKSON COUNTY,239,8 Years,211,95,116,91,47,44,12,5,7,1,0,1,4,0,4,103,43,60
JACKSON COUNTY,239,9 Years,207,93,114,90,44,46,15,7,8,2,1,1,5,1,4,95,40,55
JACKSON COUNTY,239,10 Years,205,91,114,89,40,49,14,7,7,1,1,0,5,1,4,96,42,54
JACKSON COUNTY,239,11 Years,202,91,111,88,40,48,16,8,8,1,0,1,3,2,1,94,41,53
JACKSON COUNTY,239,12 Years,223,117,106,102,58,44,17,6,11,1,1,0,5,1,4,98,51,47
JACKSON COUNTY,239,13 Years,232,120,112,100,57,43,20,7,13,1,0,1,5,3,2,106,53,53
JACKSON COUNTY,239,14 Years,234,119,115,92,48,44,24,15,9,3,3,0,7,4,3,108,49,59
JACKSON COUNTY,239,15 Years,222,107,115,85,42,43,20,13,7,1,1,0,5,3,2,111,48,63
JACKSON COUNTY,239,16 Years,230,110,120,95,46,49,20,10,10,0,0,0,4,1,3,111,53,58
JACKSON COUNTY,239,17 Years,218,110,108,96,50,46,17,8,9,1,0,1,3,1,2,101,51,50
JACKSON COUNTY,239,18 Years,213,109,104,97,48,49,15,8,7,0,0,0,3,1,2,98,52,46
JACKSON COUNTY,239,19 Years,205,103,102,91,44,47,17,11,6,0,0,0,2,1,1,95,47,48
JACKSON COUNTY,239,20 Years,192,97,95,92,45,47,17,11,6,0,0,0,2,1,1,81,40,41
JACKSON COUNTY,239,21 Years,195,106,89,90,49,41,14,9,5,0,0,0,1,1,0,90,47,43
JACKSON COUNTY,239,22 Years,195,108,87,81,46,35,12,7,5,3,0,3,1,1,0,98,54,44
JACKSON COUNTY,239,23 Years,164,88,76,75,39,36,9,4,5,1,0,1,2,1,1,77,44,33
JACKSON COUNTY,239,24 Years,170,96,74,80,43,37,15,8,7,0,0,0,3,3,0,72,42,30
JACKSON COUNTY,239,25 Years,193,104,89,87,47,40,18,10,8,0,0,0,2,2,0,86,45,41
JACKSON COUNTY,239,26 Years,194,99,95,88,46,42,18,10,8,0,0,0,1,1,0,87,42,45
JACKSON COUNTY,239,27 Years,186,97,89,86,47,39,18,10,8,1,0,1,3,1,2,78,39,39
JACKSON COUNTY,239,28 Years,158,88,70,76,43,33,16,10,6,1,0,1,4,1,3,61,34,27
JACKSON COUNTY,239,29 Years,171,98,73,85,51,34,18,10,8,1,0,1,3,2,1,64,35,29
JACKSON COUNTY,239,30 Years,193,103,90,98,50,48,18,9,9,1,0,1,4,2,2,72,42,30
JACKSON COUNTY,239,31 Years,195,99,96,103,47,56,16,9,7,1,1,0,4,3,1,71,39,32
JACKSON COUNTY,239,32 Years,176,84,92,89,37,52,12,7,5,1,1,0,4,2,2,70,37,33
JACKSON COUNTY,239,33 Years,178,94,84,93,46,47,11,7,4,2,0,2,2,1,1,70,40,30
JACKSON COUNTY,239,34 Years,180,94,86,92,46,46,11,5,6,2,1,1,2,1,1,73,41,32
JACKSON COUNTY,239,35 Years,179,93,86,93,48,45,9,2,7,2,2,0,0,0,0,75,41,34
JACKSON COUNTY,239,36 Years,195,104,91,97,45,52,9,4,5,2,1,1,0,0,0,87,54,33
JACKSON COUNTY,239,37 Years,188,101,87,90,43,47,7,4,3,1,0,1,1,0,1,89,54,35
JACKSON COUNTY,239,38 Years,194,102,92,99,47,52,9,6,3,1,0,1,4,3,1,81,46,35
JACKSON COUNTY,239,39 Years,213,113,100,112,55,57,10,4,6,2,1,1,1,1,0,88,52,36
JACKSON COUNTY,239,40 Years,210,112,98,111,57,54,12,3,9,2,1,1,0,0,0,85,51,34
JACKSON COUNTY,239,41 Years,208,108,100,106,54,52,11,3,8,2,1,1,0,0,0,89,50,39
JACKSON COUNTY,239,42 Years,203,105,98,101,48,53,9,6,3,2,1,1,0,0,0,91,50,41
JACKSON COUNTY,239,43 Years,189,92,97,102,50,52,9,3,6,1,0,1,1,0,1,76,39,37
JACKSON COUNTY,239,44 Years,179,82,97,100,45,55,11,3,8,0,0,0,3,1,2,65,33,32
JACKSON COUNTY,239,45 Years,160,73,87,86,39,47,9,1,8,0,0,0,2,0,2,63,33,30
JACKSON COUNTY,239,46 Years,142,63,79,82,38,44,7,3,4,0,0,0,0,0,0,53,22,31
JACKSON COUNTY,239,47 Years,153,77,76,88,43,45,6,4,2,3,0,3,0,0,0,56,30,26
JACKSON COUNTY,239,48 Years,169,81,88,90,44,46,8,3,5,1,0,1,0,0,0,70,34,36
JACKSON COUNTY,239,49 Years,186,90,96,101,48,53,10,5,5,1,0,1,1,1,0,73,36,37
JACKSON COUNTY,239,50 Years,185,89,96,110,50,60,8,4,4,0,0,0,2,2,0,65,33,32
JACKSON COUNTY,239,51 Years,171,87,84,104,51,53,10,6,4,0,0,0,2,2,0,55,28,27
JACKSON COUNTY,239,52 Years,157,83,74,91,49,42,10,3,7,0,0,0,4,2,2,52,29,23
JACKSON COUNTY,239,53 Years,151,85,66,87,47,40,8,4,4,0,0,0,3,1,2,53,33,20
JACKSON COUNTY,239,54 Years,150,82,68,88,46,42,11,5,6,0,0,0,2,1,1,49,30,19
JACKSON COUNTY,239,55 Years,138,75,63,87,46,41,10,6,4,1,0,1,1,1,0,39,22,17
JACKSON COUNTY,239,56 Years,157,83,74,98,53,45,10,5,5,1,0,1,3,2,1,45,23,22
JACKSON COUNTY,239,57 Years,178,92,86,106,55,51,10,3,7,0,0,0,5,5,0,57,29,28
JACKSON COUNTY,239,58 Years,187,89,98,110,49,61,12,6,6,3,1,2,2,2,0,60,31,29
JACKSON COUNTY,239,59 Years,186,93,93,112,53,59,13,8,5,1,0,1,2,1,1,58,31,27
JACKSON COUNTY,239,60 Years,183,89,94,116,54,62,8,4,4,1,1,0,1,1,0,57,29,28
JACKSON COUNTY,239,61 Years,191,94,97,124,61,63,10,5,5,1,1,0,2,1,1,54,26,28
JACKSON COUNTY,239,62 Years,181,94,87,117,61,56,10,6,4,1,1,0,2,1,1,51,25,26
JACKSON COUNTY,239,63 Years,187,100,87,126,67,59,14,6,8,0,0,0,1,0,1,46,27,19
JACKSON COUNTY,239,64 Years,196,100,96,134,66,68,14,5,9,0,0,0,1,1,0,47,28,19
JACKSON COUNTY,239,65 Years,181,93,88,118,59,59,12,6,6,1,0,1,3,1,2,47,27,20
JACKSON COUNTY,239,66 Years,186,90,96,123,57,66,12,7,5,1,0,1,2,0,2,48,26,22
JACKSON COUNTY,239,67 Years,192,95,97,131,59,72,16,10,6,0,0,0,1,1,0,44,25,19
JACKSON COUNTY,239,68 Years,192,86,106,135,54,81,15,8,7,0,0,0,3,1,2,39,23,16
JACKSON COUNTY,239,69 Years,186,86,100,131,60,71,13,4,9,0,0,0,4,2,2,38,20,18
JACKSON COUNTY,239,70 Years,179,95,84,125,64,61,15,8,7,0,0,0,3,3,0,36,20,16
JACKSON COUNTY,239,71 Years,177,90,87,123,59,64,17,9,8,0,0,0,2,1,1,35,21,14
JACKSON COUNTY,239,72 Years,162,81,81,114,56,58,15,6,9,0,0,0,1,0,1,32,19,13
JACKSON COUNTY,239,73 Years,126,61,65,87,44,43,13,5,8,0,0,0,3,1,2,23,11,12
JACKSON COUNTY,239,74 Years,118,61,57,89,47,42,9,4,5,0,0,0,3,1,2,17,9,8
JACKSON COUNTY,239,75 Years,119,59,60,93,45,48,8,3,5,0,0,0,4,2,2,14,9,5
JACKSON COUNTY,239,76 Years,117,59,58,90,45,45,7,4,3,0,0,0,1,0,1,19,10,9
JACKSON COUNTY,239,77 Years,107,55,52,83,43,40,5,3,2,0,0,0,2,2,0,17,7,10
JACKSON COUNTY,239,78 Years,103,53,50,76,37,39,7,4,3,0,0,0,1,1,0,19,11,8
JACKSON COUNTY,239,79 Years,103,45,58,76,32,44,6,3,3,0,0,0,2,2,0,19,8,11
JACKSON COUNTY,239,80 Years,93,39,54,76,32,44,3,2,1,0,0,0,1,0,1,13,5,8
JACKSON COUNTY,239,81 Years,89,37,52,71,31,40,3,1,2,0,0,0,3,0,3,12,5,7
JACKSON COUNTY,239,82 Years,80,33,47,60,25,35,6,3,3,0,0,0,1,0,1,13,5,8
JACKSON COUNTY,239,83 Years,73,30,43,56,24,32,6,1,5,0,0,0,1,0,1,10,5,5
JACKSON COUNTY,239,84 Years,68,30,38,54,23,31,3,1,2,0,0,0,1,0,1,10,6,4
JACKSON COUNTY,239,85 Years,59,21,38,48,17,31,2,0,2,0,0,0,1,0,1,8,4,4
JACKSON COUNTY,239,86 Years,57,19,38,46,15,31,3,1,2,0,0,0,0,0,0,8,3,5
JACKSON COUNTY,239,87 Years,50,20,30,38,16,22,4,2,2,0,0,0,1,0,1,7,2,5
JACKSON COUNTY,239,88 Years,38,13,25,29,11,18,2,0,2,1,1,0,1,0,1,5,1,4
JACKSON COUNTY,239,89 Years,38,12,26,30,10,20,3,0,3,1,1,0,1,0,1,3,1,2
JACKSON COUNTY,239,90 Years,32,10,22,26,9,17,2,0,2,0,0,0,0,0,0,4,1,3
JACKSON COUNTY,239,91 Years,28,10,18,24,9,15,1,0,1,0,0,0,0,0,0,3,1,2
JACKSON COUNTY,239,92 Years,22,8,14,18,7,11,2,0,2,0,0,0,0,0,0,2,1,1
JACKSON COUNTY,239,93 Years,19,6,13,14,5,9,1,0,1,0,0,0,1,0,1,3,1,2
JACKSON COUNTY,239,94 Years,16,6,10,12,5,7,2,0,2,0,0,0,0,0,0,2,1,1
JACKSON COUNTY,239,95 Years +,35,10,25,26,8,18,3,0,3,0,0,0,0,0,0,6,2,4
JASPER COUNTY,241,All Ages,33384,16599,16785,24158,11935,12223,5475,2682,2793,222,99,123,897,438,459,2632,1445,1187
JASPER COUNTY,241,< 1 Year,379,198,181,234,120,114,61,33,28,3,2,1,22,13,9,59,30,29
JASPER COUNTY,241,1 Years,375,191,184,225,115,110,61,31,30,3,1,2,20,11,9,66,33,33
JASPER COUNTY,241,2 Years,384,195,189,232,117,115,63,32,31,2,1,1,20,11,9,67,34,33
JASPER COUNTY,241,3 Years,384,196,188,245,124,121,70,34,36,3,1,2,18,10,8,48,27,21
JASPER COUNTY,241,4 Years,395,204,191,257,132,125,74,36,38,2,1,1,19,12,7,43,23,20
JASPER COUNTY,241,5 Years,409,209,200,264,137,127,75,36,39,0,0,0,21,11,10,49,25,24
JASPER COUNTY,241,6 Years,426,215,211,276,141,135,73,35,38,1,1,0,21,11,10,55,27,28
JASPER COUNTY,241,7 Years,419,214,205,264,135,129,71,34,37,1,1,0,24,14,10,59,30,29
JASPER COUNTY,241,8 Years,416,208,208,269,138,131,66,30,36,2,1,1,25,14,11,54,25,29
JASPER COUNTY,241,9 Years,400,204,196,258,135,123,66,32,34,3,2,1,23,12,11,50,23,27
JASPER COUNTY,241,10 Years,411,211,200,270,137,133,68,34,34,4,3,1,20,11,9,49,26,23
JASPER COUNTY,241,11 Years,420,213,207,277,139,138,73,37,36,2,1,1,17,9,8,51,27,24
JASPER COUNTY,241,12 Years,450,213,237,296,143,153,80,35,45,1,0,1,17,7,10,56,28,28
JASPER COUNTY,241,13 Years,463,229,234,297,145,152,86,47,39,1,0,1,26,12,14,53,25,28
JASPER COUNTY,241,14 Years,462,227,235,302,147,155,85,45,40,4,2,2,25,12,13,46,21,25
JASPER COUNTY,241,15 Years,470,238,232,309,158,151,83,44,39,5,2,3,23,9,14,50,25,25
JASPER COUNTY,241,16 Years,448,234,214,297,160,137,78,42,36,4,3,1,18,6,12,51,23,28
JASPER COUNTY,241,17 Years,453,243,210,294,159,135,78,42,36,2,2,0,23,11,12,56,29,27
JASPER COUNTY,241,18 Years,468,261,207,294,165,129,93,48,45,2,2,0,23,11,12,56,35,21
JASPER COUNTY,241,19 Years,429,234,195,276,154,122,84,43,41,1,1,0,20,7,13,48,29,19
JASPER COUNTY,241,20 Years,409,234,175,267,150,117,77,43,34,0,0,0,18,10,8,47,31,16
JASPER COUNTY,241,21 Years,395,222,173,254,143,111,79,44,35,0,0,0,16,9,7,46,26,20
JASPER COUNTY,241,22 Years,371,201,170,237,129,108,65,37,28,0,0,0,22,11,11,47,24,23
JASPER COUNTY,241,23 Years,327,171,156,214,113,101,62,36,26,2,1,1,10,2,8,39,19,20
JASPER COUNTY,241,24 Years,319,179,140,208,115,93,60,33,27,4,2,2,12,6,6,35,23,12
JASPER COUNTY,241,25 Years,347,196,151,225,126,99,71,40,31,3,2,1,8,2,6,40,26,14
JASPER COUNTY,241,26 Years,380,197,183,241,126,115,80,44,36,5,0,5,12,6,6,42,21,21
JASPER COUNTY,241,27 Years,417,222,195,269,140,129,86,47,39,5,2,3,14,8,6,43,25,18
JASPER COUNTY,241,28 Years,377,198,179,247,131,116,82,42,40,3,2,1,12,6,6,33,17,16
JASPER COUNTY,241,29 Years,394,208,186,264,141,123,81,44,37,2,1,1,10,4,6,37,18,19
JASPER COUNTY,241,30 Years,389,197,192,262,133,129,79,38,41,3,2,1,11,6,5,34,18,16
JASPER COUNTY,241,31 Years,382,189,193,258,125,133,75,38,37,3,1,2,7,3,4,39,22,17
JASPER COUNTY,241,32 Years,381,190,191,268,128,140,68,37,31,3,2,1,4,1,3,38,22,16
JASPER COUNTY,241,33 Years,361,191,170,269,134,135,56,34,22,1,1,0,9,6,3,26,16,10
JASPER COUNTY,241,34 Years,357,186,171,268,134,134,57,31,26,2,2,0,5,3,2,25,16,9
JASPER COUNTY,241,35 Years,341,163,178,254,120,134,53,25,28,1,0,1,7,3,4,26,15,11
JASPER COUNTY,241,36 Years,335,160,175,239,111,128,55,27,28,2,1,1,11,4,7,28,17,11
JASPER COUNTY,241,37 Years,346,168,178,241,113,128,63,31,32,3,1,2,8,3,5,31,20,11
JASPER COUNTY,241,38 Years,364,190,174,262,136,126,64,29,35,1,1,0,3,2,1,34,22,12
JASPER COUNTY,241,39 Years,386,210,176,278,148,130,61,30,31,3,1,2,6,3,3,38,28,10
JASPER COUNTY,241,40 Years,364,192,172,262,138,124,56,25,31,3,1,2,6,3,3,37,25,12
JASPER COUNTY,241,41 Years,370,178,192,267,133,134,60,24,36,2,0,2,4,1,3,37,20,17
JASPER COUNTY,241,42 Years,375,183,192,275,134,141,57,26,31,3,1,2,6,3,3,34,19,15
JASPER COUNTY,241,43 Years,350,175,175,259,125,134,49,28,21,4,1,3,4,2,2,34,19,15
JASPER COUNTY,241,44 Years,337,162,175,243,112,131,55,29,26,3,1,2,3,1,2,33,19,14
JASPER COUNTY,241,45 Years,330,157,173,229,108,121,62,30,32,6,0,6,4,1,3,29,18,11
JASPER COUNTY,241,46 Years,336,167,169,240,123,117,57,25,32,6,0,6,6,1,5,27,18,9
JASPER COUNTY,241,47 Years,337,161,176,248,117,131,49,24,25,5,2,3,7,1,6,28,17,11
JASPER COUNTY,241,48 Years,347,171,176,249,119,130,51,29,22,5,3,2,7,2,5,35,18,17
JASPER COUNTY,241,49 Years,339,168,171,245,120,125,56,29,27,3,2,1,4,3,1,31,14,17
JASPER COUNTY,241,50 Years,372,168,204,275,126,149,59,27,32,4,1,3,4,1,3,30,13,17
JASPER COUNTY,241,51 Years,413,203,210,307,150,157,58,29,29,12,5,7,7,2,5,29,17,12
JASPER COUNTY,241,52 Years,415,200,215,310,147,163,60,28,32,8,3,5,10,5,5,27,17,10
JASPER COUNTY,241,53 Years,423,207,216,327,157,170,62,30,32,5,2,3,7,4,3,22,14,8
JASPER COUNTY,241,54 Years,433,226,207,334,175,159,68,32,36,3,1,2,9,7,2,19,11,8
JASPER COUNTY,241,55 Years,415,206,209,314,158,156,69,31,38,3,1,2,6,3,3,23,13,10
JASPER COUNTY,241,56 Years,410,197,213,315,156,159,67,27,40,2,1,1,7,3,4,19,10,9
JASPER COUNTY,241,57 Years,446,214,232,343,163,180,76,37,39,2,1,1,9,4,5,16,9,7
JASPER COUNTY,241,58 Years,463,226,237,355,167,188,75,40,35,3,1,2,7,3,4,23,15,8
JASPER COUNTY,241,59 Years,473,226,247,368,172,196,72,36,36,2,0,2,10,4,6,21,14,7
JASPER COUNTY,241,60 Years,494,250,244,383,189,194,78,38,40,2,1,1,8,5,3,23,17,6
JASPER COUNTY,241,61 Years,490,248,242,381,194,187,81,35,46,2,0,2,5,4,1,21,15,6
JASPER COUNTY,241,62 Years,474,230,244,370,181,189,80,33,47,3,1,2,5,5,0,16,10,6
JASPER COUNTY,241,63 Years,457,230,227,346,173,173,85,40,45,3,1,2,6,4,2,17,12,5
JASPER COUNTY,241,64 Years,477,221,256,380,175,205,73,31,42,3,1,2,5,3,2,16,11,5
JASPER COUNTY,241,65 Years,506,234,272,392,184,208,87,37,50,4,2,2,9,3,6,14,8,6
JASPER COUNTY,241,66 Years,467,225,242,346,168,178,91,42,49,4,4,0,10,4,6,16,7,9
JASPER COUNTY,241,67 Years,448,215,233,341,164,177,75,33,42,3,3,0,8,3,5,21,12,9
JASPER COUNTY,241,68 Years,445,218,227,351,171,180,71,32,39,3,3,0,4,3,1,16,9,7
JASPER COUNTY,241,69 Years,415,199,216,335,160,175,61,29,32,2,1,1,4,3,1,13,6,7
JASPER COUNTY,241,70 Years,374,183,191,303,149,154,53,25,28,1,0,1,5,3,2,12,6,6
JASPER COUNTY,241,71 Years,372,175,197,306,146,160,45,20,25,2,0,2,7,4,3,12,5,7
JASPER COUNTY,241,72 Years,389,184,205,322,153,169,49,23,26,1,0,1,7,3,4,10,5,5
JASPER COUNTY,241,73 Years,382,170,212,317,136,181,50,27,23,2,1,1,5,2,3,8,4,4
JASPER COUNTY,241,74 Years,367,162,205,308,132,176,46,25,21,3,1,2,3,1,2,7,3,4
JASPER COUNTY,241,75 Years,357,170,187,300,146,154,43,18,25,2,0,2,8,5,3,4,1,3
JASPER COUNTY,241,76 Years,303,147,156,254,126,128,36,14,22,1,0,1,7,5,2,5,2,3
JASPER COUNTY,241,77 Years,290,135,155,246,118,128,33,12,21,0,0,0,5,3,2,6,2,4
JASPER COUNTY,241,78 Years,286,128,158,242,111,131,30,13,17,1,1,0,5,2,3,8,1,7
JASPER COUNTY,241,79 Years,278,134,144,232,111,121,31,17,14,1,1,0,8,3,5,6,2,4
JASPER COUNTY,241,80 Years,238,110,128,204,94,110,26,12,14,0,0,0,5,2,3,3,2,1
JASPER COUNTY,241,81 Years,195,88,107,167,74,93,23,11,12,0,0,0,2,1,1,3,2,1
JASPER COUNTY,241,82 Years,189,84,105,162,74,88,23,9,14,0,0,0,2,0,2,2,1,1
JASPER COUNTY,241,83 Years,181,78,103,152,67,85,24,8,16,1,1,0,2,1,1,2,1,1
JASPER COUNTY,241,84 Years,150,65,85,126,57,69,21,7,14,0,0,0,1,0,1,2,1,1
JASPER COUNTY,241,85 Years,127,57,70,108,49,59,15,5,10,0,0,0,1,0,1,3,3,0
JASPER COUNTY,241,86 Years,115,51,64,101,45,56,11,3,8,1,1,0,0,0,0,2,2,0
JASPER COUNTY,241,87 Years,110,46,64,98,42,56,9,3,6,0,0,0,2,0,2,1,1,0
JASPER COUNTY,241,88 Years,83,35,48,74,33,41,7,1,6,0,0,0,0,0,0,2,1,1
JASPER COUNTY,241,89 Years,65,29,36,58,27,31,6,2,4,0,0,0,0,0,0,1,0,1
JASPER COUNTY,241,90 Years,55,24,31,48,22,26,5,2,3,0,0,0,0,0,0,2,0,2
JASPER COUNTY,241,91 Years,49,20,29,42,19,23,5,1,4,0,0,0,0,0,0,2,0,2
JASPER COUNTY,241,92 Years,41,15,26,35,14,21,4,1,3,0,0,0,0,0,0,2,0,2
JASPER COUNTY,241,93 Years,36,12,24,29,10,19,4,2,2,1,0,1,0,0,0,2,0,2
JASPER COUNTY,241,94 Years,28,10,18,23,8,15,4,2,2,0,0,0,0,0,0,1,0,1
JASPER COUNTY,241,95 Years +,64,21,43,50,16,34,10,3,7,0,0,0,1,0,1,3,2,1
JEFF DAVIS COUNTY,243,All Ages,1867,947,920,1033,524,509,2,1,1,6,0,6,39,19,20,787,403,384
JEFF DAVIS COUNTY,243,< 1 Year,16,9,7,6,4,2,0,0,0,0,0,0,1,0,1,9,5,4
JEFF DAVIS COUNTY,243,1 Years,17,9,8,6,3,3,0,0,0,0,0,0,1,1,0,10,5,5
JEFF DAVIS COUNTY,243,2 Years,15,9,6,5,3,2,0,0,0,0,0,0,1,1,0,9,5,4
JEFF DAVIS COUNTY,243,3 Years,8,4,4,3,2,1,0,0,0,0,0,0,0,0,0,5,2,3
JEFF DAVIS COUNTY,243,4 Years,4,2,2,2,1,1,0,0,0,0,0,0,0,0,0,2,1,1
JEFF DAVIS COUNTY,243,5 Years,4,1,3,1,0,1,0,0,0,0,0,0,0,0,0,3,1,2
JEFF DAVIS COUNTY,243,6 Years,3,0,3,1,0,1,0,0,0,0,0,0,0,0,0,2,0,2
JEFF DAVIS COUNTY,243,7 Years,2,0,2,1,0,1,0,0,0,0,0,0,0,0,0,1,0,1
JEFF DAVIS COUNTY,243,8 Years,0,0,0,0,0,0,0,0,0,0,0,0,0,0,0,0,0,0
JEFF DAVIS COUNTY,243,9 Years,0,0,0,0,0,0,0,0,0,0,0,0,0,0,0,0,0,0
JEFF DAVIS COUNTY,243,10 Years,0,0,0,0,0,0,0,0,0,0,0,0,0,0,0,0,0,0
JEFF DAVIS COUNTY,243,11 Years,1,0,1,0,0,0,0,0,0,0,0,0,0,0,0,1,0,1
JEFF DAVIS COUNTY,243,12 Years,1,1,0,1,1,0,0,0,0,0,0,0,0,0,0,0,0,0
JEFF DAVIS COUNTY,243,13 Years,3,3,0,1,1,0,0,0,0,0,0,0,1,1,0,1,1,0
JEFF DAVIS COUNTY,243,14 Years,4,3,1,1,1,0,0,0,0,0,0,0,1,1,0,2,1,1
JEFF DAVIS COUNTY,243,15 Years,2,1,1,1,1,0,0,0,0,0,0,0,0,0,0,1,0,1
JEFF DAVIS COUNTY,243,16 Years,3,1,2,2,1,1,0,0,0,0,0,0,0,0,0,1,0,1
JEFF DAVIS COUNTY,243,17 Years,3,2,1,1,1,0,0,0,0,0,0,0,0,0,0,2,1,1
JEFF DAVIS COUNTY,243,18 Years,9,5,4,5,4,1,1,0,1,0,0,0,0,0,0,3,1,2
JEFF DAVIS COUNTY,243,19 Years,16,11,5,11,8,3,0,0,0,0,0,0,0,0,0,5,3,2
JEFF DAVIS COUNTY,243,20 Years,24,17,7,17,13,4,1,1,0,0,0,0,1,0,1,5,3,2
JEFF DAVIS COUNTY,243,21 Years,14,8,6,9,6,3,0,0,0,0,0,0,1,0,1,4,2,2
JEFF DAVIS COUNTY,243,22 Years,7,5,2,4,3,1,0,0,0,0,0,0,0,0,0,3,2,1
JEFF DAVIS COUNTY,243,23 Years,10,4,6,3,1,2,0,0,0,0,0,0,1,1,0,6,2,4
JEFF DAVIS COUNTY,243,24 Years,11,4,7,4,1,3,0,0,0,0,0,0,0,0,0,7,3,4
JEFF DAVIS COUNTY,243,25 Years,10,4,6,3,1,2,0,0,0,0,0,0,0,0,0,7,3,4
JEFF DAVIS COUNTY,243,26 Years,10,4,6,4,1,3,0,0,0,0,0,0,0,0,0,6,3,3
JEFF DAVIS COUNTY,243,27 Years,12,6,6,4,1,3,0,0,0,0,0,0,0,0,0,8,5,3
JEFF DAVIS COUNTY,243,28 Years,15,7,8,5,2,3,0,0,0,0,0,0,0,0,0,10,5,5
JEFF DAVIS COUNTY,243,29 Years,18,10,8,7,3,4,0,0,0,0,0,0,0,0,0,11,7,4
JEFF DAVIS COUNTY,243,30 Years,18,11,7,9,6,3,0,0,0,0,0,0,0,0,0,9,5,4
JEFF DAVIS COUNTY,243,31 Years,13,7,6,6,3,3,0,0,0,0,0,0,0,0,0,7,4,3
JEFF DAVIS COUNTY,243,32 Years,11,6,5,4,2,2,0,0,0,0,0,0,0,0,0,7,4,3
JEFF DAVIS COUNTY,243,33 Years,21,11,10,11,4,7,0,0,0,0,0,0,1,0,1,9,7,2
JEFF DAVIS COUNTY,243,34 Years,25,13,12,10,5,5,0,0,0,0,0,0,1,0,1,14,8,6
JEFF DAVIS COUNTY,243,35 Years,22,11,11,7,4,3,0,0,0,0,0,0,0,0,0,15,7,8
JEFF DAVIS COUNTY,243,36 Years,19,12,7,4,3,1,0,0,0,0,0,0,0,0,0,15,9,6
JEFF DAVIS COUNTY,243,37 Years,19,10,9,4,1,3,0,0,0,0,0,0,1,1,0,14,8,6
JEFF DAVIS COUNTY,243,38 Years,16,8,8,7,2,5,0,0,0,0,0,0,0,0,0,9,6,3
JEFF DAVIS COUNTY,243,39 Years,21,10,11,11,5,6,0,0,0,0,0,0,0,0,0,10,5,5
JEFF DAVIS COUNTY,243,40 Years,22,9,13,10,5,5,0,0,0,0,0,0,0,0,0,12,4,8
JEFF DAVIS COUNTY,243,41 Years,24,9,15,9,3,6,0,0,0,0,0,0,0,0,0,15,6,9
JEFF DAVIS COUNTY,243,42 Years,19,9,10,7,3,4,0,0,0,0,0,0,0,0,0,12,6,6
JEFF DAVIS COUNTY,243,43 Years,23,13,10,6,3,3,0,0,0,0,0,0,0,0,0,17,10,7
JEFF DAVIS COUNTY,243,44 Years,23,13,10,7,3,4,0,0,0,0,0,0,0,0,0,16,10,6
JEFF DAVIS COUNTY,243,45 Years,21,10,11,10,5,5,0,0,0,0,0,0,1,0,1,10,5,5
JEFF DAVIS COUNTY,243,46 Years,24,11,13,15,6,9,0,0,0,0,0,0,0,0,0,9,5,4
JEFF DAVIS COUNTY,243,47 Years,23,8,15,11,4,7,0,0,0,0,0,0,0,0,0,12,4,8
JEFF DAVIS COUNTY,243,48 Years,20,10,10,11,6,5,0,0,0,1,0,1,0,0,0,8,4,4
JEFF DAVIS COUNTY,243,49 Years,26,13,13,15,8,7,0,0,0,1,0,1,0,0,0,10,5,5
JEFF DAVIS COUNTY,243,50 Years,30,14,16,13,7,6,0,0,0,1,0,1,0,0,0,16,7,9
JEFF DAVIS COUNTY,243,51 Years,24,13,11,8,4,4,0,0,0,1,0,1,0,0,0,15,9,6
JEFF DAVIS COUNTY,243,52 Years,32,17,15,11,4,7,0,0,0,2,0,2,0,0,0,19,13,6
JEFF DAVIS COUNTY,243,53 Years,29,16,13,11,4,7,0,0,0,0,0,0,1,1,0,17,11,6
JEFF DAVIS COUNTY,243,54 Years,26,14,12,11,5,6,0,0,0,0,0,0,1,1,0,14,8,6
JEFF DAVIS COUNTY,243,55 Years,22,12,10,11,7,4,0,0,0,0,0,0,0,0,0,11,5,6
JEFF DAVIS COUNTY,243,56 Years,27,15,12,17,9,8,0,0,0,0,0,0,0,0,0,10,6,4
JEFF DAVIS COUNTY,243,57 Years,35,18,17,19,9,10,0,0,0,0,0,0,1,1,0,15,8,7
JEFF DAVIS COUNTY,243,58 Years,37,18,19,23,12,11,0,0,0,0,0,0,1,1,0,13,5,8
JEFF DAVIS COUNTY,243,59 Years,37,17,20,22,12,10,0,0,0,0,0,0,2,0,2,13,5,8
JEFF DAVIS COUNTY,243,60 Years,33,14,19,20,11,9,0,0,0,0,0,0,2,0,2,11,3,8
JEFF DAVIS COUNTY,243,61 Years,38,18,20,18,8,10,0,0,0,0,0,0,1,0,1,19,10,9
JEFF DAVIS COUNTY,243,62 Years,40,20,20,20,11,9,0,0,0,0,0,0,2,1,1,18,8,10
JEFF DAVIS COUNTY,243,63 Years,38,23,15,22,13,9,0,0,0,0,0,0,1,1,0,15,9,6
JEFF DAVIS COUNTY,243,64 Years,44,23,21,24,15,9,0,0,0,0,0,0,2,0,2,18,8,10
JEFF DAVIS COUNTY,243,65 Years,50,30,20,27,16,11,0,0,0,0,0,0,2,1,1,21,13,8
JEFF DAVIS COUNTY,243,66 Years,46,25,21,27,15,12,0,0,0,0,0,0,0,0,0,19,10,9
JEFF DAVIS COUNTY,243,67 Years,46,24,22,33,17,16,0,0,0,0,0,0,0,0,0,13,7,6
JEFF DAVIS COUNTY,243,68 Years,44,20,24,33,15,18,0,0,0,0,0,0,1,1,0,10,4,6
JEFF DAVIS COUNTY,243,69 Years,44,19,25,31,14,17,0,0,0,0,0,0,2,0,2,11,5,6
JEFF DAVIS COUNTY,243,70 Years,49,22,27,35,15,20,0,0,0,0,0,0,3,1,2,11,6,5
JEFF DAVIS COUNTY,243,71 Years,45,23,22,33,17,16,0,0,0,0,0,0,1,0,1,11,6,5
JEFF DAVIS COUNTY,243,72 Years,39,21,18,31,16,15,0,0,0,0,0,0,0,0,0,8,5,3
JEFF DAVIS COUNTY,243,73 Years,38,20,18,31,16,15,0,0,0,0,0,0,0,0,0,7,4,3
JEFF DAVIS COUNTY,243,74 Years,39,21,18,28,14,14,0,0,0,0,0,0,1,1,0,10,6,4
JEFF DAVIS COUNTY,243,75 Years,34,17,17,24,11,13,0,0,0,0,0,0,0,0,0,10,6,4
JEFF DAVIS COUNTY,243,76 Years,26,13,13,17,9,8,0,0,0,0,0,0,0,0,0,9,4,5
JEFF DAVIS COUNTY,243,77 Years,26,13,13,19,10,9,0,0,0,0,0,0,0,0,0,7,3,4
JEFF DAVIS COUNTY,243,78 Years,32,16,16,25,11,14,0,0,0,0,0,0,0,0,0,7,5,2
JEFF DAVIS COUNTY,243,79 Years,26,15,11,18,9,9,0,0,0,0,0,0,1,1,0,7,5,2
JEFF DAVIS COUNTY,243,80 Years,20,10,10,16,7,9,0,0,0,0,0,0,0,0,0,4,3,1
JEFF DAVIS COUNTY,243,81 Years,18,9,9,12,6,6,0,0,0,0,0,0,1,1,0,5,2,3
JEFF DAVIS COUNTY,243,82 Years,19,11,8,12,8,4,0,0,0,0,0,0,1,1,0,6,2,4
JEFF DAVIS COUNTY,243,83 Years,13,7,6,8,5,3,0,0,0,0,0,0,0,0,0,5,2,3
JEFF DAVIS COUNTY,243,84 Years,9,5,4,6,4,2,0,0,0,0,0,0,0,0,0,3,1,2
JEFF DAVIS COUNTY,243,85 Years,10,5,5,5,3,2,0,0,0,0,0,0,0,0,0,5,2,3
JEFF DAVIS COUNTY,243,86 Years,9,3,6,5,2,3,0,0,0,0,0,0,0,0,0,4,1,3
JEFF DAVIS COUNTY,243,87 Years,7,3,4,4,2,2,0,0,0,0,0,0,0,0,0,3,1,2
JEFF DAVIS COUNTY,243,88 Years,4,2,2,2,1,1,0,0,0,0,0,0,0,0,0,2,1,1
JEFF DAVIS COUNTY,243,89 Years,3,1,2,2,1,1,0,0,0,0,0,0,0,0,0,1,0,1
JEFF DAVIS COUNTY,243,90 Years,4,1,3,2,1,1,0,0,0,0,0,0,0,0,0,2,0,2
JEFF DAVIS COUNTY,243,91 Years,5,1,4,3,1,2,0,0,0,0,0,0,0,0,0,2,0,2
JEFF DAVIS COUNTY,243,92 Years,3,1,2,2,1,1,0,0,0,0,0,0,0,0,0,1,0,1
JEFF DAVIS COUNTY,243,93 Years,3,0,3,2,0,2,0,0,0,0,0,0,0,0,0,1,0,1
JEFF DAVIS COUNTY,243,94 Years,3,1,2,3,1,2,0,0,0,0,0,0,0,0,0,0,0,0
JEFF DAVIS COUNTY,243,95 Years +,9,2,7,5,1,4,0,0,0,0,0,0,0,0,0,4,1,3
JEFFERSON COUNTY,245,All Ages,253138,129609,123529,97001,49087,47914,84259,41615,42644,11303,5808,5495,5459,2756,2703,55116,30343,24773
JEFFERSON COUNTY,245,< 1 Year,3070,1570,1500,817,419,398,1041,528,513,110,56,54,191,96,95,911,471,440
JEFFERSON COUNTY,245,1 Years,2998,1526,1472,839,427,412,1041,530,511,111,56,55,141,71,70,866,442,424
JEFFERSON COUNTY,245,2 Years,2999,1529,1470,853,434,419,1034,527,507,108,56,52,138,70,68,866,442,424
JEFFERSON COUNTY,245,3 Years,3327,1717,1610,874,453,421,1119,572,547,97,49,48,147,69,78,1090,574,516
JEFFERSON COUNTY,245,4 Years,3438,1772,1666,885,459,426,1143,578,565,98,49,49,156,73,83,1156,613,543
JEFFERSON COUNTY,245,5 Years,3507,1805,1702,941,480,461,1156,583,573,104,55,49,159,79,80,1147,608,539
JEFFERSON COUNTY,245,6 Years,3617,1858,1759,990,498,492,1185,603,582,124,66,58,169,86,83,1149,605,544
JEFFERSON COUNTY,245,7 Years,3675,1892,1783,1022,522,500,1204,616,588,135,70,65,172,91,81,1142,593,549
JEFFERSON COUNTY,245,8 Years,3583,1852,1731,955,486,469,1200,620,580,136,75,61,152,79,73,1140,592,548
JEFFERSON COUNTY,245,9 Years,3467,1790,1677,927,472,455,1159,594,565,134,77,57,140,72,68,1107,575,532
JEFFERSON COUNTY,245,10 Years,3397,1737,1660,927,467,460,1115,560,555,134,79,55,134,68,66,1087,563,524
JEFFERSON COUNTY,245,11 Years,3382,1726,1656,947,479,468,1106,551,555,135,79,56,129,67,62,1065,550,515
JEFFERSON COUNTY,245,12 Years,3293,1705,1588,930,491,439,1093,549,544,128,73,55,115,58,57,1027,534,493
JEFFERSON COUNTY,245,13 Years,3422,1737,1685,1008,521,487,1181,586,595,141,85,56,110,53,57,982,492,490
JEFFERSON COUNTY,245,14 Years,3454,1703,1751,996,493,503,1208,580,628,150,87,63,113,55,58,987,488,499
JEFFERSON COUNTY,245,15 Years,3477,1773,1704,1010,512,498,1207,611,596,149,82,67,111,59,52,1000,509,491
JEFFERSON COUNTY,245,16 Years,3288,1683,1605,950,486,464,1170,583,587,135,71,64,111,59,52,922,484,438
JEFFERSON COUNTY,245,17 Years,3152,1638,1514,870,458,412,1126,545,581,140,78,62,110,59,51,906,498,408
JEFFERSON COUNTY,245,18 Years,2983,1558,1425,829,445,384,1103,536,567,132,72,60,100,56,44,819,449,370
JEFFERSON COUNTY,245,19 Years,2969,1540,1429,822,423,399,1067,547,520,150,84,66,112,54,58,818,432,386
JEFFERSON COUNTY,245,20 Years,3166,1690,1476,944,484,460,1062,582,480,159,92,67,132,76,56,869,456,413
JEFFERSON COUNTY,245,21 Years,3409,1807,1602,1021,520,501,1191,634,557,176,89,87,136,81,55,885,483,402
JEFFERSON COUNTY,245,22 Years,3907,2030,1877,1222,630,592,1463,742,721,192,96,96,132,76,56,898,486,412
JEFFERSON COUNTY,245,23 Years,3677,1907,1770,1152,611,541,1368,668,700,159,86,73,110,56,54,888,486,402
JEFFERSON COUNTY,245,24 Years,3484,1847,1637,1105,587,518,1226,617,609,151,82,69,93,47,46,909,514,395
JEFFERSON COUNTY,245,25 Years,3701,1977,1724,1200,629,571,1268,628,640,232,138,94,94,53,41,907,529,378
JEFFERSON COUNTY,245,26 Years,3770,2040,1730,1224,647,577,1305,669,636,266,155,111,91,45,46,884,524,360
JEFFERSON COUNTY,245,27 Years,3800,2123,1677,1187,647,540,1414,788,626,250,138,112,88,46,42,861,504,357
JEFFERSON COUNTY,245,28 Years,3804,2134,1670,1255,720,535,1361,750,611,253,138,115,58,30,28,877,496,381
JEFFERSON COUNTY,245,29 Years,3788,2128,1660,1297,754,543,1377,747,630,208,109,99,67,36,31,839,482,357
JEFFERSON COUNTY,245,30 Years,3933,2211,1722,1390,808,582,1401,753,648,195,106,89,68,36,32,879,508,371
JEFFERSON COUNTY,245,31 Years,3796,2072,1724,1302,697,605,1336,735,601,184,83,101,81,33,48,893,524,369
JEFFERSON COUNTY,245,32 Years,3605,1962,1643,1259,670,589,1250,699,551,171,65,106,79,35,44,846,493,353
JEFFERSON COUNTY,245,33 Years,3337,1778,1559,1166,609,557,1198,642,556,164,66,98,47,25,22,762,436,326
JEFFERSON COUNTY,245,34 Years,3245,1787,1458,1133,628,505,1179,637,542,147,63,84,41,19,22,745,440,305
JEFFERSON COUNTY,245,35 Years,3271,1802,1469,1161,649,512,1158,608,550,144,67,77,51,26,25,757,452,305
JEFFERSON COUNTY,245,36 Years,3310,1820,1490,1213,676,537,1100,576,524,164,80,84,43,22,21,790,466,324
JEFFERSON COUNTY,245,37 Years,3323,1832,1491,1222,668,554,1079,566,513,172,93,79,43,22,21,807,483,324
JEFFERSON COUNTY,245,38 Years,3317,1813,1504,1213,637,576,1095,597,498,180,81,99,44,20,24,785,478,307
JEFFERSON COUNTY,245,39 Years,3362,1823,1539,1260,650,610,1106,604,502,168,65,103,40,20,20,788,484,304
JEFFERSON COUNTY,245,40 Years,3227,1777,1450,1203,658,545,1061,576,485,147,61,86,35,22,13,781,460,321
JEFFERSON COUNTY,245,41 Years,3273,1800,1473,1250,703,547,1068,561,507,145,61,84,42,27,15,768,448,320
JEFFERSON COUNTY,245,42 Years,3273,1759,1514,1242,665,577,1056,545,511,155,65,90,45,23,22,775,461,314
JEFFERSON COUNTY,245,43 Years,3243,1747,1496,1245,659,586,1048,534,514,147,79,68,43,17,26,760,458,302
JEFFERSON COUNTY,245,44 Years,3117,1679,1438,1185,638,547,1017,521,496,149,76,73,33,14,19,733,430,303
JEFFERSON COUNTY,245,45 Years,2961,1581,1380,1108,594,514,958,476,482,152,73,79,31,19,12,712,419,293
JEFFERSON COUNTY,245,46 Years,2850,1526,1324,1060,575,485,908,457,451,139,65,74,33,18,15,710,411,299
JEFFERSON COUNTY,245,47 Years,2830,1509,1321,1042,561,481,882,448,434,143,68,75,34,19,15,729,413,316
JEFFERSON COUNTY,245,48 Years,2862,1505,1357,1072,568,504,874,446,428,159,81,78,38,19,19,719,391,328
JEFFERSON COUNTY,245,49 Years,2862,1505,1357,1085,583,502,863,432,431,172,87,85,34,21,13,708,382,326
JEFFERSON COUNTY,245,50 Years,2875,1468,1407,1116,578,538,895,433,462,168,76,92,31,15,16,665,366,299
JEFFERSON COUNTY,245,51 Years,2911,1491,1420,1144,589,555,955,457,498,159,76,83,32,12,20,621,357,264
JEFFERSON COUNTY,245,52 Years,2869,1504,1365,1178,623,555,922,449,473,162,80,82,31,17,14,576,335,241
JEFFERSON COUNTY,245,53 Years,2842,1512,1330,1199,636,563,902,455,447,185,91,94,44,26,18,512,304,208
JEFFERSON COUNTY,245,54 Years,2785,1456,1329,1169,616,553,915,449,466,179,87,92,39,20,19,483,284,199
JEFFERSON COUNTY,245,55 Years,2709,1426,1283,1146,601,545,913,448,465,158,83,75,25,13,12,467,281,186
JEFFERSON COUNTY,245,56 Years,2746,1417,1329,1175,599,576,948,464,484,134,71,63,22,13,9,467,270,197
JEFFERSON COUNTY,245,57 Years,2959,1467,1492,1323,656,667,988,461,527,141,71,70,23,12,11,484,267,217
JEFFERSON COUNTY,245,58 Years,3050,1510,1540,1399,703,696,1008,460,548,138,79,59,29,11,18,476,257,219
JEFFERSON COUNTY,245,59 Years,3107,1551,1556,1450,734,716,1027,469,558,151,88,63,30,14,16,449,246,203
JEFFERSON COUNTY,245,60 Years,3167,1567,1600,1526,761,765,1039,467,572,153,89,64,27,8,19,422,242,180
JEFFERSON COUNTY,245,61 Years,3174,1549,1625,1534,748,786,1075,481,594,139,79,60,30,12,18,396,229,167
JEFFERSON COUNTY,245,62 Years,3160,1553,1607,1587,778,809,1037,473,564,136,73,63,23,8,15,377,221,156
JEFFERSON COUNTY,245,63 Years,3040,1505,1535,1556,764,792,984,457,527,135,70,65,22,11,11,343,203,140
JEFFERSON COUNTY,245,64 Years,2979,1463,1516,1521,747,774,967,436,531,128,71,57,28,16,12,335,193,142
JEFFERSON COUNTY,245,65 Years,2932,1382,1550,1499,702,797,960,425,535,120,65,55,28,9,19,325,181,144
JEFFERSON COUNTY,245,66 Years,2794,1298,1496,1424,668,756,936,404,532,119,63,56,25,11,14,290,152,138
JEFFERSON COUNTY,245,67 Years,2777,1295,1482,1458,702,756,905,387,518,102,52,50,39,16,23,273,138,135
JEFFERSON COUNTY,245,68 Years,2600,1225,1375,1414,675,739,807,347,460,94,51,43,31,13,18,254,139,115
JEFFERSON COUNTY,245,69 Years,2424,1165,1259,1322,645,677,769,335,434,87,48,39,25,12,13,221,125,96
JEFFERSON COUNTY,245,70 Years,2240,1074,1166,1219,598,621,715,320,395,76,40,36,24,11,13,206,105,101
JEFFERSON COUNTY,245,71 Years,2113,1000,1113,1167,569,598,663,297,366,67,32,35,25,10,15,191,92,99
JEFFERSON COUNTY,245,72 Years,2101,969,1132,1150,548,602,669,286,383,71,30,41,23,7,16,188,98,90
JEFFERSON COUNTY,245,73 Years,1973,927,1046,1076,515,561,643,284,359,57,28,29,20,8,12,177,92,85
JEFFERSON COUNTY,245,74 Years,1913,903,1010,1078,519,559,612,272,340,45,25,20,18,7,11,160,80,80
JEFFERSON COUNTY,245,75 Years,1766,807,959,1032,485,547,536,225,311,43,21,22,16,7,9,139,69,70
JEFFERSON COUNTY,245,76 Years,1506,668,838,870,392,478,457,187,270,39,16,23,15,7,8,125,66,59
JEFFERSON COUNTY,245,77 Years,1366,594,772,789,359,430,411,159,252,38,16,22,14,6,8,114,54,60
JEFFERSON COUNTY,245,78 Years,1331,564,767,808,354,454,371,138,233,40,19,21,10,4,6,102,49,53
JEFFERSON COUNTY,245,79 Years,1263,532,731,767,327,440,351,137,214,34,15,19,12,6,6,99,47,52
JEFFERSON COUNTY,245,80 Years,1123,462,661,683,286,397,308,121,187,27,11,16,14,8,6,91,36,55
JEFFERSON COUNTY,245,81 Years,999,406,593,606,253,353,274,104,170,21,10,11,13,6,7,85,33,52
JEFFERSON COUNTY,245,82 Years,929,355,574,575,227,348,253,90,163,21,9,12,9,3,6,71,26,45
JEFFERSON COUNTY,245,83 Years,869,332,537,551,208,343,230,85,145,21,10,11,6,3,3,61,26,35
JEFFERSON COUNTY,245,84 Years,784,313,471,509,202,307,201,76,125,17,10,7,4,2,2,53,23,30
JEFFERSON COUNTY,245,85 Years,710,275,435,454,179,275,191,67,124,14,7,7,5,3,2,46,19,27
JEFFERSON COUNTY,245,86 Years,639,247,392,408,162,246,170,57,113,13,7,6,6,3,3,42,18,24
JEFFERSON COUNTY,245,87 Years,595,223,372,375,146,229,160,53,107,16,7,9,5,2,3,39,15,24
JEFFERSON COUNTY,245,88 Years,509,194,315,325,123,202,129,49,80,10,4,6,3,1,2,42,17,25
JEFFERSON COUNTY,245,89 Years,454,168,286,290,107,183,113,41,72,9,4,5,3,1,2,39,15,24
JEFFERSON COUNTY,245,90 Years,398,145,253,262,96,166,94,32,62,7,3,4,3,1,2,32,13,19
JEFFERSON COUNTY,245,91 Years,354,136,218,235,88,147,85,32,53,6,3,3,3,1,2,25,12,13
JEFFERSON COUNTY,245,92 Years,304,108,196,197,69,128,76,26,50,7,3,4,2,1,1,22,9,13
JEFFERSON COUNTY,245,93 Years,249,83,166,164,55,109,61,20,41,4,1,3,2,1,1,18,6,12
JEFFERSON COUNTY,245,94 Years,199,64,135,130,44,86,50,15,35,4,1,3,1,0,1,14,4,10
JEFFERSON COUNTY,245,95 Years +,550,174,376,331,101,230,154,48,106,14,6,8,3,1,2,48,18,30
JIM HOGG COUNTY,247,All Ages,4652,2398,2254,316,170,146,7,7,0,18,10,8,39,19,20,4272,2192,2080
JIM HOGG COUNTY,247,< 1 Year,57,30,27,4,2,2,0,0,0,0,0,0,1,0,1,52,28,24
JIM HOGG COUNTY,247,1 Years,61,31,30,4,2,2,0,0,0,0,0,0,1,0,1,56,29,27
JIM HOGG COUNTY,247,2 Years,62,31,31,4,2,2,0,0,0,0,0,0,1,0,1,57,29,28
JIM HOGG COUNTY,247,3 Years,54,29,25,1,1,0,0,0,0,1,0,1,1,0,1,51,28,23
JIM HOGG COUNTY,247,4 Years,57,35,22,2,1,1,0,0,0,1,1,0,0,0,0,54,33,21
JIM HOGG COUNTY,247,5 Years,62,33,29,2,1,1,0,0,0,0,0,0,0,0,0,60,32,28
JIM HOGG COUNTY,247,6 Years,72,37,35,3,1,2,0,0,0,1,0,1,0,0,0,68,36,32
JIM HOGG COUNTY,247,7 Years,81,43,38,5,2,3,0,0,0,1,1,0,0,0,0,75,40,35
JIM HOGG COUNTY,247,8 Years,89,46,43,5,2,3,0,0,0,1,1,0,2,2,0,81,41,40
JIM HOGG COUNTY,247,9 Years,90,46,44,6,3,3,0,0,0,0,0,0,1,1,0,83,42,41
JIM HOGG COUNTY,247,10 Years,88,41,47,5,2,3,0,0,0,0,0,0,0,0,0,83,39,44
JIM HOGG COUNTY,247,11 Years,84,41,43,5,2,3,0,0,0,0,0,0,0,0,0,79,39,40
JIM HOGG COUNTY,247,12 Years,79,39,40,3,2,1,0,0,0,0,0,0,0,0,0,76,37,39
JIM HOGG COUNTY,247,13 Years,78,40,38,4,2,2,0,0,0,0,0,0,0,0,0,74,38,36
JIM HOGG COUNTY,247,14 Years,92,45,47,6,2,4,0,0,0,0,0,0,0,0,0,86,43,43
JIM HOGG COUNTY,247,15 Years,84,38,46,6,3,3,0,0,0,0,0,0,1,0,1,77,35,42
JIM HOGG COUNTY,247,16 Years,92,46,46,7,4,3,1,1,0,0,0,0,0,0,0,84,41,43
JIM HOGG COUNTY,247,17 Years,78,43,35,4,2,2,1,1,0,0,0,0,1,1,0,72,39,33
JIM HOGG COUNTY,247,18 Years,82,45,37,2,1,1,2,2,0,0,0,0,1,0,1,77,42,35
JIM HOGG COUNTY,247,19 Years,89,56,33,2,1,1,1,1,0,0,0,0,0,0,0,86,54,32
JIM HOGG COUNTY,247,20 Years,83,51,32,1,1,0,0,0,0,2,2,0,0,0,0,80,48,32
JIM HOGG COUNTY,247,21 Years,71,44,27,1,1,0,0,0,0,1,1,0,4,4,0,65,38,27
JIM HOGG COUNTY,247,22 Years,62,41,21,3,3,0,0,0,0,0,0,0,2,2,0,57,36,21
JIM HOGG COUNTY,247,23 Years,61,37,24,3,2,1,0,0,0,0,0,0,1,0,1,57,35,22
JIM HOGG COUNTY,247,24 Years,61,34,27,3,0,3,0,0,0,0,0,0,2,2,0,56,32,24
JIM HOGG COUNTY,247,25 Years,54,29,25,2,0,2,0,0,0,0,0,0,1,1,0,51,28,23
JIM HOGG COUNTY,247,26 Years,52,25,27,1,1,0,0,0,0,0,0,0,1,0,1,50,24,26
JIM HOGG COUNTY,247,27 Years,39,18,21,1,1,0,0,0,0,0,0,0,1,0,1,37,17,20
JIM HOGG COUNTY,247,28 Years,40,23,17,1,1,0,1,1,0,0,0,0,2,1,1,36,20,16
JIM HOGG COUNTY,247,29 Years,52,27,25,1,1,0,1,1,0,0,0,0,2,1,1,48,24,24
JIM HOGG COUNTY,247,30 Years,51,27,24,5,3,2,0,0,0,0,0,0,2,1,1,44,23,21
JIM HOGG COUNTY,247,31 Years,41,21,20,3,2,1,0,0,0,0,0,0,1,0,1,37,19,18
JIM HOGG COUNTY,247,32 Years,41,20,21,2,1,1,0,0,0,0,0,0,1,0,1,38,19,19
JIM HOGG COUNTY,247,33 Years,44,19,25,2,0,2,0,0,0,0,0,0,0,0,0,42,19,23
JIM HOGG COUNTY,247,34 Years,51,28,23,2,1,1,0,0,0,0,0,0,0,0,0,49,27,22
JIM HOGG COUNTY,247,35 Years,55,29,26,2,0,2,0,0,0,0,0,0,0,0,0,53,29,24
JIM HOGG COUNTY,247,36 Years,54,28,26,4,3,1,0,0,0,0,0,0,0,0,0,50,25,25
JIM HOGG COUNTY,247,37 Years,52,25,27,4,3,1,0,0,0,0,0,0,0,0,0,48,22,26
JIM HOGG COUNTY,247,38 Years,51,28,23,3,2,1,0,0,0,1,0,1,0,0,0,47,26,21
JIM HOGG COUNTY,247,39 Years,54,30,24,1,1,0,0,0,0,1,0,1,0,0,0,52,29,23
JIM HOGG COUNTY,247,40 Years,54,32,22,2,1,1,0,0,0,0,0,0,1,1,0,51,30,21
JIM HOGG COUNTY,247,41 Years,54,31,23,3,3,0,0,0,0,0,0,0,1,0,1,50,28,22
JIM HOGG COUNTY,247,42 Years,53,28,25,4,3,1,0,0,0,0,0,0,1,0,1,48,25,23
JIM HOGG COUNTY,247,43 Years,52,29,23,3,2,1,0,0,0,0,0,0,0,0,0,49,27,22
JIM HOGG COUNTY,247,44 Years,63,34,29,5,2,3,0,0,0,1,1,0,0,0,0,57,31,26
JIM HOGG COUNTY,247,45 Years,54,30,24,3,1,2,0,0,0,0,0,0,0,0,0,51,29,22
JIM HOGG COUNTY,247,46 Years,49,24,25,2,1,1,0,0,0,0,0,0,0,0,0,47,23,24
JIM HOGG COUNTY,247,47 Years,55,23,32,4,1,3,0,0,0,0,0,0,0,0,0,51,22,29
JIM HOGG COUNTY,247,48 Years,49,24,25,3,0,3,0,0,0,0,0,0,0,0,0,46,24,22
JIM HOGG COUNTY,247,49 Years,48,28,20,5,4,1,0,0,0,0,0,0,0,0,0,43,24,19
JIM HOGG COUNTY,247,50 Years,48,27,21,6,4,2,0,0,0,1,0,1,0,0,0,41,23,18
JIM HOGG COUNTY,247,51 Years,44,25,19,5,4,1,0,0,0,0,0,0,1,0,1,38,21,17
JIM HOGG COUNTY,247,52 Years,46,23,23,4,3,1,0,0,0,0,0,0,1,0,1,41,20,21
JIM HOGG COUNTY,247,53 Years,45,20,25,6,2,4,0,0,0,1,1,0,1,1,0,37,16,21
JIM HOGG COUNTY,247,54 Years,42,22,20,4,2,2,0,0,0,1,1,0,0,0,0,37,19,18
JIM HOGG COUNTY,247,55 Years,38,19,19,2,1,1,0,0,0,0,0,0,0,0,0,36,18,18
JIM HOGG COUNTY,247,56 Years,47,24,23,3,2,1,0,0,0,0,0,0,0,0,0,44,22,22
JIM HOGG COUNTY,247,57 Years,45,24,21,3,2,1,0,0,0,0,0,0,0,0,0,42,22,20
JIM HOGG COUNTY,247,58 Years,46,25,21,3,1,2,0,0,0,0,0,0,0,0,0,43,24,19
JIM HOGG COUNTY,247,59 Years,53,27,26,5,3,2,0,0,0,0,0,0,0,0,0,48,24,24
JIM HOGG COUNTY,247,60 Years,46,21,25,3,1,2,0,0,0,0,0,0,0,0,0,43,20,23
JIM HOGG COUNTY,247,61 Years,49,24,25,3,1,2,0,0,0,0,0,0,1,0,1,45,23,22
JIM HOGG COUNTY,247,62 Years,51,24,27,5,3,2,0,0,0,0,0,0,1,0,1,45,21,24
JIM HOGG COUNTY,247,63 Years,46,26,20,5,3,2,0,0,0,0,0,0,0,0,0,41,23,18
JIM HOGG COUNTY,247,64 Years,49,29,20,5,2,3,0,0,0,0,0,0,0,0,0,44,27,17
JIM HOGG COUNTY,247,65 Years,50,27,23,6,3,3,0,0,0,0,0,0,0,0,0,44,24,20
JIM HOGG COUNTY,247,66 Years,46,25,21,7,5,2,0,0,0,0,0,0,0,0,0,39,20,19
JIM HOGG COUNTY,247,67 Years,40,19,21,5,3,2,0,0,0,0,0,0,0,0,0,35,16,19
JIM HOGG COUNTY,247,68 Years,38,20,18,3,2,1,0,0,0,1,1,0,0,0,0,34,17,17
JIM HOGG COUNTY,247,69 Years,49,26,23,5,3,2,0,0,0,2,0,2,0,0,0,42,23,19
JIM HOGG COUNTY,247,70 Years,45,25,20,5,2,3,0,0,0,0,0,0,1,1,0,39,22,17
JIM HOGG COUNTY,247,71 Years,35,16,19,2,0,2,0,0,0,0,0,0,0,0,0,33,16,17
JIM HOGG COUNTY,247,72 Years,40,16,24,4,2,2,0,0,0,0,0,0,0,0,0,36,14,22
JIM HOGG COUNTY,247,73 Years,41,14,27,4,3,1,0,0,0,0,0,0,0,0,0,37,11,26
JIM HOGG COUNTY,247,74 Years,37,14,23,4,3,1,0,0,0,0,0,0,0,0,0,33,11,22
JIM HOGG COUNTY,247,75 Years,42,18,24,4,3,1,0,0,0,0,0,0,0,0,0,38,15,23
JIM HOGG COUNTY,247,76 Years,43,20,23,4,2,2,0,0,0,1,0,1,0,0,0,38,18,20
JIM HOGG COUNTY,247,77 Years,39,17,22,3,1,2,0,0,0,0,0,0,0,0,0,36,16,20
JIM HOGG COUNTY,247,78 Years,36,18,18,2,1,1,0,0,0,0,0,0,0,0,0,34,17,17
JIM HOGG COUNTY,247,79 Years,34,17,17,7,2,5,0,0,0,0,0,0,0,0,0,27,15,12
JIM HOGG COUNTY,247,80 Years,29,11,18,7,1,6,0,0,0,0,0,0,0,0,0,22,10,12
JIM HOGG COUNTY,247,81 Years,27,13,14,5,3,2,0,0,0,0,0,0,0,0,0,22,10,12
JIM HOGG COUNTY,247,82 Years,23,11,12,3,3,0,0,0,0,0,0,0,0,0,0,20,8,12
JIM HOGG COUNTY,247,83 Years,24,9,15,2,2,0,0,0,0,0,0,0,0,0,0,22,7,15
JIM HOGG COUNTY,247,84 Years,20,7,13,3,2,1,0,0,0,0,0,0,0,0,0,17,5,12
JIM HOGG COUNTY,247,85 Years,18,6,12,2,1,1,0,0,0,0,0,0,0,0,0,16,5,11
JIM HOGG COUNTY,247,86 Years,16,6,10,1,0,1,0,0,0,0,0,0,0,0,0,15,6,9
JIM HOGG COUNTY,247,87 Years,15,7,8,1,1,0,0,0,0,0,0,0,0,0,0,14,6,8
JIM HOGG COUNTY,247,88 Years,7,3,4,1,1,0,0,0,0,0,0,0,0,0,0,6,2,4
JIM HOGG COUNTY,247,89 Years,6,1,5,1,1,0,0,0,0,0,0,0,0,0,0,5,0,5
JIM HOGG COUNTY,247,90 Years,7,2,5,2,1,1,0,0,0,0,0,0,0,0,0,5,1,4
JIM HOGG COUNTY,247,91 Years,6,3,3,2,2,0,0,0,0,0,0,0,0,0,0,4,1,3
JIM HOGG COUNTY,247,92 Years,3,1,2,0,0,0,0,0,0,0,0,0,0,0,0,3,1,2
JIM HOGG COUNTY,247,93 Years,3,1,2,0,0,0,0,0,0,0,0,0,0,0,0,3,1,2
JIM HOGG COUNTY,247,94 Years,1,0,1,0,0,0,0,0,0,0,0,0,0,0,0,1,0,1
JIM HOGG COUNTY,247,95 Years +,6,3,3,0,0,0,0,0,0,0,0,0,0,0,0,6,3,3
JIM WELLS COUNTY,249,All Ages,38820,19238,19582,6407,3176,3231,161,102,59,140,51,89,262,136,126,31850,15773,16077
JIM WELLS COUNTY,249,< 1 Year,529,272,257,65,36,29,3,1,2,3,1,2,8,5,3,450,229,221
JIM WELLS COUNTY,249,1 Years,534,273,261,67,34,33,3,2,1,4,2,2,7,4,3,453,231,222
JIM WELLS COUNTY,249,2 Years,546,279,267,69,35,34,4,2,2,4,2,2,7,4,3,462,236,226
JIM WELLS COUNTY,249,3 Years,534,272,262,60,33,27,3,2,1,1,1,0,1,1,0,469,235,234
JIM WELLS COUNTY,249,4 Years,526,265,261,57,31,26,2,1,1,0,0,0,5,2,3,462,231,231
JIM WELLS COUNTY,249,5 Years,551,280,271,62,31,31,2,1,1,0,0,0,6,2,4,481,246,235
JIM WELLS COUNTY,249,6 Years,586,302,284,65,33,32,2,1,1,2,2,0,9,3,6,508,263,245
JIM WELLS COUNTY,249,7 Years,646,328,318,76,40,36,2,1,1,2,2,0,8,4,4,558,281,277
JIM WELLS COUNTY,249,8 Years,650,328,322,78,44,34,2,1,1,2,2,0,5,3,2,563,278,285
JIM WELLS COUNTY,249,9 Years,637,315,322,77,42,35,2,1,1,3,2,1,3,2,1,552,268,284
JIM WELLS COUNTY,249,10 Years,610,302,308,76,38,38,2,1,1,2,1,1,4,1,3,526,261,265
JIM WELLS COUNTY,249,11 Years,602,297,305,79,40,39,2,1,1,2,1,1,6,2,4,513,253,260
JIM WELLS COUNTY,249,12 Years,606,311,295,81,42,39,2,1,1,1,0,1,6,4,2,516,264,252
JIM WELLS COUNTY,249,13 Years,587,309,278,81,44,37,2,1,1,1,1,0,7,4,3,496,259,237
JIM WELLS COUNTY,249,14 Years,640,340,300,80,42,38,2,2,0,1,1,0,5,2,3,552,293,259
JIM WELLS COUNTY,249,15 Years,648,335,313,82,38,44,2,1,1,1,1,0,4,2,2,559,293,266
JIM WELLS COUNTY,249,16 Years,615,319,296,82,42,40,4,1,3,0,0,0,4,3,1,525,273,252
JIM WELLS COUNTY,249,17 Years,570,302,268,81,43,38,2,1,1,1,1,0,4,4,0,482,253,229
JIM WELLS COUNTY,249,18 Years,559,304,255,82,43,39,2,1,1,1,1,0,6,4,2,468,255,213
JIM WELLS COUNTY,249,19 Years,547,296,251,75,42,33,2,1,1,1,1,0,3,1,2,466,251,215
JIM WELLS COUNTY,249,20 Years,519,276,243,69,38,31,1,1,0,1,1,0,3,2,1,445,234,211
JIM WELLS COUNTY,249,21 Years,529,285,244,70,38,32,1,1,0,2,1,1,4,2,2,452,243,209
JIM WELLS COUNTY,249,22 Years,532,288,244,62,31,31,2,1,1,1,0,1,5,2,3,462,254,208
JIM WELLS COUNTY,249,23 Years,474,256,218,57,30,27,3,2,1,3,0,3,4,1,3,407,223,184
JIM WELLS COUNTY,249,24 Years,448,226,222,57,27,30,3,2,1,2,1,1,4,2,2,382,194,188
JIM WELLS COUNTY,249,25 Years,452,239,213,53,26,27,2,1,1,0,0,0,2,1,1,395,211,184
JIM WELLS COUNTY,249,26 Years,477,261,216,62,34,28,1,0,1,0,0,0,3,1,2,411,226,185
JIM WELLS COUNTY,249,27 Years,493,262,231,71,37,34,1,0,1,0,0,0,3,0,3,418,225,193
JIM WELLS COUNTY,249,28 Years,463,237,226,74,32,42,0,0,0,0,0,0,1,0,1,388,205,183
JIM WELLS COUNTY,249,29 Years,466,233,233,69,29,40,4,4,0,1,1,0,2,1,1,390,198,192
JIM WELLS COUNTY,249,30 Years,498,248,250,71,33,38,5,4,1,1,0,1,3,1,2,418,210,208
JIM WELLS COUNTY,249,31 Years,498,239,259,71,34,37,2,1,1,1,0,1,2,0,2,422,204,218
JIM WELLS COUNTY,249,32 Years,481,248,233,66,31,35,8,8,0,1,1,0,2,0,2,404,208,196
JIM WELLS COUNTY,249,33 Years,484,249,235,61,32,29,6,6,0,5,1,4,2,1,1,410,209,201
JIM WELLS COUNTY,249,34 Years,467,252,215,54,32,22,5,5,0,5,0,5,3,2,1,400,213,187
JIM WELLS COUNTY,249,35 Years,475,252,223,56,29,27,6,5,1,5,0,5,1,0,1,407,218,189
JIM WELLS COUNTY,249,36 Years,480,250,230,62,34,28,6,5,1,5,0,5,3,2,1,404,209,195
JIM WELLS COUNTY,249,37 Years,460,230,230,65,35,30,2,2,0,5,0,5,3,2,1,385,191,194
JIM WELLS COUNTY,249,38 Years,483,248,235,77,38,39,1,0,1,5,0,5,1,1,0,399,209,190
JIM WELLS COUNTY,249,39 Years,527,264,263,83,46,37,1,0,1,5,1,4,1,0,1,437,217,220
JIM WELLS COUNTY,249,40 Years,532,280,252,86,47,39,1,0,1,3,1,2,1,0,1,441,232,209
JIM WELLS COUNTY,249,41 Years,492,255,237,87,44,43,1,0,1,6,1,5,1,1,0,397,209,188
JIM WELLS COUNTY,249,42 Years,466,233,233,82,36,46,0,0,0,6,1,5,1,1,0,377,195,182
JIM WELLS COUNTY,249,43 Years,456,224,232,79,35,44,1,1,0,2,0,2,3,2,1,371,186,185
JIM WELLS COUNTY,249,44 Years,467,235,232,82,41,41,3,3,0,1,0,1,2,2,0,379,189,190
JIM WELLS COUNTY,249,45 Years,446,234,212,74,40,34,2,2,0,1,0,1,1,0,1,368,192,176
JIM WELLS COUNTY,249,46 Years,418,206,212,63,29,34,0,0,0,2,0,2,0,0,0,353,177,176
JIM WELLS COUNTY,249,47 Years,435,200,235,68,36,32,1,0,1,2,0,2,0,0,0,364,164,200
JIM WELLS COUNTY,249,48 Years,401,188,213,67,34,33,1,0,1,1,0,1,2,2,0,330,152,178
JIM WELLS COUNTY,249,49 Years,404,200,204,68,34,34,1,1,0,0,0,0,3,2,1,332,163,169
JIM WELLS COUNTY,249,50 Years,429,211,218,73,31,42,4,1,3,0,0,0,3,1,2,349,178,171
JIM WELLS COUNTY,249,51 Years,442,215,227,74,34,40,2,1,1,2,1,1,2,1,1,362,178,184
JIM WELLS COUNTY,249,52 Years,441,201,240,69,33,36,1,1,0,3,1,2,2,1,1,366,165,201
JIM WELLS COUNTY,249,53 Years,419,180,239,73,34,39,1,1,0,1,0,1,2,1,1,342,144,198
JIM WELLS COUNTY,249,54 Years,383,160,223,67,29,38,2,1,1,0,0,0,1,0,1,313,130,183
JIM WELLS COUNTY,249,55 Years,388,173,215,70,34,36,1,1,0,2,2,0,1,0,1,314,136,178
JIM WELLS COUNTY,249,56 Years,414,195,219,78,40,38,1,1,0,2,1,1,1,1,0,332,152,180
JIM WELLS COUNTY,249,57 Years,427,205,222,78,39,39,2,1,1,1,0,1,1,1,0,345,164,181
JIM WELLS COUNTY,249,58 Years,435,209,226,87,37,50,1,0,1,1,0,1,3,2,1,343,170,173
JIM WELLS COUNTY,249,59 Years,437,205,232,95,43,52,1,0,1,1,1,0,3,3,0,337,158,179
JIM WELLS COUNTY,249,60 Years,420,199,221,89,45,44,2,1,1,0,0,0,3,2,1,326,151,175
JIM WELLS COUNTY,249,61 Years,434,203,231,87,42,45,2,1,1,0,0,0,3,2,1,342,158,184
JIM WELLS COUNTY,249,62 Years,435,211,224,96,46,50,1,1,0,1,1,0,3,2,1,334,161,173
JIM WELLS COUNTY,249,63 Years,433,202,231,107,49,58,2,1,1,1,1,0,3,1,2,320,150,170
JIM WELLS COUNTY,249,64 Years,419,205,214,111,56,55,2,1,1,3,2,1,4,2,2,299,144,155
JIM WELLS COUNTY,249,65 Years,439,219,220,113,54,59,1,0,1,2,1,1,5,3,2,318,161,157
JIM WELLS COUNTY,249,66 Years,410,202,208,110,51,59,1,0,1,2,1,1,4,3,1,293,147,146
JIM WELLS COUNTY,249,67 Years,392,178,214,100,47,53,2,1,1,2,1,1,4,3,1,284,126,158
JIM WELLS COUNTY,249,68 Years,367,165,202,89,45,44,2,1,1,2,0,2,2,1,1,272,118,154
JIM WELLS COUNTY,249,69 Years,356,172,184,94,52,42,4,3,1,3,2,1,4,3,1,251,112,139
JIM WELLS COUNTY,249,70 Years,343,162,181,91,45,46,2,2,0,2,1,1,3,2,1,245,112,133
JIM WELLS COUNTY,249,71 Years,328,153,175,85,40,45,0,0,0,1,1,0,3,2,1,239,110,129
JIM WELLS COUNTY,249,72 Years,334,168,166,93,49,44,1,1,0,2,1,1,1,0,1,237,117,120
JIM WELLS COUNTY,249,73 Years,331,168,163,83,43,40,1,1,0,0,0,0,2,1,1,245,123,122
JIM WELLS COUNTY,249,74 Years,315,145,170,70,34,36,1,0,1,0,0,0,2,1,1,242,110,132
JIM WELLS COUNTY,249,75 Years,303,139,164,68,37,31,1,0,1,0,0,0,2,1,1,232,101,131
JIM WELLS COUNTY,249,76 Years,280,129,151,61,32,29,1,0,1,1,1,0,3,2,1,214,94,120
JIM WELLS COUNTY,249,77 Years,262,121,141,55,28,27,0,0,0,1,0,1,2,1,1,204,92,112
JIM WELLS COUNTY,249,78 Years,240,101,139,46,20,26,0,0,0,0,0,0,2,1,1,192,80,112
JIM WELLS COUNTY,249,79 Years,212,80,132,43,19,24,0,0,0,0,0,0,2,1,1,167,60,107
JIM WELLS COUNTY,249,80 Years,184,69,115,42,18,24,0,0,0,0,0,0,2,1,1,140,50,90
JIM WELLS COUNTY,249,81 Years,169,72,97,39,17,22,1,1,0,0,0,0,1,1,0,128,53,75
JIM WELLS COUNTY,249,82 Years,156,71,85,35,16,19,0,0,0,0,0,0,0,0,0,121,55,66
JIM WELLS COUNTY,249,83 Years,150,64,86,43,18,25,0,0,0,0,0,0,0,0,0,107,46,61
JIM WELLS COUNTY,249,84 Years,146,59,87,40,15,25,0,0,0,0,0,0,1,0,1,105,44,61
JIM WELLS COUNTY,249,85 Years,133,54,79,34,13,21,0,0,0,0,0,0,1,0,1,98,41,57
JIM WELLS COUNTY,249,86 Years,116,50,66,26,11,15,0,0,0,0,0,0,1,0,1,89,39,50
JIM WELLS COUNTY,249,87 Years,107,47,60,26,13,13,0,0,0,0,0,0,1,0,1,80,34,46
JIM WELLS COUNTY,249,88 Years,80,29,51,23,10,13,0,0,0,0,0,0,1,0,1,56,19,37
JIM WELLS COUNTY,249,89 Years,62,21,41,18,7,11,0,0,0,0,0,0,0,0,0,44,14,30
JIM WELLS COUNTY,249,90 Years,58,22,36,20,9,11,0,0,0,0,0,0,1,0,1,37,13,24
JIM WELLS COUNTY,249,91 Years,51,20,31,15,7,8,0,0,0,0,0,0,1,0,1,35,13,22
JIM WELLS COUNTY,249,92 Years,48,17,31,14,7,7,0,0,0,0,0,0,0,0,0,34,10,24
JIM WELLS COUNTY,249,93 Years,39,11,28,10,4,6,0,0,0,0,0,0,1,1,0,28,6,22
JIM WELLS COUNTY,249,94 Years,30,7,23,9,3,6,0,0,0,0,0,0,0,0,0,21,4,17
JIM WELLS COUNTY,249,95 Years +,77,22,55,17,5,12,0,0,0,0,0,0,1,0,1,59,17,42
JOHNSON COUNTY,251,All Ages,207702,103319,104383,144804,70874,73930,6821,3641,3180,1336,629,707,6339,3243,3096,48402,24932,23470
JOHNSON COUNTY,251,< 1 Year,2472,1256,1216,1289,659,630,109,54,55,33,17,16,165,83,82,876,443,433
JOHNSON COUNTY,251,1 Years,2242,1144,1098,1191,608,583,90,46,44,20,10,10,122,62,60,819,418,401
JOHNSON COUNTY,251,2 Years,2238,1144,1094,1197,611,586,89,45,44,19,10,9,121,63,58,812,415,397
JOHNSON COUNTY,251,3 Years,2538,1289,1249,1416,722,694,84,46,38,15,9,6,146,76,70,877,436,441
JOHNSON COUNTY,251,4 Years,2672,1370,1302,1510,777,733,82,46,36,17,9,8,153,81,72,910,457,453
JOHNSON COUNTY,251,5 Years,2681,1376,1305,1542,792,750,82,45,37,13,7,6,145,79,66,899,453,446
JOHNSON COUNTY,251,6 Years,2742,1410,1332,1597,822,775,82,41,41,13,7,6,150,82,68,900,458,442
JOHNSON COUNTY,251,7 Years,2798,1433,1365,1655,845,810,84,40,44,13,7,6,157,87,70,889,454,435
JOHNSON COUNTY,251,8 Years,2995,1543,1452,1789,923,866,90,41,49,24,8,16,183,97,86,909,474,435
JOHNSON COUNTY,251,9 Years,3025,1545,1480,1819,930,889,93,43,50,24,11,13,176,93,83,913,468,445
JOHNSON COUNTY,251,10 Years,2999,1532,1467,1799,921,878,88,44,44,20,10,10,165,90,75,927,467,460
JOHNSON COUNTY,251,11 Years,3006,1548,1458,1808,937,871,87,51,36,21,8,13,155,82,73,935,470,465
JOHNSON COUNTY,251,12 Years,3119,1616,1503,1880,984,896,95,52,43,19,15,4,148,79,69,977,486,491
JOHNSON COUNTY,251,13 Years,3190,1687,1503,1924,1012,912,112,61,51,15,11,4,141,71,70,998,532,466
JOHNSON COUNTY,251,14 Years,3169,1668,1501,1930,1005,925,112,61,51,17,9,8,127,66,61,983,527,456
JOHNSON COUNTY,251,15 Years,3155,1635,1520,1938,1006,932,107,55,52,15,7,8,124,71,53,971,496,475
JOHNSON COUNTY,251,16 Years,3155,1612,1543,1963,1016,947,111,58,53,17,9,8,122,58,64,942,471,471
JOHNSON COUNTY,251,17 Years,3176,1636,1540,1980,1036,944,107,56,51,17,10,7,149,73,76,923,461,462
JOHNSON COUNTY,251,18 Years,3049,1587,1462,1906,999,907,106,55,51,15,6,9,132,70,62,890,457,433
JOHNSON COUNTY,251,19 Years,2896,1479,1417,1790,920,870,99,51,48,15,5,10,111,55,56,881,448,433
JOHNSON COUNTY,251,20 Years,2875,1486,1389,1770,929,841,103,51,52,14,6,8,111,59,52,877,441,436
JOHNSON COUNTY,251,21 Years,2798,1449,1349,1710,886,824,111,60,51,9,5,4,116,61,55,852,437,415
JOHNSON COUNTY,251,22 Years,2597,1369,1228,1569,823,746,116,66,50,20,14,6,113,65,48,779,401,378
JOHNSON COUNTY,251,23 Years,2390,1249,1141,1464,763,701,96,54,42,17,12,5,91,46,45,722,374,348
JOHNSON COUNTY,251,24 Years,2418,1250,1168,1486,765,721,94,51,43,16,11,5,92,42,50,730,381,349
JOHNSON COUNTY,251,25 Years,2491,1282,1209,1540,791,749,98,55,43,14,8,6,95,44,51,744,384,360
JOHNSON COUNTY,251,26 Years,2561,1311,1250,1636,831,805,105,64,41,14,8,6,98,43,55,708,365,343
JOHNSON COUNTY,251,27 Years,2671,1362,1309,1765,896,869,105,65,40,16,12,4,92,43,49,693,346,347
JOHNSON COUNTY,251,28 Years,2472,1269,1203,1620,823,797,93,61,32,14,7,7,90,44,46,655,334,321
JOHNSON COUNTY,251,29 Years,2514,1272,1242,1668,834,834,80,52,28,15,6,9,71,41,30,680,339,341
JOHNSON COUNTY,251,30 Years,2619,1321,1298,1755,866,889,91,58,33,18,10,8,74,40,34,681,347,334
JOHNSON COUNTY,251,31 Years,2656,1358,1298,1767,905,862,92,54,38,21,11,10,76,34,42,700,354,346
JOHNSON COUNTY,251,32 Years,2723,1369,1354,1811,901,910,95,55,40,25,8,17,79,34,45,713,371,342
JOHNSON COUNTY,251,33 Years,2845,1443,1402,1912,932,980,107,55,52,27,10,17,68,36,32,731,410,321
JOHNSON COUNTY,251,34 Years,2795,1387,1408,1922,908,1014,88,54,34,26,12,14,58,29,29,701,384,317
JOHNSON COUNTY,251,35 Years,2791,1360,1431,1865,874,991,93,53,40,25,9,16,70,27,43,738,397,341
JOHNSON COUNTY,251,36 Years,2770,1386,1384,1844,884,960,100,54,46,27,10,17,84,45,39,715,393,322
JOHNSON COUNTY,251,37 Years,2667,1316,1351,1788,853,935,98,56,42,24,10,14,71,38,33,686,359,327
JOHNSON COUNTY,251,38 Years,2714,1355,1359,1854,904,950,111,59,52,26,13,13,65,40,25,658,339,319
JOHNSON COUNTY,251,39 Years,2777,1396,1381,1879,917,962,123,67,56,42,20,22,62,34,28,671,358,313
JOHNSON COUNTY,251,40 Years,2736,1372,1364,1869,908,961,103,65,38,31,15,16,56,26,30,677,358,319
JOHNSON COUNTY,251,41 Years,2824,1402,1422,1932,935,997,107,60,47,16,5,11,69,38,31,700,364,336
JOHNSON COUNTY,251,42 Years,2848,1412,1436,1931,934,997,124,60,64,15,4,11,88,40,48,690,374,316
JOHNSON COUNTY,251,43 Years,2640,1369,1271,1829,904,925,107,61,46,19,9,10,62,30,32,623,365,258
JOHNSON COUNTY,251,44 Years,2494,1273,1221,1736,852,884,101,62,39,22,10,12,47,28,19,588,321,267
JOHNSON COUNTY,251,45 Years,2459,1204,1255,1692,811,881,103,57,46,22,8,14,39,25,14,603,303,300
JOHNSON COUNTY,251,46 Years,2430,1210,1220,1684,838,846,96,52,44,17,6,11,49,26,23,584,288,296
JOHNSON COUNTY,251,47 Years,2456,1215,1241,1700,829,871,90,50,40,15,7,8,57,27,30,594,302,292
JOHNSON COUNTY,251,48 Years,2465,1223,1242,1701,827,874,108,56,52,17,10,7,53,18,35,586,312,274
JOHNSON COUNTY,251,49 Years,2512,1257,1255,1781,877,904,108,56,52,18,8,10,50,20,30,555,296,259
JOHNSON COUNTY,251,50 Years,2607,1300,1307,1925,938,987,95,50,45,14,5,9,52,22,30,521,285,236
JOHNSON COUNTY,251,51 Years,2722,1360,1362,1985,971,1014,99,54,45,17,9,8,62,32,30,559,294,265
JOHNSON COUNTY,251,52 Years,2721,1357,1364,1995,990,1005,95,53,42,19,6,13,46,25,21,566,283,283
JOHNSON COUNTY,251,53 Years,2546,1246,1300,1897,913,984,85,45,40,15,5,10,49,25,24,500,258,242
JOHNSON COUNTY,251,54 Years,2423,1200,1223,1791,878,913,92,45,47,17,7,10,46,21,25,477,249,228
JOHNSON COUNTY,251,55 Years,2434,1209,1225,1798,889,909,98,50,48,16,7,9,44,20,24,478,243,235
JOHNSON COUNTY,251,56 Years,2468,1238,1230,1859,928,931,99,54,45,11,5,6,47,23,24,452,228,224
JOHNSON COUNTY,251,57 Years,2544,1283,1261,1950,974,976,88,46,42,15,8,7,39,20,19,452,235,217
JOHNSON COUNTY,251,58 Years,2570,1288,1282,2030,1012,1018,68,37,31,13,6,7,35,19,16,424,214,210
JOHNSON COUNTY,251,59 Years,2556,1267,1289,2043,1002,1041,66,31,35,11,5,6,53,34,19,383,195,188
JOHNSON COUNTY,251,60 Years,2555,1257,1298,2056,995,1061,71,34,37,11,5,6,49,28,21,368,195,173
JOHNSON COUNTY,251,61 Years,2585,1273,1312,2105,1024,1081,64,32,32,13,7,6,45,23,22,358,187,171
JOHNSON COUNTY,251,62 Years,2641,1321,1320,2157,1067,1090,67,36,31,17,7,10,46,24,22,354,187,167
JOHNSON COUNTY,251,63 Years,2496,1251,1245,2051,1011,1040,62,33,29,14,4,10,44,23,21,325,180,145
JOHNSON COUNTY,251,64 Years,2446,1204,1242,2038,990,1048,63,32,31,15,4,11,38,17,21,292,161,131
JOHNSON COUNTY,251,65 Years,2320,1133,1187,1939,938,1001,63,31,32,11,4,7,45,19,26,262,141,121
JOHNSON COUNTY,251,66 Years,2286,1087,1199,1920,905,1015,61,30,31,14,5,9,40,15,25,251,132,119
JOHNSON COUNTY,251,67 Years,2229,1058,1171,1880,888,992,52,21,31,13,6,7,35,17,18,249,126,123
JOHNSON COUNTY,251,68 Years,2108,999,1109,1793,838,955,40,18,22,12,7,5,37,15,22,226,121,105
JOHNSON COUNTY,251,69 Years,1971,925,1046,1677,774,903,46,20,26,12,8,4,32,14,18,204,109,95
JOHNSON COUNTY,251,70 Years,1915,885,1030,1641,742,899,46,25,21,9,5,4,30,16,14,189,97,92
JOHNSON COUNTY,251,71 Years,1762,807,955,1513,679,834,36,21,15,6,4,2,30,16,14,177,87,90
JOHNSON COUNTY,251,72 Years,1653,750,903,1427,646,781,40,18,22,7,3,4,28,13,15,151,70,81
JOHNSON COUNTY,251,73 Years,1612,720,892,1407,634,773,34,11,23,6,2,4,31,14,17,134,59,75
JOHNSON COUNTY,251,74 Years,1637,731,906,1440,647,793,29,12,17,6,2,4,27,13,14,135,57,78
JOHNSON COUNTY,251,75 Years,1599,707,892,1421,627,794,25,12,13,6,3,3,24,12,12,123,53,70
JOHNSON COUNTY,251,76 Years,1340,593,747,1181,520,661,24,14,10,5,3,2,18,9,9,112,47,65
JOHNSON COUNTY,251,77 Years,1187,542,645,1034,473,561,25,13,12,4,2,2,12,9,3,112,45,67
JOHNSON COUNTY,251,78 Years,1130,508,622,989,442,547,18,8,10,4,2,2,14,8,6,105,48,57
JOHNSON COUNTY,251,79 Years,1076,467,609,963,417,546,12,4,8,4,2,2,13,6,7,84,38,46
JOHNSON COUNTY,251,80 Years,955,408,547,856,361,495,13,5,8,4,3,1,18,9,9,64,30,34
JOHNSON COUNTY,251,81 Years,847,367,480,758,323,435,10,5,5,4,3,1,13,9,4,62,27,35
JOHNSON COUNTY,251,82 Years,759,327,432,678,291,387,10,6,4,3,1,2,8,3,5,60,26,34
JOHNSON COUNTY,251,83 Years,719,302,417,645,271,374,10,4,6,4,1,3,6,3,3,54,23,31
JOHNSON COUNTY,251,84 Years,658,270,388,595,246,349,9,1,8,1,0,1,8,5,3,45,18,27
JOHNSON COUNTY,251,85 Years,579,236,343,519,212,307,7,2,5,3,0,3,7,5,2,43,17,26
JOHNSON COUNTY,251,86 Years,525,211,314,472,188,284,4,1,3,3,1,2,5,4,1,41,17,24
JOHNSON COUNTY,251,87 Years,453,171,282,411,155,256,4,1,3,2,1,1,3,2,1,33,12,21
JOHNSON COUNTY,251,88 Years,342,134,208,310,121,189,5,2,3,1,1,0,5,2,3,21,8,13
JOHNSON COUNTY,251,89 Years,282,110,172,255,99,156,5,1,4,0,0,0,5,2,3,17,8,9
JOHNSON COUNTY,251,90 Years,238,87,151,214,76,138,4,1,3,1,0,1,3,2,1,16,8,8
JOHNSON COUNTY,251,91 Years,203,75,128,180,66,114,4,1,3,2,0,2,2,1,1,15,7,8
JOHNSON COUNTY,251,92 Years,176,63,113,159,56,103,4,2,2,1,0,1,2,1,1,10,4,6
JOHNSON COUNTY,251,93 Years,142,47,95,128,40,88,4,2,2,1,0,1,2,1,1,7,4,3
JOHNSON COUNTY,251,94 Years,111,34,77,99,31,68,3,1,2,2,0,2,1,0,1,6,2,4
JOHNSON COUNTY,251,95 Years +,249,74,175,217,61,156,7,2,5,3,1,2,2,1,1,20,9,11
JONES COUNTY,253,All Ages,20372,12803,7569,11404,6300,5104,2447,2206,241,92,63,29,392,211,181,6037,4023,2014
JONES COUNTY,253,< 1 Year,162,82,80,86,44,42,5,3,2,2,0,2,8,4,4,61,31,30
JONES COUNTY,253,1 Years,153,79,74,78,40,38,6,4,2,1,1,0,6,3,3,62,31,31
JONES COUNTY,253,2 Years,156,81,75,81,42,39,6,4,2,1,1,0,6,3,3,62,31,31
JONES COUNTY,253,3 Years,173,87,86,100,49,51,5,3,2,0,0,0,7,4,3,61,31,30
JONES COUNTY,253,4 Years,181,88,93,104,49,55,4,2,2,0,0,0,9,4,5,64,33,31
JONES COUNTY,253,5 Years,187,87,100,107,47,60,4,2,2,0,0,0,10,4,6,66,34,32
JONES COUNTY,253,6 Years,187,83,104,105,45,60,4,2,2,0,0,0,9,3,6,69,33,36
JONES COUNTY,253,7 Years,195,85,110,111,50,61,6,2,4,0,0,0,8,4,4,70,29,41
JONES COUNTY,253,8 Years,207,103,104,114,52,62,5,3,2,2,2,0,10,7,3,76,39,37
JONES COUNTY,253,9 Years,222,123,99,122,63,59,6,5,1,3,3,0,11,7,4,80,45,35
JONES COUNTY,253,10 Years,222,127,95,122,66,56,7,6,1,2,2,0,12,6,6,79,47,32
JONES COUNTY,253,11 Years,212,121,91,117,64,53,7,6,1,2,2,0,11,5,6,75,44,31
JONES COUNTY,253,12 Years,235,121,114,130,69,61,7,5,2,2,2,0,9,6,3,87,39,48
JONES COUNTY,253,13 Years,217,110,107,124,66,58,9,5,4,0,0,0,6,4,2,78,35,43
JONES COUNTY,253,14 Years,195,106,89,111,58,53,8,5,3,0,0,0,6,4,2,70,39,31
JONES COUNTY,253,15 Years,197,105,92,114,60,54,6,4,2,2,0,2,7,4,3,68,37,31
JONES COUNTY,253,16 Years,207,104,103,109,57,52,6,3,3,0,0,0,11,6,5,81,38,43
JONES COUNTY,253,17 Years,204,95,109,108,50,58,7,4,3,0,0,0,9,6,3,80,35,45
JONES COUNTY,253,18 Years,246,142,104,139,79,60,10,7,3,0,0,0,7,5,2,90,51,39
JONES COUNTY,253,19 Years,255,154,101,132,78,54,25,19,6,1,0,1,4,2,2,93,55,38
JONES COUNTY,253,20 Years,327,234,93,153,103,50,35,31,4,1,0,1,3,2,1,135,98,37
JONES COUNTY,253,21 Years,333,249,84,153,104,49,48,44,4,2,1,1,5,3,2,125,97,28
JONES COUNTY,253,22 Years,321,247,74,142,102,40,51,47,4,5,4,1,1,0,1,122,94,28
JONES COUNTY,253,23 Years,352,284,68,127,95,32,78,75,3,4,4,0,5,3,2,138,107,31
JONES COUNTY,253,24 Years,357,291,66,103,69,34,102,99,3,1,0,1,2,0,2,149,123,26
JONES COUNTY,253,25 Years,334,266,68,115,74,41,83,80,3,1,1,0,6,4,2,129,107,22
JONES COUNTY,253,26 Years,325,252,73,142,94,48,67,64,3,0,0,0,3,2,1,113,92,21
JONES COUNTY,253,27 Years,365,289,76,158,109,49,75,73,2,2,1,1,4,2,2,126,104,22
JONES COUNTY,253,28 Years,338,267,71,149,100,49,57,56,1,2,2,0,3,1,2,127,108,19
JONES COUNTY,253,29 Years,324,248,76,136,86,50,41,40,1,3,2,1,2,2,0,142,118,24
JONES COUNTY,253,30 Years,319,241,78,136,86,50,59,57,2,3,2,1,0,0,0,121,96,25
JONES COUNTY,253,31 Years,353,275,78,149,98,51,84,81,3,1,1,0,5,3,2,114,92,22
JONES COUNTY,253,32 Years,367,280,87,150,94,56,88,87,1,3,3,0,7,5,2,119,91,28
JONES COUNTY,253,33 Years,321,238,83,146,83,63,65,65,0,1,1,0,2,0,2,107,89,18
JONES COUNTY,253,34 Years,330,243,87,154,93,61,60,57,3,0,0,0,6,4,2,110,89,21
JONES COUNTY,253,35 Years,321,238,83,134,81,53,75,72,3,0,0,0,3,1,2,109,84,25
JONES COUNTY,253,36 Years,331,249,82,134,79,55,69,65,4,0,0,0,3,1,2,125,104,21
JONES COUNTY,253,37 Years,315,226,89,144,83,61,64,62,2,2,2,0,2,0,2,103,79,24
JONES COUNTY,253,38 Years,328,235,93,152,93,59,63,61,2,1,1,0,1,1,0,111,79,32
JONES COUNTY,253,39 Years,320,232,88,143,91,52,60,57,3,1,1,0,2,1,1,114,82,32
JONES COUNTY,253,40 Years,316,232,84,146,92,54,58,56,2,1,1,0,2,0,2,109,83,26
JONES COUNTY,253,41 Years,310,220,90,143,80,63,56,55,1,2,0,2,6,3,3,103,82,21
JONES COUNTY,253,42 Years,290,196,94,143,84,59,54,52,2,0,0,0,4,1,3,89,59,30
JONES COUNTY,253,43 Years,275,202,73,134,88,46,48,45,3,1,1,0,2,1,1,90,67,23
JONES COUNTY,253,44 Years,271,207,64,136,92,44,49,46,3,1,1,0,4,3,1,81,65,16
JONES COUNTY,253,45 Years,266,202,64,120,77,43,47,43,4,1,1,0,8,7,1,90,74,16
JONES COUNTY,253,46 Years,241,171,70,123,77,46,38,34,4,1,1,0,3,2,1,76,57,19
JONES COUNTY,253,47 Years,266,186,80,129,77,52,44,40,4,1,1,0,4,3,1,88,65,23
JONES COUNTY,253,48 Years,283,195,88,153,92,61,49,46,3,2,1,1,1,0,1,78,56,22
JONES COUNTY,253,49 Years,278,191,87,154,91,63,51,51,0,2,2,0,3,1,2,68,46,22
JONES COUNTY,253,50 Years,256,169,87,142,82,60,44,43,1,2,1,1,6,5,1,62,38,24
JONES COUNTY,253,51 Years,240,150,90,138,78,60,36,31,5,1,1,0,7,5,2,58,35,23
JONES COUNTY,253,52 Years,258,154,104,161,86,75,31,27,4,2,1,1,2,1,1,62,39,23
JONES COUNTY,253,53 Years,244,153,91,149,84,65,33,29,4,3,2,1,3,3,0,56,35,21
JONES COUNTY,253,54 Years,221,145,76,136,79,57,28,27,1,2,1,1,1,1,0,54,37,17
JONES COUNTY,253,55 Years,201,123,78,128,71,57,22,19,3,2,2,0,7,5,2,42,26,16
JONES COUNTY,253,56 Years,193,111,82,131,71,60,17,14,3,2,2,0,1,0,1,42,24,18
JONES COUNTY,253,57 Years,223,128,95,147,77,70,26,22,4,1,1,0,3,1,2,46,27,19
JONES COUNTY,253,58 Years,243,140,103,167,91,76,16,13,3,1,0,1,5,4,1,54,32,22
JONES COUNTY,253,59 Years,250,144,106,173,93,80,16,13,3,0,0,0,6,4,2,55,34,21
JONES COUNTY,253,60 Years,235,128,107,171,90,81,12,9,3,1,1,0,4,0,4,47,28,19
JONES COUNTY,253,61 Years,243,126,117,170,84,86,17,13,4,1,1,0,7,4,3,48,24,24
JONES COUNTY,253,62 Years,236,119,117,170,84,86,15,11,4,1,1,0,3,1,2,47,22,25
JONES COUNTY,253,63 Years,231,127,104,168,92,76,17,11,6,2,0,2,1,1,0,43,23,20
JONES COUNTY,253,64 Years,218,116,102,159,84,75,16,8,8,2,0,2,5,4,1,36,20,16
JONES COUNTY,253,65 Years,202,96,106,152,75,77,15,8,7,0,0,0,4,1,3,31,12,19
JONES COUNTY,253,66 Years,207,94,113,158,75,83,13,7,6,0,0,0,4,1,3,32,11,21
JONES COUNTY,253,67 Years,213,97,116,161,75,86,11,7,4,1,0,1,6,1,5,34,14,20
JONES COUNTY,253,68 Years,211,97,114,163,74,89,10,6,4,0,0,0,6,2,4,32,15,17
JONES COUNTY,253,69 Years,194,93,101,149,71,78,13,7,6,0,0,0,3,2,1,29,13,16
JONES COUNTY,253,70 Years,188,92,96,143,68,75,12,8,4,0,0,0,3,2,1,30,14,16
JONES COUNTY,253,71 Years,175,89,86,133,66,67,9,6,3,0,0,0,4,2,2,29,15,14
JONES COUNTY,253,72 Years,165,86,79,127,65,62,7,6,1,0,0,0,5,2,3,26,13,13
JONES COUNTY,253,73 Years,161,84,77,128,65,63,6,5,1,0,0,0,4,1,3,23,13,10
JONES COUNTY,253,74 Years,175,85,90,140,68,72,6,4,2,1,0,1,1,1,0,27,12,15
JONES COUNTY,253,75 Years,175,92,83,143,76,67,5,3,2,0,0,0,2,1,1,25,12,13
JONES COUNTY,253,76 Years,141,76,65,113,62,51,3,1,2,1,0,1,2,1,1,22,12,10
JONES COUNTY,253,77 Years,124,65,59,98,51,47,3,2,1,0,0,0,2,1,1,21,11,10
JONES COUNTY,253,78 Years,121,52,69,96,38,58,4,2,2,0,0,0,2,1,1,19,11,8
JONES COUNTY,253,79 Years,109,47,62,88,35,53,2,1,1,0,0,0,1,0,1,18,11,7
JONES COUNTY,253,80 Years,94,44,50,79,36,43,3,1,2,0,0,0,1,0,1,11,7,4
JONES COUNTY,253,81 Years,90,41,49,74,33,41,3,1,2,0,0,0,2,1,1,11,6,5
JONES COUNTY,253,82 Years,84,38,46,68,31,37,1,0,1,0,0,0,2,1,1,13,6,7
JONES COUNTY,253,83 Years,78,35,43,63,28,35,3,1,2,0,0,0,1,0,1,11,6,5
JONES COUNTY,253,84 Years,73,33,40,60,26,34,2,1,1,1,1,0,1,1,0,9,4,5
JONES COUNTY,253,85 Years,69,28,41,56,23,33,4,2,2,0,0,0,2,1,1,7,2,5
JONES COUNTY,253,86 Years,61,25,36,52,21,31,3,2,1,0,0,0,0,0,0,6,2,4
JONES COUNTY,253,87 Years,48,20,28,41,18,23,1,0,1,0,0,0,0,0,0,6,2,4
JONES COUNTY,253,88 Years,39,15,24,32,14,18,1,0,1,0,0,0,1,0,1,5,1,4
JONES COUNTY,253,89 Years,34,14,20,27,11,16,0,0,0,1,0,1,1,1,0,5,2,3
JONES COUNTY,253,90 Years,35,13,22,30,12,18,0,0,0,1,0,1,1,0,1,3,1,2
JONES COUNTY,253,91 Years,26,10,16,23,9,14,0,0,0,0,0,0,0,0,0,3,1,2
JONES COUNTY,253,92 Years,22,9,13,20,8,12,0,0,0,0,0,0,0,0,0,2,1,1
JONES COUNTY,253,93 Years,18,8,10,15,6,9,0,0,0,0,0,0,1,1,0,2,1,1
JONES COUNTY,253,94 Years,15,7,8,13,6,7,0,0,0,0,0,0,0,0,0,2,1,1
JONES COUNTY,253,95 Years +,43,16,27,34,13,21,0,0,0,0,0,0,1,0,1,8,3,5
KARNES COUNTY,255,All Ages,14910,8569,6341,5231,2821,2410,1075,975,100,32,16,16,170,86,84,8402,4671,3731
KARNES COUNTY,255,< 1 Year,167,85,82,44,22,22,3,1,2,0,0,0,5,3,2,115,59,56
KARNES COUNTY,255,1 Years,171,87,84,44,22,22,3,2,1,0,0,0,4,2,2,120,61,59
KARNES COUNTY,255,2 Years,171,86,85,43,22,21,3,1,2,0,0,0,4,2,2,121,61,60
KARNES COUNTY,255,3 Years,160,80,80,41,18,23,4,1,3,0,0,0,2,0,2,113,61,52
KARNES COUNTY,255,4 Years,167,84,83,43,18,25,3,1,2,0,0,0,2,1,1,119,64,55
KARNES COUNTY,255,5 Years,177,87,90,45,20,25,2,1,1,0,0,0,3,1,2,127,65,62
KARNES COUNTY,255,6 Years,186,92,94,46,23,23,2,1,1,0,0,0,2,1,1,136,67,69
KARNES COUNTY,255,7 Years,195,102,93,49,27,22,3,2,1,0,0,0,3,1,2,140,72,68
KARNES COUNTY,255,8 Years,197,106,91,51,29,22,2,2,0,2,0,2,3,2,1,139,73,66
KARNES COUNTY,255,9 Years,194,103,91,51,27,24,2,2,0,1,0,1,4,2,2,136,72,64
KARNES COUNTY,255,10 Years,181,96,85,50,25,25,1,1,0,0,0,0,1,0,1,129,70,59
KARNES COUNTY,255,11 Years,171,91,80,44,22,22,2,1,1,0,0,0,3,1,2,122,67,55
KARNES COUNTY,255,12 Years,174,94,80,43,26,17,3,2,1,0,0,0,3,1,2,125,65,60
KARNES COUNTY,255,13 Years,183,99,84,42,28,14,4,0,4,0,0,0,3,1,2,134,70,64
KARNES COUNTY,255,14 Years,181,100,81,46,25,21,2,1,1,0,0,0,3,2,1,130,72,58
KARNES COUNTY,255,15 Years,192,105,87,50,27,23,4,3,1,0,0,0,4,2,2,134,73,61
KARNES COUNTY,255,16 Years,206,111,95,57,33,24,8,5,3,0,0,0,5,3,2,136,70,66
KARNES COUNTY,255,17 Years,181,98,83,51,30,21,7,5,2,0,0,0,3,2,1,120,61,59
KARNES COUNTY,255,18 Years,213,131,82,60,36,24,11,9,2,0,0,0,4,2,2,138,84,54
KARNES COUNTY,255,19 Years,226,139,87,69,37,32,12,11,1,0,0,0,3,1,2,142,90,52
KARNES COUNTY,255,20 Years,250,164,86,73,45,28,15,13,2,0,0,0,5,2,3,157,104,53
KARNES COUNTY,255,21 Years,254,165,89,69,41,28,20,19,1,0,0,0,2,2,0,163,103,60
KARNES COUNTY,255,22 Years,266,176,90,71,43,28,24,23,1,0,0,0,3,1,2,168,109,59
KARNES COUNTY,255,23 Years,253,170,83,57,32,25,33,31,2,0,0,0,3,1,2,160,106,54
KARNES COUNTY,255,24 Years,232,153,79,53,32,21,40,39,1,0,0,0,4,2,2,135,80,55
KARNES COUNTY,255,25 Years,275,191,84,65,35,30,38,38,0,0,0,0,2,1,1,170,117,53
KARNES COUNTY,255,26 Years,269,192,77,68,41,27,40,40,0,1,1,0,2,1,1,158,109,49
KARNES COUNTY,255,27 Years,253,174,79,66,38,28,41,40,1,0,0,0,5,4,1,141,92,49
KARNES COUNTY,255,28 Years,236,164,72,70,45,25,35,33,2,2,0,2,2,2,0,127,84,43
KARNES COUNTY,255,29 Years,243,172,71,71,48,23,40,38,2,0,0,0,2,1,1,130,85,45
KARNES COUNTY,255,30 Years,247,171,76,67,42,25,37,35,2,0,0,0,4,2,2,139,92,47
KARNES COUNTY,255,31 Years,242,162,80,56,30,26,45,45,0,0,0,0,1,0,1,140,87,53
KARNES COUNTY,255,32 Years,250,167,83,60,39,21,39,38,1,3,3,0,1,1,0,147,86,61
KARNES COUNTY,255,33 Years,224,145,79,54,35,19,32,31,1,1,1,0,3,1,2,134,77,57
KARNES COUNTY,255,34 Years,235,146,89,68,42,26,32,31,1,0,0,0,4,2,2,131,71,60
KARNES COUNTY,255,35 Years,238,151,87,64,34,30,34,34,0,0,0,0,2,0,2,138,83,55
KARNES COUNTY,255,36 Years,226,135,91,60,32,28,32,32,0,1,0,1,1,0,1,132,71,61
KARNES COUNTY,255,37 Years,210,129,81,53,28,25,34,34,0,2,2,0,3,1,2,118,64,54
KARNES COUNTY,255,38 Years,220,146,74,53,31,22,23,22,1,2,2,0,1,1,0,141,90,51
KARNES COUNTY,255,39 Years,206,132,74,56,34,22,24,22,2,1,1,0,0,0,0,125,75,50
KARNES COUNTY,255,40 Years,199,124,75,57,34,23,24,22,2,1,1,0,0,0,0,117,67,50
KARNES COUNTY,255,41 Years,205,124,81,55,30,25,24,22,2,1,1,0,2,1,1,123,70,53
KARNES COUNTY,255,42 Years,212,129,83,62,34,28,26,26,0,1,1,0,1,0,1,122,68,54
KARNES COUNTY,255,43 Years,205,127,78,54,24,30,18,18,0,0,0,0,7,5,2,126,80,46
KARNES COUNTY,255,44 Years,199,126,73,61,31,30,18,17,1,0,0,0,3,1,2,117,77,40
KARNES COUNTY,255,45 Years,186,111,75,56,28,28,13,12,1,0,0,0,1,0,1,116,71,45
KARNES COUNTY,255,46 Years,189,116,73,61,32,29,20,19,1,0,0,0,2,2,0,106,63,43
KARNES COUNTY,255,47 Years,178,112,66,57,34,23,17,16,1,0,0,0,0,0,0,104,62,42
KARNES COUNTY,255,48 Years,180,113,67,67,43,24,16,14,2,1,0,1,5,4,1,91,52,39
KARNES COUNTY,255,49 Years,168,100,68,62,41,21,18,16,2,1,0,1,2,1,1,85,42,43
KARNES COUNTY,255,50 Years,142,78,64,56,35,21,12,11,1,0,0,0,4,3,1,70,29,41
KARNES COUNTY,255,51 Years,138,72,66,58,32,26,10,9,1,0,0,0,1,0,1,69,31,38
KARNES COUNTY,255,52 Years,144,77,67,63,36,27,8,8,0,0,0,0,3,1,2,70,32,38
KARNES COUNTY,255,53 Years,134,80,54,53,32,21,8,6,2,0,0,0,2,2,0,71,40,31
KARNES COUNTY,255,54 Years,128,68,60,58,30,28,4,3,1,0,0,0,0,0,0,66,35,31
KARNES COUNTY,255,55 Years,120,58,62,54,26,28,5,5,0,0,0,0,0,0,0,61,27,34
KARNES COUNTY,255,56 Years,122,61,61,52,27,25,6,6,0,1,0,1,0,0,0,63,28,35
KARNES COUNTY,255,57 Years,150,76,74,73,39,34,7,6,1,2,0,2,0,0,0,68,31,37
KARNES COUNTY,255,58 Years,164,86,78,87,46,41,6,5,1,2,0,2,2,2,0,67,33,34
KARNES COUNTY,255,59 Years,156,86,70,81,44,37,5,5,0,1,0,1,4,4,0,65,33,32
KARNES COUNTY,255,60 Years,153,84,69,72,44,28,7,5,2,0,0,0,3,2,1,71,33,38
KARNES COUNTY,255,61 Years,156,85,71,73,44,29,7,5,2,1,1,0,3,2,1,72,33,39
KARNES COUNTY,255,62 Years,156,87,69,81,47,34,5,4,1,1,1,0,3,1,2,66,34,32
KARNES COUNTY,255,63 Years,156,83,73,86,47,39,4,2,2,0,0,0,2,0,2,64,34,30
KARNES COUNTY,255,64 Years,149,72,77,84,41,43,2,1,1,0,0,0,0,0,0,63,30,33
KARNES COUNTY,255,65 Years,152,73,79,83,40,43,4,2,2,0,0,0,2,0,2,63,31,32
KARNES COUNTY,255,66 Years,149,72,77,82,40,42,3,0,3,0,0,0,2,0,2,62,32,30
KARNES COUNTY,255,67 Years,148,74,74,82,44,38,3,0,3,0,0,0,1,0,1,62,30,32
KARNES COUNTY,255,68 Years,146,71,75,81,41,40,6,2,4,1,1,0,0,0,0,58,27,31
KARNES COUNTY,255,69 Years,143,70,73,84,41,43,4,2,2,0,0,0,0,0,0,55,27,28
KARNES COUNTY,255,70 Years,134,63,71,82,39,43,4,2,2,0,0,0,0,0,0,48,22,26
KARNES COUNTY,255,71 Years,118,56,62,72,36,36,1,1,0,1,0,1,0,0,0,44,19,25
KARNES COUNTY,255,72 Years,109,55,54,67,37,30,1,1,0,1,0,1,0,0,0,40,17,23
KARNES COUNTY,255,73 Years,97,49,48,59,32,27,1,1,0,0,0,0,0,0,0,37,16,21
KARNES COUNTY,255,74 Years,107,52,55,64,34,30,2,1,1,0,0,0,0,0,0,41,17,24
KARNES COUNTY,255,75 Years,108,52,56,68,36,32,2,1,1,0,0,0,0,0,0,38,15,23
KARNES COUNTY,255,76 Years,89,39,50,55,27,28,2,1,1,0,0,0,0,0,0,32,11,21
KARNES COUNTY,255,77 Years,73,32,41,42,21,21,2,1,1,0,0,0,0,0,0,29,10,19
KARNES COUNTY,255,78 Years,70,30,40,43,19,24,3,2,1,0,0,0,0,0,0,24,9,15
KARNES COUNTY,255,79 Years,62,28,34,38,17,21,3,2,1,0,0,0,0,0,0,21,9,12
KARNES COUNTY,255,80 Years,56,24,32,34,13,21,1,1,0,0,0,0,0,0,0,21,10,11
KARNES COUNTY,255,81 Years,55,25,30,34,15,19,1,1,0,0,0,0,0,0,0,20,9,11
KARNES COUNTY,255,82 Years,51,23,28,32,15,17,1,1,0,0,0,0,0,0,0,18,7,11
KARNES COUNTY,255,83 Years,57,23,34,36,16,20,1,0,1,0,0,0,1,0,1,19,7,12
KARNES COUNTY,255,84 Years,58,24,34,36,15,21,1,0,1,0,0,0,0,0,0,21,9,12
KARNES COUNTY,255,85 Years,51,24,27,33,13,20,0,0,0,0,0,0,0,0,0,18,11,7
KARNES COUNTY,255,86 Years,46,19,27,32,13,19,0,0,0,0,0,0,0,0,0,14,6,8
KARNES COUNTY,255,87 Years,41,13,28,26,10,16,0,0,0,0,0,0,0,0,0,15,3,12
KARNES COUNTY,255,88 Years,32,12,20,21,9,12,0,0,0,0,0,0,0,0,0,11,3,8
KARNES COUNTY,255,89 Years,27,10,17,18,7,11,0,0,0,0,0,0,0,0,0,9,3,6
KARNES COUNTY,255,90 Years,23,9,14,15,6,9,0,0,0,0,0,0,0,0,0,8,3,5
KARNES COUNTY,255,91 Years,21,7,14,14,4,10,0,0,0,0,0,0,0,0,0,7,3,4
KARNES COUNTY,255,92 Years,20,6,14,14,4,10,0,0,0,0,0,0,0,0,0,6,2,4
KARNES COUNTY,255,93 Years,14,5,9,10,4,6,0,0,0,0,0,0,0,0,0,4,1,3
KARNES COUNTY,255,94 Years,11,4,7,9,3,6,0,0,0,0,0,0,0,0,0,2,1,1
KARNES COUNTY,255,95 Years +,31,9,22,19,5,14,0,0,0,0,0,0,0,0,0,12,4,8
KAUFMAN COUNTY,257,All Ages,179647,88529,91118,112805,55447,57358,19726,9420,10306,1738,815,923,4307,2192,2115,41071,20655,20416
KAUFMAN COUNTY,257,< 1 Year,2407,1230,1177,1015,527,488,374,192,182,34,18,16,143,71,72,841,422,419
KAUFMAN COUNTY,257,1 Years,2027,1034,993,946,482,464,243,124,119,22,12,10,93,47,46,723,369,354
KAUFMAN COUNTY,257,2 Years,2003,1023,980,942,481,461,239,122,117,22,12,10,89,45,44,711,363,348
KAUFMAN COUNTY,257,3 Years,2370,1221,1149,1192,597,595,298,159,139,21,11,10,111,63,48,748,391,357
KAUFMAN COUNTY,257,4 Years,2503,1298,1205,1269,638,631,311,168,143,21,11,10,119,68,51,783,413,370
KAUFMAN COUNTY,257,5 Years,2505,1322,1183,1296,669,627,281,148,133,23,12,11,121,67,54,784,426,358
KAUFMAN COUNTY,257,6 Years,2502,1330,1172,1312,695,617,258,134,124,22,11,11,125,64,61,785,426,359
KAUFMAN COUNTY,257,7 Years,2523,1335,1188,1345,722,623,254,128,126,21,9,12,124,60,64,779,416,363
KAUFMAN COUNTY,257,8 Years,2757,1428,1329,1445,766,679,314,153,161,31,15,16,144,79,65,823,415,408
KAUFMAN COUNTY,257,9 Years,2823,1445,1378,1502,782,720,325,158,167,31,17,14,134,73,61,831,415,416
KAUFMAN COUNTY,257,10 Years,2790,1423,1367,1488,770,718,323,161,162,25,14,11,112,59,53,842,419,423
KAUFMAN COUNTY,257,11 Years,2796,1431,1365,1492,778,714,320,160,160,22,11,11,103,55,48,859,427,432
KAUFMAN COUNTY,257,12 Years,2843,1442,1401,1459,734,725,334,171,163,23,11,12,105,66,39,922,460,462
KAUFMAN COUNTY,257,13 Years,2845,1433,1412,1493,757,736,337,170,167,17,8,9,87,50,37,911,448,463
KAUFMAN COUNTY,257,14 Years,2969,1463,1506,1604,780,824,357,176,181,21,11,10,93,47,46,894,449,445
KAUFMAN COUNTY,257,15 Years,2972,1493,1479,1652,833,819,368,187,181,19,12,7,103,51,52,830,410,420
KAUFMAN COUNTY,257,16 Years,2969,1492,1477,1639,855,784,329,155,174,19,13,6,109,56,53,873,413,460
KAUFMAN COUNTY,257,17 Years,2825,1443,1382,1525,804,721,335,159,176,27,11,16,106,59,47,832,410,422
KAUFMAN COUNTY,257,18 Years,2702,1404,1298,1453,779,674,337,175,162,24,10,14,84,45,39,804,395,409
KAUFMAN COUNTY,257,19 Years,2554,1318,1236,1372,719,653,303,166,137,23,11,12,76,39,37,780,383,397
KAUFMAN COUNTY,257,20 Years,2490,1263,1227,1362,687,675,289,148,141,20,11,9,83,43,40,736,374,362
KAUFMAN COUNTY,257,21 Years,2421,1222,1199,1336,684,652,277,136,141,23,12,11,88,44,44,697,346,351
KAUFMAN COUNTY,257,22 Years,2189,1131,1058,1190,616,574,244,121,123,22,15,7,84,41,43,649,338,311
KAUFMAN COUNTY,257,23 Years,1842,953,889,1034,531,503,220,112,108,16,11,5,51,26,25,521,273,248
KAUFMAN COUNTY,257,24 Years,1801,927,874,1003,529,474,202,105,97,22,9,13,48,28,20,526,256,270
KAUFMAN COUNTY,257,25 Years,1870,968,902,1078,561,517,214,114,100,20,9,11,43,25,18,515,259,256
KAUFMAN COUNTY,257,26 Years,2028,1022,1006,1194,609,585,241,117,124,15,9,6,48,21,27,530,266,264
KAUFMAN COUNTY,257,27 Years,2156,1091,1065,1300,674,626,263,122,141,15,10,5,59,25,34,519,260,259
KAUFMAN COUNTY,257,28 Years,2163,1042,1121,1269,623,646,215,108,107,28,7,21,58,27,31,593,277,316
KAUFMAN COUNTY,257,29 Years,2243,1051,1192,1301,615,686,211,105,106,25,7,18,66,29,37,640,295,345
KAUFMAN COUNTY,257,30 Years,2292,1068,1224,1366,653,713,252,121,131,18,7,11,53,19,34,603,268,335
KAUFMAN COUNTY,257,31 Years,2289,1098,1191,1355,667,688,272,123,149,28,12,16,41,20,21,593,276,317
KAUFMAN COUNTY,257,32 Years,2340,1142,1198,1391,699,692,283,125,158,23,12,11,34,18,16,609,288,321
KAUFMAN COUNTY,257,33 Years,2688,1280,1408,1560,758,802,348,149,199,28,15,13,41,24,17,711,334,377
KAUFMAN COUNTY,257,34 Years,2688,1258,1430,1617,745,872,301,139,162,33,18,15,39,20,19,698,336,362
KAUFMAN COUNTY,257,35 Years,2709,1296,1413,1695,793,902,285,139,146,44,21,23,47,17,30,638,326,312
KAUFMAN COUNTY,257,36 Years,2770,1330,1440,1689,799,890,335,147,188,44,14,30,48,23,25,654,347,307
KAUFMAN COUNTY,257,37 Years,2685,1272,1413,1601,772,829,349,157,192,25,7,18,46,22,24,664,314,350
KAUFMAN COUNTY,257,38 Years,2720,1326,1394,1654,821,833,363,155,208,28,17,11,40,21,19,635,312,323
KAUFMAN COUNTY,257,39 Years,2817,1377,1440,1670,816,854,362,159,203,40,18,22,39,21,18,706,363,343
KAUFMAN COUNTY,257,40 Years,2748,1342,1406,1622,792,830,367,180,187,38,12,26,43,19,24,678,339,339
KAUFMAN COUNTY,257,41 Years,2758,1347,1411,1673,812,861,340,174,166,30,14,16,44,23,21,671,324,347
KAUFMAN COUNTY,257,42 Years,2691,1325,1366,1661,803,858,285,146,139,35,15,20,36,21,15,674,340,334
KAUFMAN COUNTY,257,43 Years,2487,1235,1252,1576,772,804,266,126,140,25,14,11,37,19,18,583,304,279
KAUFMAN COUNTY,257,44 Years,2432,1223,1209,1521,755,766,298,148,150,17,9,8,35,20,15,561,291,270
KAUFMAN COUNTY,257,45 Years,2389,1212,1177,1455,738,717,290,136,154,32,14,18,36,20,16,576,304,272
KAUFMAN COUNTY,257,46 Years,2377,1184,1193,1482,749,733,274,111,163,42,17,25,33,19,14,546,288,258
KAUFMAN COUNTY,257,47 Years,2375,1196,1179,1487,754,733,287,127,160,30,12,18,30,16,14,541,287,254
KAUFMAN COUNTY,257,48 Years,2264,1115,1149,1459,711,748,259,120,139,24,13,11,26,12,14,496,259,237
KAUFMAN COUNTY,257,49 Years,2196,1062,1134,1417,676,741,257,120,137,28,12,16,25,11,14,469,243,226
KAUFMAN COUNTY,257,50 Years,2252,1080,1172,1489,709,780,256,120,136,24,11,13,26,13,13,457,227,230
KAUFMAN COUNTY,257,51 Years,2292,1116,1176,1555,760,795,254,112,142,21,12,9,24,13,11,438,219,219
KAUFMAN COUNTY,257,52 Years,2286,1150,1136,1560,788,772,253,117,136,30,15,15,26,16,10,417,214,203
KAUFMAN COUNTY,257,53 Years,2210,1100,1110,1486,743,743,252,123,129,34,13,21,28,17,11,410,204,206
KAUFMAN COUNTY,257,54 Years,2063,1042,1021,1394,701,693,242,119,123,27,11,16,24,13,11,376,198,178
KAUFMAN COUNTY,257,55 Years,2046,1033,1013,1422,705,717,232,117,115,19,7,12,21,14,7,352,190,162
KAUFMAN COUNTY,257,56 Years,2026,998,1028,1415,686,729,261,131,130,16,5,11,20,9,11,314,167,147
KAUFMAN COUNTY,257,57 Years,2052,1003,1049,1431,702,729,266,125,141,15,6,9,28,13,15,312,157,155
KAUFMAN COUNTY,257,58 Years,2097,1024,1073,1525,750,775,230,101,129,18,9,9,27,12,15,297,152,145
KAUFMAN COUNTY,257,59 Years,2078,1014,1064,1552,759,793,200,86,114,18,10,8,22,8,14,286,151,135
KAUFMAN COUNTY,257,60 Years,2012,1003,1009,1528,770,758,194,85,109,16,6,10,19,6,13,255,136,119
KAUFMAN COUNTY,257,61 Years,2024,1005,1019,1551,782,769,194,84,110,13,5,8,26,9,17,240,125,115
KAUFMAN COUNTY,257,62 Years,2041,997,1044,1586,778,808,183,79,104,19,8,11,28,14,14,225,118,107
KAUFMAN COUNTY,257,63 Years,1923,926,997,1524,724,800,163,74,89,14,7,7,29,16,13,193,105,88
KAUFMAN COUNTY,257,64 Years,1909,908,1001,1537,732,805,167,71,96,13,6,7,27,15,12,165,84,81
KAUFMAN COUNTY,257,65 Years,1840,882,958,1492,714,778,157,72,85,14,5,9,24,11,13,153,80,73
KAUFMAN COUNTY,257,66 Years,1740,829,911,1385,653,732,146,68,78,12,5,7,31,15,16,166,88,78
KAUFMAN COUNTY,257,67 Years,1682,793,889,1345,634,711,132,54,78,15,8,7,27,12,15,163,85,78
KAUFMAN COUNTY,257,68 Years,1530,733,797,1241,591,650,114,54,60,11,5,6,25,11,14,139,72,67
KAUFMAN COUNTY,257,69 Years,1478,716,762,1206,579,627,109,55,54,12,7,5,24,8,16,127,67,60
KAUFMAN COUNTY,257,70 Years,1398,655,743,1146,538,608,105,53,52,7,5,2,25,8,17,115,51,64
KAUFMAN COUNTY,257,71 Years,1305,606,699,1065,492,573,103,53,50,6,3,3,23,11,12,108,47,61
KAUFMAN COUNTY,257,72 Years,1276,575,701,1054,477,577,98,45,53,12,5,7,19,7,12,93,41,52
KAUFMAN COUNTY,257,73 Years,1187,572,615,1002,483,519,84,38,46,8,4,4,17,9,8,76,38,38
KAUFMAN COUNTY,257,74 Years,1116,544,572,935,458,477,80,31,49,4,2,2,13,5,8,84,48,36
KAUFMAN COUNTY,257,75 Years,1045,496,549,892,427,465,70,24,46,5,3,2,10,3,7,68,39,29
KAUFMAN COUNTY,257,76 Years,931,429,502,785,370,415,64,22,42,6,2,4,12,3,9,64,32,32
KAUFMAN COUNTY,257,77 Years,857,374,483,717,319,398,56,20,36,7,2,5,13,5,8,64,28,36
KAUFMAN COUNTY,257,78 Years,776,328,448,652,279,373,53,21,32,4,1,3,11,4,7,56,23,33
KAUFMAN COUNTY,257,79 Years,726,297,429,623,254,369,44,18,26,4,2,2,11,6,5,44,17,27
KAUFMAN COUNTY,257,80 Years,661,268,393,571,236,335,39,16,23,4,2,2,10,4,6,37,10,27
KAUFMAN COUNTY,257,81 Years,594,249,345,515,222,293,35,12,23,3,1,2,10,2,8,31,12,19
KAUFMAN COUNTY,257,82 Years,513,223,290,448,199,249,36,10,26,2,1,1,8,3,5,19,10,9
KAUFMAN COUNTY,257,83 Years,474,212,262,421,190,231,28,8,20,3,1,2,5,3,2,17,10,7
KAUFMAN COUNTY,257,84 Years,399,173,226,352,154,198,23,8,15,1,0,1,5,3,2,18,8,10
KAUFMAN COUNTY,257,85 Years,347,153,194,297,131,166,21,7,14,2,2,0,6,3,3,21,10,11
KAUFMAN COUNTY,257,86 Years,309,136,173,269,119,150,17,6,11,4,2,2,5,2,3,14,7,7
KAUFMAN COUNTY,257,87 Years,290,114,176,259,100,159,14,5,9,3,2,1,6,2,4,8,5,3
KAUFMAN COUNTY,257,88 Years,231,87,144,211,78,133,9,3,6,0,0,0,4,2,2,7,4,3
KAUFMAN COUNTY,257,89 Years,206,71,135,184,64,120,12,3,9,1,0,1,1,1,0,8,3,5
KAUFMAN COUNTY,257,90 Years,173,60,113,154,54,100,10,3,7,1,0,1,1,0,1,7,3,4
KAUFMAN COUNTY,257,91 Years,152,49,103,136,44,92,6,2,4,1,0,1,1,1,0,8,2,6
KAUFMAN COUNTY,257,92 Years,130,39,91,119,35,84,5,2,3,0,0,0,0,0,0,6,2,4
KAUFMAN COUNTY,257,93 Years,96,27,69,87,24,63,5,2,3,0,0,0,0,0,0,4,1,3
KAUFMAN COUNTY,257,94 Years,75,23,52,65,18,47,4,2,2,0,0,0,1,1,0,5,2,3
KAUFMAN COUNTY,257,95 Years +,196,51,145,163,40,123,11,3,8,3,1,2,2,1,1,17,6,11
KENDALL COUNTY,259,All Ages,51967,25473,26494,36863,17948,18915,197,117,80,271,111,160,682,318,364,13954,6979,6975
KENDALL COUNTY,259,< 1 Year,465,234,231,243,123,120,2,0,2,4,2,2,21,10,11,195,99,96
KENDALL COUNTY,259,1 Years,439,224,215,225,114,111,1,1,0,2,1,1,16,8,8,195,100,95
KENDALL COUNTY,259,2 Years,436,223,213,224,114,110,1,1,0,2,1,1,15,8,7,194,99,95
KENDALL COUNTY,259,3 Years,428,215,213,240,121,119,2,1,1,1,1,0,15,8,7,170,84,86
KENDALL COUNTY,259,4 Years,447,227,220,262,135,127,2,1,1,2,1,1,11,5,6,170,85,85
KENDALL COUNTY,259,5 Years,463,235,228,277,142,135,2,1,1,2,1,1,11,5,6,171,86,85
KENDALL COUNTY,259,6 Years,504,258,246,302,153,149,2,1,1,2,1,1,9,4,5,189,99,90
KENDALL COUNTY,259,7 Years,540,270,270,330,163,167,1,0,1,2,1,1,6,1,5,201,105,96
KENDALL COUNTY,259,8 Years,609,317,292,378,195,183,2,0,2,3,1,2,8,2,6,218,119,99
KENDALL COUNTY,259,9 Years,646,334,312,405,213,192,4,2,2,6,4,2,10,3,7,221,112,109
KENDALL COUNTY,259,10 Years,668,336,332,408,211,197,4,1,3,5,3,2,15,4,11,236,117,119
KENDALL COUNTY,259,11 Years,720,353,367,429,214,215,3,1,2,5,3,2,14,5,9,269,130,139
KENDALL COUNTY,259,12 Years,771,383,388,467,237,230,3,1,2,3,1,2,7,5,2,291,139,152
KENDALL COUNTY,259,13 Years,755,378,377,470,235,235,3,1,2,3,2,1,12,7,5,267,133,134
KENDALL COUNTY,259,14 Years,790,410,380,494,258,236,2,0,2,5,2,3,8,3,5,281,147,134
KENDALL COUNTY,259,15 Years,791,416,375,514,273,241,3,1,2,3,2,1,9,5,4,262,135,127
KENDALL COUNTY,259,16 Years,804,405,399,528,263,265,3,1,2,3,1,2,10,5,5,260,135,125
KENDALL COUNTY,259,17 Years,846,413,433,541,261,280,3,1,2,7,2,5,17,6,11,278,143,135
KENDALL COUNTY,259,18 Years,797,393,404,532,257,275,2,1,1,3,0,3,18,9,9,242,126,116
KENDALL COUNTY,259,19 Years,747,363,384,501,243,258,2,1,1,2,0,2,10,6,4,232,113,119
KENDALL COUNTY,259,20 Years,733,379,354,477,246,231,4,2,2,5,3,2,15,4,11,232,124,108
KENDALL COUNTY,259,21 Years,714,381,333,459,245,214,2,1,1,5,3,2,20,9,11,228,123,105
KENDALL COUNTY,259,22 Years,648,333,315,424,221,203,2,1,1,4,2,2,15,7,8,203,102,101
KENDALL COUNTY,259,23 Years,532,292,240,348,184,164,1,1,0,1,0,1,8,4,4,174,103,71
KENDALL COUNTY,259,24 Years,490,274,216,324,174,150,1,1,0,1,0,1,9,4,5,155,95,60
KENDALL COUNTY,259,25 Years,492,269,223,314,166,148,1,1,0,3,0,3,9,4,5,165,98,67
KENDALL COUNTY,259,26 Years,544,294,250,356,181,175,2,2,0,2,2,0,7,4,3,177,105,72
KENDALL COUNTY,259,27 Years,552,270,282,371,177,194,2,1,1,3,2,1,7,4,3,169,86,83
KENDALL COUNTY,259,28 Years,422,204,218,279,132,147,3,2,1,2,1,1,8,3,5,130,66,64
KENDALL COUNTY,259,29 Years,415,202,213,272,132,140,5,3,2,2,1,1,6,3,3,130,63,67
KENDALL COUNTY,259,30 Years,441,214,227,304,152,152,2,1,1,3,1,2,5,2,3,127,58,69
KENDALL COUNTY,259,31 Years,455,225,230,303,148,155,1,1,0,1,0,1,5,2,3,145,74,71
KENDALL COUNTY,259,32 Years,440,230,210,298,156,142,1,1,0,0,0,0,4,3,1,137,70,67
KENDALL COUNTY,259,33 Years,500,256,244,329,176,153,2,1,1,5,5,0,6,4,2,158,70,88
KENDALL COUNTY,259,34 Years,525,247,278,343,159,184,2,2,0,6,3,3,6,4,2,168,79,89
KENDALL COUNTY,259,35 Years,508,232,276,310,146,164,2,2,0,4,1,3,5,3,2,187,80,107
KENDALL COUNTY,259,36 Years,549,266,283,346,179,167,3,3,0,2,0,2,5,3,2,193,81,112
KENDALL COUNTY,259,37 Years,553,275,278,340,166,174,6,3,3,3,1,2,2,1,1,202,104,98
KENDALL COUNTY,259,38 Years,653,307,346,402,187,215,4,2,2,5,2,3,1,1,0,241,115,126
KENDALL COUNTY,259,39 Years,708,330,378,449,211,238,3,2,1,6,3,3,2,0,2,248,114,134
KENDALL COUNTY,259,40 Years,697,328,369,441,204,237,3,2,1,9,3,6,8,3,5,236,116,120
KENDALL COUNTY,259,41 Years,711,346,365,431,208,223,3,2,1,4,2,2,12,4,8,261,130,131
KENDALL COUNTY,259,42 Years,690,336,354,430,202,228,3,2,1,1,1,0,12,8,4,244,123,121
KENDALL COUNTY,259,43 Years,708,319,389,437,193,244,1,0,1,6,2,4,8,3,5,256,121,135
KENDALL COUNTY,259,44 Years,713,323,390,451,195,256,7,6,1,5,2,3,8,4,4,242,116,126
KENDALL COUNTY,259,45 Years,714,352,362,463,223,240,5,4,1,3,2,1,10,6,4,233,117,116
KENDALL COUNTY,259,46 Years,726,385,341,466,242,224,1,1,0,4,2,2,8,5,3,247,135,112
KENDALL COUNTY,259,47 Years,742,380,362,491,246,245,2,2,0,7,2,5,9,6,3,233,124,109
KENDALL COUNTY,259,48 Years,744,389,355,518,273,245,4,3,1,6,2,4,6,4,2,210,107,103
KENDALL COUNTY,259,49 Years,745,382,363,506,264,242,3,2,1,5,2,3,4,1,3,227,113,114
KENDALL COUNTY,259,50 Years,763,395,368,524,268,256,3,2,1,6,2,4,8,2,6,222,121,101
KENDALL COUNTY,259,51 Years,784,378,406,570,271,299,3,2,1,6,2,4,10,4,6,195,99,96
KENDALL COUNTY,259,52 Years,732,350,382,551,267,284,3,2,1,7,2,5,6,2,4,165,77,88
KENDALL COUNTY,259,53 Years,640,320,320,502,253,249,2,2,0,5,2,3,5,3,2,126,60,66
KENDALL COUNTY,259,54 Years,627,298,329,474,224,250,3,2,1,3,0,3,8,5,3,139,67,72
KENDALL COUNTY,259,55 Years,647,308,339,482,234,248,4,2,2,4,1,3,7,4,3,150,67,83
KENDALL COUNTY,259,56 Years,632,319,313,475,246,229,2,1,1,3,1,2,7,2,5,145,69,76
KENDALL COUNTY,259,57 Years,694,343,351,533,268,265,2,1,1,3,2,1,6,3,3,150,69,81
KENDALL COUNTY,259,58 Years,743,370,373,565,283,282,3,2,1,6,3,3,7,3,4,162,79,83
KENDALL COUNTY,259,59 Years,733,367,366,582,291,291,4,3,1,6,1,5,9,4,5,132,68,64
KENDALL COUNTY,259,60 Years,749,354,395,596,278,318,6,5,1,4,1,3,6,2,4,137,68,69
KENDALL COUNTY,259,61 Years,748,352,396,597,278,319,3,1,2,4,0,4,6,3,3,138,70,68
KENDALL COUNTY,259,62 Years,734,349,385,585,278,307,1,0,1,4,0,4,7,3,4,137,68,69
KENDALL COUNTY,259,63 Years,703,340,363,575,282,293,2,2,0,3,0,3,7,3,4,116,53,63
KENDALL COUNTY,259,64 Years,708,350,358,586,284,302,3,2,1,3,2,1,8,4,4,108,58,50
KENDALL COUNTY,259,65 Years,726,364,362,597,299,298,4,2,2,3,1,2,7,3,4,115,59,56
KENDALL COUNTY,259,66 Years,672,321,351,555,264,291,3,0,3,3,2,1,7,2,5,104,53,51
KENDALL COUNTY,259,67 Years,666,308,358,565,260,305,1,0,1,3,1,2,8,4,4,89,43,46
KENDALL COUNTY,259,68 Years,628,302,326,535,255,280,0,0,0,3,2,1,9,7,2,81,38,43
KENDALL COUNTY,259,69 Years,576,282,294,491,239,252,0,0,0,2,2,0,6,4,2,77,37,40
KENDALL COUNTY,259,70 Years,540,250,290,459,212,247,1,1,0,1,0,1,6,4,2,73,33,40
KENDALL COUNTY,259,71 Years,549,258,291,470,216,254,3,3,0,0,0,0,4,2,2,72,37,35
KENDALL COUNTY,259,72 Years,548,257,291,468,217,251,2,1,1,0,0,0,5,2,3,73,37,36
KENDALL COUNTY,259,73 Years,517,251,266,447,220,227,2,1,1,0,0,0,4,1,3,64,29,35
KENDALL COUNTY,259,74 Years,518,253,265,452,225,227,2,1,1,2,1,1,3,1,2,59,25,34
KENDALL COUNTY,259,75 Years,531,253,278,473,231,242,2,1,1,2,1,1,3,1,2,51,19,32
KENDALL COUNTY,259,76 Years,449,217,232,403,198,205,2,1,1,1,0,1,3,2,1,40,16,24
KENDALL COUNTY,259,77 Years,398,190,208,357,171,186,0,0,0,2,1,1,4,2,2,35,16,19
KENDALL COUNTY,259,78 Years,368,177,191,335,164,171,0,0,0,1,0,1,5,2,3,27,11,16
KENDALL COUNTY,259,79 Years,346,163,183,314,147,167,2,2,0,0,0,0,5,2,3,25,12,13
KENDALL COUNTY,259,80 Years,313,148,165,278,130,148,1,1,0,0,0,0,4,2,2,30,15,15
KENDALL COUNTY,259,81 Years,281,123,158,248,108,140,0,0,0,0,0,0,3,2,1,30,13,17
KENDALL COUNTY,259,82 Years,244,100,144,216,87,129,0,0,0,0,0,0,2,1,1,26,12,14
KENDALL COUNTY,259,83 Years,237,99,138,212,88,124,0,0,0,0,0,0,2,1,1,23,10,13
KENDALL COUNTY,259,84 Years,209,94,115,186,80,106,0,0,0,0,0,0,1,0,1,22,14,8
KENDALL COUNTY,259,85 Years,195,83,112,173,71,102,0,0,0,0,0,0,2,1,1,20,11,9
KENDALL COUNTY,259,86 Years,182,70,112,164,61,103,0,0,0,1,1,0,3,1,2,14,7,7
KENDALL COUNTY,259,87 Years,154,54,100,134,49,85,0,0,0,1,0,1,3,1,2,16,4,12
KENDALL COUNTY,259,88 Years,133,55,78,117,51,66,0,0,0,0,0,0,2,1,1,14,3,11
KENDALL COUNTY,259,89 Years,120,45,75,107,42,65,0,0,0,0,0,0,2,0,2,11,3,8
KENDALL COUNTY,259,90 Years,95,38,57,88,36,52,0,0,0,1,0,1,0,0,0,6,2,4
KENDALL COUNTY,259,91 Years,78,29,49,73,27,46,0,0,0,0,0,0,0,0,0,5,2,3
KENDALL COUNTY,259,92 Years,73,23,50,67,22,45,0,0,0,0,0,0,0,0,0,6,1,5
KENDALL COUNTY,259,93 Years,65,17,48,59,15,44,0,0,0,0,0,0,0,0,0,6,2,4
KENDALL COUNTY,259,94 Years,54,16,38,49,15,34,0,0,0,0,0,0,0,0,0,5,1,4
KENDALL COUNTY,259,95 Years +,135,33,102,122,30,92,0,0,0,0,0,0,0,0,0,13,3,10
KENEDY COUNTY,261,All Ages,347,183,164,70,37,33,0,0,0,0,0,0,2,0,2,275,146,129
KENEDY COUNTY,261,< 1 Year,5,2,3,1,0,1,0,0,0,0,0,0,0,0,0,4,2,2
KENEDY COUNTY,261,1 Years,5,3,2,1,1,0,0,0,0,0,0,0,0,0,0,4,2,2
KENEDY COUNTY,261,2 Years,5,3,2,1,1,0,0,0,0,0,0,0,0,0,0,4,2,2
KENEDY COUNTY,261,3 Years,5,2,3,0,0,0,0,0,0,0,0,0,0,0,0,5,2,3
KENEDY COUNTY,261,4 Years,2,0,2,0,0,0,0,0,0,0,0,0,0,0,0,2,0,2
KENEDY COUNTY,261,5 Years,3,1,2,1,0,1,0,0,0,0,0,0,0,0,0,2,1,1
KENEDY COUNTY,261,6 Years,3,2,1,1,1,0,0,0,0,0,0,0,0,0,0,2,1,1
KENEDY COUNTY,261,7 Years,2,1,1,0,0,0,0,0,0,0,0,0,0,0,0,2,1,1
KENEDY COUNTY,261,8 Years,2,2,0,0,0,0,0,0,0,0,0,0,0,0,0,2,2,0
KENEDY COUNTY,261,9 Years,3,2,1,0,0,0,0,0,0,0,0,0,0,0,0,3,2,1
KENEDY COUNTY,261,10 Years,3,2,1,0,0,0,0,0,0,0,0,0,0,0,0,3,2,1
KENEDY COUNTY,261,11 Years,3,3,0,1,1,0,0,0,0,0,0,0,0,0,0,2,2,0
KENEDY COUNTY,261,12 Years,4,4,0,1,1,0,0,0,0,0,0,0,0,0,0,3,3,0
KENEDY COUNTY,261,13 Years,4,2,2,2,0,2,0,0,0,0,0,0,0,0,0,2,2,0
KENEDY COUNTY,261,14 Years,4,2,2,1,0,1,0,0,0,0,0,0,1,0,1,2,2,0
KENEDY COUNTY,261,15 Years,3,2,1,0,0,0,0,0,0,0,0,0,1,0,1,2,2,0
KENEDY COUNTY,261,16 Years,2,1,1,0,0,0,0,0,0,0,0,0,0,0,0,2,1,1
KENEDY COUNTY,261,17 Years,5,1,4,1,0,1,0,0,0,0,0,0,0,0,0,4,1,3
KENEDY COUNTY,261,18 Years,3,0,3,0,0,0,0,0,0,0,0,0,0,0,0,3,0,3
KENEDY COUNTY,261,19 Years,4,2,2,0,0,0,0,0,0,0,0,0,0,0,0,4,2,2
KENEDY COUNTY,261,20 Years,5,3,2,1,1,0,0,0,0,0,0,0,0,0,0,4,2,2
KENEDY COUNTY,261,21 Years,5,1,4,1,0,1,0,0,0,0,0,0,0,0,0,4,1,3
KENEDY COUNTY,261,22 Years,6,3,3,1,0,1,0,0,0,0,0,0,0,0,0,5,3,2
KENEDY COUNTY,261,23 Years,8,4,4,3,1,2,0,0,0,0,0,0,0,0,0,5,3,2
KENEDY COUNTY,261,24 Years,6,3,3,2,1,1,0,0,0,0,0,0,0,0,0,4,2,2
KENEDY COUNTY,261,25 Years,5,3,2,0,0,0,0,0,0,0,0,0,0,0,0,5,3,2
KENEDY COUNTY,261,26 Years,4,3,1,0,0,0,0,0,0,0,0,0,0,0,0,4,3,1
KENEDY COUNTY,261,27 Years,3,2,1,0,0,0,0,0,0,0,0,0,0,0,0,3,2,1
KENEDY COUNTY,261,28 Years,3,2,1,1,0,1,0,0,0,0,0,0,0,0,0,2,2,0
KENEDY COUNTY,261,29 Years,4,3,1,2,1,1,0,0,0,0,0,0,0,0,0,2,2,0
KENEDY COUNTY,261,30 Years,3,2,1,1,1,0,0,0,0,0,0,0,0,0,0,2,1,1
KENEDY COUNTY,261,31 Years,1,0,1,0,0,0,0,0,0,0,0,0,0,0,0,1,0,1
KENEDY COUNTY,261,32 Years,1,0,1,0,0,0,0,0,0,0,0,0,0,0,0,1,0,1
KENEDY COUNTY,261,33 Years,2,0,2,0,0,0,0,0,0,0,0,0,0,0,0,2,0,2
KENEDY COUNTY,261,34 Years,2,1,1,0,0,0,0,0,0,0,0,0,0,0,0,2,1,1
KENEDY COUNTY,261,35 Years,5,3,2,0,0,0,0,0,0,0,0,0,0,0,0,5,3,2
KENEDY COUNTY,261,36 Years,5,3,2,1,0,1,0,0,0,0,0,0,0,0,0,4,3,1
KENEDY COUNTY,261,37 Years,3,1,2,1,0,1,0,0,0,0,0,0,0,0,0,2,1,1
KENEDY COUNTY,261,38 Years,5,3,2,2,1,1,0,0,0,0,0,0,0,0,0,3,2,1
KENEDY COUNTY,261,39 Years,3,1,2,2,1,1,0,0,0,0,0,0,0,0,0,1,0,1
KENEDY COUNTY,261,40 Years,5,3,2,1,1,0,0,0,0,0,0,0,0,0,0,4,2,2
KENEDY COUNTY,261,41 Years,12,7,5,2,1,1,0,0,0,0,0,0,0,0,0,10,6,4
KENEDY COUNTY,261,42 Years,5,2,3,1,1,0,0,0,0,0,0,0,0,0,0,4,1,3
KENEDY COUNTY,261,43 Years,4,2,2,0,0,0,0,0,0,0,0,0,0,0,0,4,2,2
KENEDY COUNTY,261,44 Years,7,5,2,3,3,0,0,0,0,0,0,0,0,0,0,4,2,2
KENEDY COUNTY,261,45 Years,4,3,1,1,1,0,0,0,0,0,0,0,0,0,0,3,2,1
KENEDY COUNTY,261,46 Years,4,2,2,1,0,1,0,0,0,0,0,0,0,0,0,3,2,1
KENEDY COUNTY,261,47 Years,2,2,0,0,0,0,0,0,0,0,0,0,0,0,0,2,2,0
KENEDY COUNTY,261,48 Years,4,2,2,2,0,2,0,0,0,0,0,0,0,0,0,2,2,0
KENEDY COUNTY,261,49 Years,5,3,2,2,1,1,0,0,0,0,0,0,0,0,0,3,2,1
KENEDY COUNTY,261,50 Years,3,1,2,1,1,0,0,0,0,0,0,0,0,0,0,2,0,2
KENEDY COUNTY,261,51 Years,3,1,2,1,1,0,0,0,0,0,0,0,0,0,0,2,0,2
KENEDY COUNTY,261,52 Years,5,3,2,1,1,0,0,0,0,0,0,0,0,0,0,4,2,2
KENEDY COUNTY,261,53 Years,5,4,1,2,2,0,0,0,0,0,0,0,0,0,0,3,2,1
KENEDY COUNTY,261,54 Years,7,3,4,2,0,2,0,0,0,0,0,0,0,0,0,5,3,2
KENEDY COUNTY,261,55 Years,6,2,4,0,0,0,0,0,0,0,0,0,0,0,0,6,2,4
KENEDY COUNTY,261,56 Years,5,2,3,0,0,0,0,0,0,0,0,0,0,0,0,5,2,3
KENEDY COUNTY,261,57 Years,5,3,2,2,2,0,0,0,0,0,0,0,0,0,0,3,1,2
KENEDY COUNTY,261,58 Years,5,2,3,1,0,1,0,0,0,0,0,0,0,0,0,4,2,2
KENEDY COUNTY,261,59 Years,4,1,3,1,0,1,0,0,0,0,0,0,0,0,0,3,1,2
KENEDY COUNTY,261,60 Years,5,2,3,0,0,0,0,0,0,0,0,0,0,0,0,5,2,3
KENEDY COUNTY,261,61 Years,6,4,2,2,2,0,0,0,0,0,0,0,0,0,0,4,2,2
KENEDY COUNTY,261,62 Years,5,4,1,2,2,0,0,0,0,0,0,0,0,0,0,3,2,1
KENEDY COUNTY,261,63 Years,6,2,4,1,0,1,0,0,0,0,0,0,0,0,0,5,2,3
KENEDY COUNTY,261,64 Years,7,3,4,1,0,1,0,0,0,0,0,0,0,0,0,6,3,3
KENEDY COUNTY,261,65 Years,4,1,3,1,0,1,0,0,0,0,0,0,0,0,0,3,1,2
KENEDY COUNTY,261,66 Years,4,2,2,1,0,1,0,0,0,0,0,0,0,0,0,3,2,1
KENEDY COUNTY,261,67 Years,4,3,1,0,0,0,0,0,0,0,0,0,0,0,0,4,3,1
KENEDY COUNTY,261,68 Years,4,2,2,1,0,1,0,0,0,0,0,0,0,0,0,3,2,1
KENEDY COUNTY,261,69 Years,3,1,2,0,0,0,0,0,0,0,0,0,0,0,0,3,1,2
KENEDY COUNTY,261,70 Years,4,2,2,1,1,0,0,0,0,0,0,0,0,0,0,3,1,2
KENEDY COUNTY,261,71 Years,2,2,0,1,1,0,0,0,0,0,0,0,0,0,0,1,1,0
KENEDY COUNTY,261,72 Years,1,1,0,1,1,0,0,0,0,0,0,0,0,0,0,0,0,0
KENEDY COUNTY,261,73 Years,4,4,0,1,1,0,0,0,0,0,0,0,0,0,0,3,3,0
KENEDY COUNTY,261,74 Years,5,3,2,0,0,0,0,0,0,0,0,0,0,0,0,5,3,2
KENEDY COUNTY,261,75 Years,7,3,4,2,1,1,0,0,0,0,0,0,0,0,0,5,2,3
KENEDY COUNTY,261,76 Years,6,3,3,1,1,0,0,0,0,0,0,0,0,0,0,5,2,3
KENEDY COUNTY,261,77 Years,4,2,2,0,0,0,0,0,0,0,0,0,0,0,0,4,2,2
KENEDY COUNTY,261,78 Years,2,1,1,0,0,0,0,0,0,0,0,0,0,0,0,2,1,1
KENEDY COUNTY,261,79 Years,2,1,1,0,0,0,0,0,0,0,0,0,0,0,0,2,1,1
KENEDY COUNTY,261,80 Years,3,2,1,0,0,0,0,0,0,0,0,0,0,0,0,3,2,1
KENEDY COUNTY,261,81 Years,2,1,1,0,0,0,0,0,0,0,0,0,0,0,0,2,1,1
KENEDY COUNTY,261,82 Years,3,1,2,1,0,1,0,0,0,0,0,0,0,0,0,2,1,1
KENEDY COUNTY,261,83 Years,1,0,1,0,0,0,0,0,0,0,0,0,0,0,0,1,0,1
KENEDY COUNTY,261,84 Years,1,0,1,0,0,0,0,0,0,0,0,0,0,0,0,1,0,1
KENEDY COUNTY,261,85 Years,1,1,0,0,0,0,0,0,0,0,0,0,0,0,0,1,1,0
KENEDY COUNTY,261,86 Years,1,1,0,0,0,0,0,0,0,0,0,0,0,0,0,1,1,0
KENEDY COUNTY,261,87 Years,0,0,0,0,0,0,0,0,0,0,0,0,0,0,0,0,0,0
KENEDY COUNTY,261,88 Years,0,0,0,0,0,0,0,0,0,0,0,0,0,0,0,0,0,0
KENEDY COUNTY,261,89 Years,0,0,0,0,0,0,0,0,0,0,0,0,0,0,0,0,0,0
KENEDY COUNTY,261,90 Years,0,0,0,0,0,0,0,0,0,0,0,0,0,0,0,0,0,0
KENEDY COUNTY,261,91 Years,0,0,0,0,0,0,0,0,0,0,0,0,0,0,0,0,0,0
KENEDY COUNTY,261,92 Years,0,0,0,0,0,0,0,0,0,0,0,0,0,0,0,0,0,0
KENEDY COUNTY,261,93 Years,0,0,0,0,0,0,0,0,0,0,0,0,0,0,0,0,0,0
KENEDY COUNTY,261,94 Years,0,0,0,0,0,0,0,0,0,0,0,0,0,0,0,0,0,0
KENEDY COUNTY,261,95 Years +,1,0,1,0,0,0,0,0,0,0,0,0,0,0,0,1,0,1
KENT COUNTY,263,All Ages,747,384,363,609,311,298,7,1,6,0,0,0,7,2,5,124,70,54
KENT COUNTY,263,< 1 Year,6,3,3,4,2,2,0,0,0,0,0,0,0,0,0,2,1,1
KENT COUNTY,263,1 Years,7,4,3,5,3,2,0,0,0,0,0,0,0,0,0,2,1,1
KENT COUNTY,263,2 Years,7,4,3,5,3,2,0,0,0,0,0,0,0,0,0,2,1,1
KENT COUNTY,263,3 Years,8,6,2,7,5,2,0,0,0,0,0,0,0,0,0,1,1,0
KENT COUNTY,263,4 Years,8,6,2,7,5,2,0,0,0,0,0,0,0,0,0,1,1,0
KENT COUNTY,263,5 Years,10,6,4,8,4,4,0,0,0,0,0,0,0,0,0,2,2,0
KENT COUNTY,263,6 Years,11,6,5,10,5,5,0,0,0,0,0,0,0,0,0,1,1,0
KENT COUNTY,263,7 Years,11,5,6,10,4,6,0,0,0,0,0,0,0,0,0,1,1,0
KENT COUNTY,263,8 Years,16,10,6,16,10,6,0,0,0,0,0,0,0,0,0,0,0,0
KENT COUNTY,263,9 Years,16,10,6,12,7,5,0,0,0,0,0,0,0,0,0,4,3,1
KENT COUNTY,263,10 Years,13,8,5,9,5,4,0,0,0,0,0,0,0,0,0,4,3,1
KENT COUNTY,263,11 Years,11,7,4,8,5,3,0,0,0,0,0,0,0,0,0,3,2,1
KENT COUNTY,263,12 Years,13,7,6,10,6,4,0,0,0,0,0,0,0,0,0,3,1,2
KENT COUNTY,263,13 Years,13,7,6,9,5,4,0,0,0,0,0,0,0,0,0,4,2,2
KENT COUNTY,263,14 Years,12,7,5,8,5,3,0,0,0,0,0,0,0,0,0,4,2,2
KENT COUNTY,263,15 Years,11,6,5,9,5,4,0,0,0,0,0,0,1,0,1,1,1,0
KENT COUNTY,263,16 Years,10,4,6,6,3,3,0,0,0,0,0,0,1,0,1,3,1,2
KENT COUNTY,263,17 Years,9,3,6,7,3,4,0,0,0,0,0,0,0,0,0,2,0,2
KENT COUNTY,263,18 Years,9,4,5,7,3,4,0,0,0,0,0,0,0,0,0,2,1,1
KENT COUNTY,263,19 Years,7,3,4,5,2,3,0,0,0,0,0,0,0,0,0,2,1,1
KENT COUNTY,263,20 Years,8,5,3,6,4,2,0,0,0,0,0,0,0,0,0,2,1,1
KENT COUNTY,263,21 Years,9,5,4,6,3,3,0,0,0,0,0,0,0,0,0,3,2,1
KENT COUNTY,263,22 Years,7,3,4,4,2,2,0,0,0,0,0,0,0,0,0,3,1,2
KENT COUNTY,263,23 Years,6,4,2,4,3,1,0,0,0,0,0,0,0,0,0,2,1,1
KENT COUNTY,263,24 Years,5,3,2,3,2,1,0,0,0,0,0,0,0,0,0,2,1,1
KENT COUNTY,263,25 Years,6,3,3,4,2,2,0,0,0,0,0,0,0,0,0,2,1,1
KENT COUNTY,263,26 Years,6,3,3,6,3,3,0,0,0,0,0,0,0,0,0,0,0,0
KENT COUNTY,263,27 Years,5,3,2,5,3,2,0,0,0,0,0,0,0,0,0,0,0,0
KENT COUNTY,263,28 Years,6,3,3,5,2,3,1,1,0,0,0,0,0,0,0,0,0,0
KENT COUNTY,263,29 Years,5,2,3,5,2,3,0,0,0,0,0,0,0,0,0,0,0,0
KENT COUNTY,263,30 Years,5,2,3,5,2,3,0,0,0,0,0,0,0,0,0,0,0,0
KENT COUNTY,263,31 Years,7,4,3,7,4,3,0,0,0,0,0,0,0,0,0,0,0,0
KENT COUNTY,263,32 Years,4,2,2,4,2,2,0,0,0,0,0,0,0,0,0,0,0,0
KENT COUNTY,263,33 Years,4,3,1,3,2,1,0,0,0,0,0,0,0,0,0,1,1,0
KENT COUNTY,263,34 Years,5,3,2,4,2,2,0,0,0,0,0,0,0,0,0,1,1,0
KENT COUNTY,263,35 Years,8,4,4,5,2,3,0,0,0,0,0,0,1,1,0,2,1,1
KENT COUNTY,263,36 Years,7,2,5,5,1,4,0,0,0,0,0,0,0,0,0,2,1,1
KENT COUNTY,263,37 Years,9,6,3,8,5,3,0,0,0,0,0,0,0,0,0,1,1,0
KENT COUNTY,263,38 Years,7,5,2,6,4,2,0,0,0,0,0,0,0,0,0,1,1,0
KENT COUNTY,263,39 Years,8,3,5,7,2,5,0,0,0,0,0,0,0,0,0,1,1,0
KENT COUNTY,263,40 Years,10,4,6,10,4,6,0,0,0,0,0,0,0,0,0,0,0,0
KENT COUNTY,263,41 Years,10,3,7,10,3,7,0,0,0,0,0,0,0,0,0,0,0,0
KENT COUNTY,263,42 Years,13,7,6,10,6,4,0,0,0,0,0,0,0,0,0,3,1,2
KENT COUNTY,263,43 Years,10,6,4,7,5,2,0,0,0,0,0,0,0,0,0,3,1,2
KENT COUNTY,263,44 Years,4,4,0,3,3,0,0,0,0,0,0,0,0,0,0,1,1,0
KENT COUNTY,263,45 Years,6,3,3,5,2,3,0,0,0,0,0,0,0,0,0,1,1,0
KENT COUNTY,263,46 Years,8,3,5,6,2,4,1,0,1,0,0,0,0,0,0,1,1,0
KENT COUNTY,263,47 Years,9,6,3,7,5,2,0,0,0,0,0,0,0,0,0,2,1,1
KENT COUNTY,263,48 Years,8,5,3,5,4,1,0,0,0,0,0,0,0,0,0,3,1,2
KENT COUNTY,263,49 Years,7,4,3,5,3,2,0,0,0,0,0,0,0,0,0,2,1,1
KENT COUNTY,263,50 Years,6,3,3,4,2,2,0,0,0,0,0,0,0,0,0,2,1,1
KENT COUNTY,263,51 Years,9,6,3,7,5,2,0,0,0,0,0,0,0,0,0,2,1,1
KENT COUNTY,263,52 Years,6,4,2,3,2,1,0,0,0,0,0,0,0,0,0,3,2,1
KENT COUNTY,263,53 Years,6,4,2,3,2,1,0,0,0,0,0,0,0,0,0,3,2,1
KENT COUNTY,263,54 Years,6,3,3,3,1,2,0,0,0,0,0,0,1,1,0,2,1,1
KENT COUNTY,263,55 Years,6,3,3,6,3,3,0,0,0,0,0,0,0,0,0,0,0,0
KENT COUNTY,263,56 Years,9,3,6,7,3,4,0,0,0,0,0,0,0,0,0,2,0,2
KENT COUNTY,263,57 Years,9,5,4,6,3,3,0,0,0,0,0,0,0,0,0,3,2,1
KENT COUNTY,263,58 Years,13,8,5,9,5,4,0,0,0,0,0,0,0,0,0,4,3,1
KENT COUNTY,263,59 Years,10,8,2,8,6,2,0,0,0,0,0,0,0,0,0,2,2,0
KENT COUNTY,263,60 Years,9,3,6,7,2,5,0,0,0,0,0,0,0,0,0,2,1,1
KENT COUNTY,263,61 Years,11,4,7,10,4,6,0,0,0,0,0,0,0,0,0,1,0,1
KENT COUNTY,263,62 Years,15,7,8,14,7,7,0,0,0,0,0,0,0,0,0,1,0,1
KENT COUNTY,263,63 Years,9,3,6,8,3,5,0,0,0,0,0,0,0,0,0,1,0,1
KENT COUNTY,263,64 Years,13,8,5,11,6,5,0,0,0,0,0,0,0,0,0,2,2,0
KENT COUNTY,263,65 Years,14,10,4,13,9,4,0,0,0,0,0,0,0,0,0,1,1,0
KENT COUNTY,263,66 Years,12,8,4,11,7,4,0,0,0,0,0,0,0,0,0,1,1,0
KENT COUNTY,263,67 Years,11,6,5,11,6,5,0,0,0,0,0,0,0,0,0,0,0,0
KENT COUNTY,263,68 Years,8,3,5,8,3,5,0,0,0,0,0,0,0,0,0,0,0,0
KENT COUNTY,263,69 Years,10,5,5,10,5,5,0,0,0,0,0,0,0,0,0,0,0,0
KENT COUNTY,263,70 Years,7,4,3,7,4,3,0,0,0,0,0,0,0,0,0,0,0,0
KENT COUNTY,263,71 Years,6,2,4,5,2,3,0,0,0,0,0,0,0,0,0,1,0,1
KENT COUNTY,263,72 Years,7,3,4,7,3,4,0,0,0,0,0,0,0,0,0,0,0,0
KENT COUNTY,263,73 Years,5,2,3,4,2,2,0,0,0,0,0,0,0,0,0,1,0,1
KENT COUNTY,263,74 Years,11,4,7,9,4,5,0,0,0,0,0,0,1,0,1,1,0,1
KENT COUNTY,263,75 Years,11,5,6,9,5,4,0,0,0,0,0,0,1,0,1,1,0,1
KENT COUNTY,263,76 Years,7,4,3,6,4,2,0,0,0,0,0,0,0,0,0,1,0,1
KENT COUNTY,263,77 Years,4,2,2,4,2,2,0,0,0,0,0,0,0,0,0,0,0,0
KENT COUNTY,263,78 Years,6,3,3,5,3,2,0,0,0,0,0,0,0,0,0,1,0,1
KENT COUNTY,263,79 Years,5,3,2,5,3,2,0,0,0,0,0,0,0,0,0,0,0,0
KENT COUNTY,263,80 Years,6,3,3,5,3,2,0,0,0,0,0,0,1,0,1,0,0,0
KENT COUNTY,263,81 Years,5,3,2,4,2,2,0,0,0,0,0,0,0,0,0,1,1,0
KENT COUNTY,263,82 Years,7,4,3,6,3,3,0,0,0,0,0,0,0,0,0,1,1,0
KENT COUNTY,263,83 Years,14,2,12,12,2,10,2,0,2,0,0,0,0,0,0,0,0,0
KENT COUNTY,263,84 Years,8,1,7,6,1,5,2,0,2,0,0,0,0,0,0,0,0,0
KENT COUNTY,263,85 Years,6,1,5,4,0,4,1,0,1,0,0,0,0,0,0,1,1,0
KENT COUNTY,263,86 Years,2,0,2,2,0,2,0,0,0,0,0,0,0,0,0,0,0,0
KENT COUNTY,263,87 Years,3,1,2,3,1,2,0,0,0,0,0,0,0,0,0,0,0,0
KENT COUNTY,263,88 Years,1,0,1,1,0,1,0,0,0,0,0,0,0,0,0,0,0,0
KENT COUNTY,263,89 Years,1,0,1,1,0,1,0,0,0,0,0,0,0,0,0,0,0,0
KENT COUNTY,263,90 Years,2,1,1,2,1,1,0,0,0,0,0,0,0,0,0,0,0,0
KENT COUNTY,263,91 Years,3,2,1,3,2,1,0,0,0,0,0,0,0,0,0,0,0,0
KENT COUNTY,263,92 Years,1,0,1,1,0,1,0,0,0,0,0,0,0,0,0,0,0,0
KENT COUNTY,263,93 Years,2,0,2,2,0,2,0,0,0,0,0,0,0,0,0,0,0,0
KENT COUNTY,263,94 Years,1,0,1,1,0,1,0,0,0,0,0,0,0,0,0,0,0,0
KENT COUNTY,263,95 Years +,4,1,3,4,1,3,0,0,0,0,0,0,0,0,0,0,0,0
KERR COUNTY,265,All Ages,53961,25966,27995,35151,16628,18523,839,497,342,495,214,281,1034,509,525,16442,8118,8324
KERR COUNTY,265,< 1 Year,582,303,279,261,135,126,13,7,6,6,3,3,27,14,13,275,144,131
KERR COUNTY,265,1 Years,591,301,290,260,132,128,13,7,6,7,4,3,22,11,11,289,147,142
KERR COUNTY,265,2 Years,587,299,288,260,132,128,12,6,6,7,4,3,21,11,10,287,146,141
KERR COUNTY,265,3 Years,553,283,270,251,130,121,9,4,5,4,2,2,21,11,10,268,136,132
KERR COUNTY,265,4 Years,551,285,266,257,130,127,7,3,4,3,1,2,20,11,9,264,140,124
KERR COUNTY,265,5 Years,570,302,268,269,137,132,8,3,5,3,2,1,18,11,7,272,149,123
KERR COUNTY,265,6 Years,586,309,277,275,138,137,7,4,3,3,2,1,18,11,7,283,154,129
KERR COUNTY,265,7 Years,590,309,281,275,142,133,7,4,3,3,2,1,18,10,8,287,151,136
KERR COUNTY,265,8 Years,584,297,287,272,140,132,7,4,3,5,2,3,21,13,8,279,138,141
KERR COUNTY,265,9 Years,570,287,283,269,135,134,8,3,5,5,2,3,19,11,8,269,136,133
KERR COUNTY,265,10 Years,551,274,277,261,127,134,7,2,5,6,2,4,18,10,8,259,133,126
KERR COUNTY,265,11 Years,550,274,276,262,123,139,7,3,4,6,2,4,18,11,7,257,135,122
KERR COUNTY,265,12 Years,563,282,281,267,133,134,8,3,5,5,1,4,18,12,6,265,133,132
KERR COUNTY,265,13 Years,559,271,288,274,130,144,10,5,5,5,2,3,14,8,6,256,126,130
KERR COUNTY,265,14 Years,567,280,287,278,133,145,7,4,3,3,2,1,9,5,4,270,136,134
KERR COUNTY,265,15 Years,587,310,277,283,148,135,7,6,1,3,3,0,11,6,5,283,147,136
KERR COUNTY,265,16 Years,591,314,277,293,153,140,12,8,4,5,3,2,14,9,5,267,141,126
KERR COUNTY,265,17 Years,624,322,302,313,164,149,15,10,5,5,2,3,11,7,4,280,139,141
KERR COUNTY,265,18 Years,609,302,307,300,144,156,16,11,5,4,2,2,10,5,5,279,140,139
KERR COUNTY,265,19 Years,595,301,294,296,147,149,11,6,5,6,2,4,10,3,7,272,143,129
KERR COUNTY,265,20 Years,617,318,299,318,161,157,11,5,6,7,3,4,11,5,6,270,144,126
KERR COUNTY,265,21 Years,635,324,311,347,175,172,11,5,6,4,1,3,12,5,7,261,138,123
KERR COUNTY,265,22 Years,600,300,300,309,158,151,11,6,5,3,1,2,12,5,7,265,130,135
KERR COUNTY,265,23 Years,625,306,319,320,154,166,13,7,6,6,4,2,10,4,6,276,137,139
KERR COUNTY,265,24 Years,620,313,307,330,166,164,13,8,5,8,5,3,11,5,6,258,129,129
KERR COUNTY,265,25 Years,610,299,311,337,161,176,18,11,7,4,1,3,14,5,9,237,121,116
KERR COUNTY,265,26 Years,637,335,302,354,181,173,15,10,5,8,6,2,20,7,13,240,131,109
KERR COUNTY,265,27 Years,627,321,306,344,179,165,16,10,6,5,5,0,15,7,8,247,120,127
KERR COUNTY,265,28 Years,500,246,254,270,140,130,11,7,4,4,1,3,10,5,5,205,93,112
KERR COUNTY,265,29 Years,497,247,250,268,140,128,12,9,3,11,2,9,11,5,6,195,91,104
KERR COUNTY,265,30 Years,553,271,282,289,149,140,13,9,4,15,5,10,9,4,5,227,104,123
KERR COUNTY,265,31 Years,630,304,326,339,167,172,13,10,3,12,5,7,11,6,5,255,116,139
KERR COUNTY,265,32 Years,617,300,317,334,159,175,18,11,7,13,9,4,12,5,7,240,116,124
KERR COUNTY,265,33 Years,572,271,301,326,147,179,21,10,11,12,7,5,11,6,5,202,101,101
KERR COUNTY,265,34 Years,560,270,290,328,151,177,13,7,6,11,4,7,12,8,4,196,100,96
KERR COUNTY,265,35 Years,516,252,264,306,151,155,6,4,2,10,3,7,8,4,4,186,90,96
KERR COUNTY,265,36 Years,510,246,264,289,142,147,7,6,1,9,3,6,4,3,1,201,92,109
KERR COUNTY,265,37 Years,506,242,264,283,141,142,7,6,1,6,0,6,8,4,4,202,91,111
KERR COUNTY,265,38 Years,532,259,273,308,155,153,4,2,2,3,0,3,8,4,4,209,98,111
KERR COUNTY,265,39 Years,538,248,290,315,146,169,2,1,1,7,4,3,8,6,2,206,91,115
KERR COUNTY,265,40 Years,548,253,295,313,148,165,4,3,1,13,9,4,9,4,5,209,89,120
KERR COUNTY,265,41 Years,535,263,272,311,157,154,5,4,1,11,7,4,10,3,7,198,92,106
KERR COUNTY,265,42 Years,515,272,243,302,157,145,5,4,1,13,7,6,5,1,4,190,103,87
KERR COUNTY,265,43 Years,478,237,241,275,139,136,14,10,4,7,3,4,8,2,6,174,83,91
KERR COUNTY,265,44 Years,494,241,253,288,141,147,12,8,4,5,2,3,8,3,5,181,87,94
KERR COUNTY,265,45 Years,491,233,258,293,134,159,12,8,4,5,2,3,4,2,2,177,87,90
KERR COUNTY,265,46 Years,495,244,251,308,146,162,6,5,1,6,2,4,3,2,1,172,89,83
KERR COUNTY,265,47 Years,475,241,234,288,145,143,6,5,1,4,1,3,3,2,1,174,88,86
KERR COUNTY,265,48 Years,477,236,241,269,137,132,8,4,4,5,1,4,6,4,2,189,90,99
KERR COUNTY,265,49 Years,520,248,272,306,149,157,9,3,6,4,2,2,6,4,2,195,90,105
KERR COUNTY,265,50 Years,518,242,276,315,146,169,10,6,4,6,2,4,4,2,2,183,86,97
KERR COUNTY,265,51 Years,534,244,290,347,154,193,8,5,3,4,2,2,6,4,2,169,79,90
KERR COUNTY,265,52 Years,572,267,305,363,169,194,11,7,4,4,2,2,9,4,5,185,85,100
KERR COUNTY,265,53 Years,578,276,302,368,169,199,10,6,4,7,4,3,12,5,7,181,92,89
KERR COUNTY,265,54 Years,561,270,291,360,167,193,10,7,3,6,4,2,14,3,11,171,89,82
KERR COUNTY,265,55 Years,594,269,325,390,177,213,12,7,5,5,2,3,16,7,9,171,76,95
KERR COUNTY,265,56 Years,606,273,333,388,170,218,14,9,5,4,2,2,15,8,7,185,84,101
KERR COUNTY,265,57 Years,648,291,357,425,190,235,13,9,4,4,1,3,13,3,10,193,88,105
KERR COUNTY,265,58 Years,663,317,346,446,206,240,10,6,4,7,1,6,11,5,6,189,99,90
KERR COUNTY,265,59 Years,702,334,368,484,221,263,12,8,4,9,1,8,10,5,5,187,99,88
KERR COUNTY,265,60 Years,720,342,378,513,243,270,15,11,4,6,2,4,11,4,7,175,82,93
KERR COUNTY,265,61 Years,780,360,420,572,258,314,15,10,5,5,3,2,15,7,8,173,82,91
KERR COUNTY,265,62 Years,827,377,450,614,277,337,14,7,7,4,2,2,16,7,9,179,84,95
KERR COUNTY,265,63 Years,848,383,465,628,279,349,15,6,9,4,2,2,23,11,12,178,85,93
KERR COUNTY,265,64 Years,879,399,480,670,302,368,15,6,9,7,2,5,14,6,8,173,83,90
KERR COUNTY,265,65 Years,852,400,452,673,309,364,16,9,7,6,2,4,13,7,6,144,73,71
KERR COUNTY,265,66 Years,829,393,436,640,302,338,17,8,9,7,1,6,13,7,6,152,75,77
KERR COUNTY,265,67 Years,815,375,440,636,287,349,12,6,6,10,1,9,15,9,6,142,72,70
KERR COUNTY,265,68 Years,806,377,429,656,296,360,8,6,2,10,4,6,11,7,4,121,64,57
KERR COUNTY,265,69 Years,829,386,443,682,308,374,8,6,2,7,4,3,15,5,10,117,63,54
KERR COUNTY,265,70 Years,813,370,443,682,303,379,9,5,4,7,6,1,13,6,7,102,50,52
KERR COUNTY,265,71 Years,802,363,439,670,303,367,6,3,3,9,4,5,10,6,4,107,47,60
KERR COUNTY,265,72 Years,787,362,425,669,309,360,6,3,3,9,3,6,8,4,4,95,43,52
KERR COUNTY,265,73 Years,822,402,420,702,350,352,7,4,3,5,2,3,8,2,6,100,44,56
KERR COUNTY,265,74 Years,844,391,453,718,336,382,8,5,3,5,2,3,12,5,7,101,43,58
KERR COUNTY,265,75 Years,838,380,458,725,331,394,10,7,3,5,1,4,14,6,8,84,35,49
KERR COUNTY,265,76 Years,710,329,381,622,285,337,7,5,2,2,0,2,11,7,4,68,32,36
KERR COUNTY,265,77 Years,627,289,338,548,247,301,5,3,2,0,0,0,11,6,5,63,33,30
KERR COUNTY,265,78 Years,620,293,327,553,258,295,4,2,2,0,0,0,5,3,2,58,30,28
KERR COUNTY,265,79 Years,587,278,309,528,248,280,2,0,2,0,0,0,4,2,2,53,28,25
KERR COUNTY,265,80 Years,522,246,276,474,221,253,0,0,0,0,0,0,8,3,5,40,22,18
KERR COUNTY,265,81 Years,479,231,248,431,208,223,2,0,2,1,1,0,7,3,4,38,19,19
KERR COUNTY,265,82 Years,448,208,240,403,187,216,2,1,1,0,0,0,8,3,5,35,17,18
KERR COUNTY,265,83 Years,414,189,225,370,169,201,3,2,1,1,0,1,6,3,3,34,15,19
KERR COUNTY,265,84 Years,378,174,204,336,157,179,3,2,1,2,1,1,7,4,3,30,10,20
KERR COUNTY,265,85 Years,346,152,194,306,136,170,3,2,1,1,0,1,8,4,4,28,10,18
KERR COUNTY,265,86 Years,284,124,160,256,113,143,3,2,1,0,0,0,3,1,2,22,8,14
KERR COUNTY,265,87 Years,250,112,138,222,100,122,4,3,1,0,0,0,4,0,4,20,9,11
KERR COUNTY,265,88 Years,206,90,116,184,81,103,2,2,0,0,0,0,2,0,2,18,7,11
KERR COUNTY,265,89 Years,181,75,106,164,68,96,0,0,0,0,0,0,2,1,1,15,6,9
KERR COUNTY,265,90 Years,157,66,91,141,60,81,0,0,0,0,0,0,3,1,2,13,5,8
KERR COUNTY,265,91 Years,134,56,78,121,51,70,0,0,0,0,0,0,2,1,1,11,4,7
KERR COUNTY,265,92 Years,112,47,65,103,42,61,0,0,0,0,0,0,1,1,0,8,4,4
KERR COUNTY,265,93 Years,94,32,62,85,29,56,0,0,0,0,0,0,1,0,1,8,3,5
KERR COUNTY,265,94 Years,73,25,48,67,23,44,0,0,0,0,0,0,0,0,0,6,2,4
KERR COUNTY,265,95 Years +,182,62,120,158,54,104,1,0,1,1,0,1,3,1,2,19,7,12
KIMBLE COUNTY,267,All Ages,4430,2150,2280,2972,1430,1542,10,8,2,10,5,5,37,20,17,1401,687,714
KIMBLE COUNTY,267,< 1 Year,50,24,26,27,13,14,0,0,0,0,0,0,1,0,1,22,11,11
KIMBLE COUNTY,267,1 Years,51,27,24,25,13,12,0,0,0,0,0,0,1,1,0,25,13,12
KIMBLE COUNTY,267,2 Years,52,26,26,26,13,13,0,0,0,0,0,0,1,0,1,25,13,12
KIMBLE COUNTY,267,3 Years,58,25,33,30,12,18,0,0,0,0,0,0,0,0,0,28,13,15
KIMBLE COUNTY,267,4 Years,58,25,33,29,12,17,0,0,0,0,0,0,0,0,0,29,13,16
KIMBLE COUNTY,267,5 Years,55,25,30,29,14,15,0,0,0,0,0,0,0,0,0,26,11,15
KIMBLE COUNTY,267,6 Years,46,21,25,21,10,11,0,0,0,0,0,0,0,0,0,25,11,14
KIMBLE COUNTY,267,7 Years,40,19,21,19,10,9,0,0,0,0,0,0,0,0,0,21,9,12
KIMBLE COUNTY,267,8 Years,41,23,18,22,13,9,0,0,0,0,0,0,0,0,0,19,10,9
KIMBLE COUNTY,267,9 Years,44,25,19,26,15,11,0,0,0,0,0,0,0,0,0,18,10,8
KIMBLE COUNTY,267,10 Years,43,23,20,25,13,12,0,0,0,0,0,0,0,0,0,18,10,8
KIMBLE COUNTY,267,11 Years,42,21,21,24,12,12,0,0,0,0,0,0,0,0,0,18,9,9
KIMBLE COUNTY,267,12 Years,38,16,22,24,9,15,0,0,0,0,0,0,0,0,0,14,7,7
KIMBLE COUNTY,267,13 Years,42,19,23,26,12,14,0,0,0,0,0,0,0,0,0,16,7,9
KIMBLE COUNTY,267,14 Years,48,23,25,29,15,14,1,0,1,0,0,0,0,0,0,18,8,10
KIMBLE COUNTY,267,15 Years,51,27,24,26,13,13,1,0,1,0,0,0,0,0,0,24,14,10
KIMBLE COUNTY,267,16 Years,52,27,25,28,14,14,0,0,0,0,0,0,0,0,0,24,13,11
KIMBLE COUNTY,267,17 Years,46,21,25,26,12,14,0,0,0,0,0,0,0,0,0,20,9,11
KIMBLE COUNTY,267,18 Years,40,19,21,20,11,9,0,0,0,0,0,0,0,0,0,20,8,12
KIMBLE COUNTY,267,19 Years,41,26,15,19,14,5,1,1,0,0,0,0,0,0,0,21,11,10
KIMBLE COUNTY,267,20 Years,54,29,25,29,16,13,1,1,0,0,0,0,0,0,0,24,12,12
KIMBLE COUNTY,267,21 Years,46,21,25,25,12,13,0,0,0,1,0,1,0,0,0,20,9,11
KIMBLE COUNTY,267,22 Years,34,18,16,18,11,7,0,0,0,1,0,1,0,0,0,15,7,8
KIMBLE COUNTY,267,23 Years,40,20,20,25,14,11,0,0,0,1,1,0,1,1,0,13,4,9
KIMBLE COUNTY,267,24 Years,42,20,22,25,13,12,0,0,0,0,0,0,1,1,0,16,6,10
KIMBLE COUNTY,267,25 Years,38,15,23,22,9,13,0,0,0,0,0,0,0,0,0,16,6,10
KIMBLE COUNTY,267,26 Years,44,17,27,23,10,13,0,0,0,0,0,0,0,0,0,21,7,14
KIMBLE COUNTY,267,27 Years,40,17,23,21,10,11,0,0,0,0,0,0,0,0,0,19,7,12
KIMBLE COUNTY,267,28 Years,46,21,25,31,15,16,0,0,0,0,0,0,0,0,0,15,6,9
KIMBLE COUNTY,267,29 Years,50,26,24,30,15,15,0,0,0,0,0,0,2,1,1,18,10,8
KIMBLE COUNTY,267,30 Years,48,27,21,25,14,11,0,0,0,0,0,0,1,1,0,22,12,10
KIMBLE COUNTY,267,31 Years,42,22,20,23,14,9,0,0,0,0,0,0,1,0,1,18,8,10
KIMBLE COUNTY,267,32 Years,31,13,18,19,9,10,0,0,0,0,0,0,1,0,1,11,4,7
KIMBLE COUNTY,267,33 Years,39,20,19,26,13,13,0,0,0,0,0,0,0,0,0,13,7,6
KIMBLE COUNTY,267,34 Years,43,22,21,28,15,13,0,0,0,0,0,0,0,0,0,15,7,8
KIMBLE COUNTY,267,35 Years,46,27,19,28,15,13,1,1,0,0,0,0,0,0,0,17,11,6
KIMBLE COUNTY,267,36 Years,46,23,23,28,13,15,1,1,0,0,0,0,0,0,0,17,9,8
KIMBLE COUNTY,267,37 Years,42,23,19,24,10,14,1,1,0,0,0,0,0,0,0,17,12,5
KIMBLE COUNTY,267,38 Years,37,23,14,20,10,10,0,0,0,0,0,0,0,0,0,17,13,4
KIMBLE COUNTY,267,39 Years,42,22,20,23,11,12,0,0,0,0,0,0,0,0,0,19,11,8
KIMBLE COUNTY,267,40 Years,45,25,20,24,11,13,2,2,0,0,0,0,0,0,0,19,12,7
KIMBLE COUNTY,267,41 Years,45,24,21,26,13,13,1,1,0,0,0,0,0,0,0,18,10,8
KIMBLE COUNTY,267,42 Years,46,24,22,28,13,15,0,0,0,0,0,0,0,0,0,18,11,7
KIMBLE COUNTY,267,43 Years,44,19,25,24,7,17,0,0,0,0,0,0,0,0,0,20,12,8
KIMBLE COUNTY,267,44 Years,46,24,22,23,9,14,0,0,0,0,0,0,2,2,0,21,13,8
KIMBLE COUNTY,267,45 Years,48,24,24,25,10,15,0,0,0,0,0,0,0,0,0,23,14,9
KIMBLE COUNTY,267,46 Years,43,20,23,22,9,13,0,0,0,0,0,0,0,0,0,21,11,10
KIMBLE COUNTY,267,47 Years,47,21,26,26,13,13,0,0,0,0,0,0,1,0,1,20,8,12
KIMBLE COUNTY,267,48 Years,42,13,29,22,9,13,0,0,0,2,0,2,1,0,1,17,4,13
KIMBLE COUNTY,267,49 Years,39,12,27,26,9,17,0,0,0,1,0,1,0,0,0,12,3,9
KIMBLE COUNTY,267,50 Years,47,15,32,32,14,18,0,0,0,0,0,0,2,0,2,13,1,12
KIMBLE COUNTY,267,51 Years,49,18,31,34,16,18,0,0,0,0,0,0,1,0,1,14,2,12
KIMBLE COUNTY,267,52 Years,55,25,30,40,20,20,0,0,0,1,1,0,0,0,0,14,4,10
KIMBLE COUNTY,267,53 Years,45,20,25,34,17,17,0,0,0,1,1,0,0,0,0,10,2,8
KIMBLE COUNTY,267,54 Years,47,28,19,30,16,14,0,0,0,0,0,0,0,0,0,17,12,5
KIMBLE COUNTY,267,55 Years,42,23,19,29,13,16,0,0,0,0,0,0,0,0,0,13,10,3
KIMBLE COUNTY,267,56 Years,46,22,24,30,14,16,0,0,0,0,0,0,0,0,0,16,8,8
KIMBLE COUNTY,267,57 Years,51,26,25,32,16,16,0,0,0,0,0,0,0,0,0,19,10,9
KIMBLE COUNTY,267,58 Years,58,33,25,39,21,18,0,0,0,0,0,0,0,0,0,19,12,7
KIMBLE COUNTY,267,59 Years,64,31,33,49,24,25,0,0,0,0,0,0,0,0,0,15,7,8
KIMBLE COUNTY,267,60 Years,69,38,31,53,29,24,0,0,0,0,0,0,1,0,1,15,9,6
KIMBLE COUNTY,267,61 Years,69,36,33,53,31,22,0,0,0,0,0,0,1,0,1,15,5,10
KIMBLE COUNTY,267,62 Years,69,33,36,54,25,29,0,0,0,0,0,0,0,0,0,15,8,7
KIMBLE COUNTY,267,63 Years,75,32,43,56,22,34,0,0,0,0,0,0,2,2,0,17,8,9
KIMBLE COUNTY,267,64 Years,70,33,37,54,25,29,0,0,0,0,0,0,0,0,0,16,8,8
KIMBLE COUNTY,267,65 Years,64,34,30,49,25,24,0,0,0,1,1,0,0,0,0,14,8,6
KIMBLE COUNTY,267,66 Years,63,29,34,46,23,23,0,0,0,1,1,0,0,0,0,16,5,11
KIMBLE COUNTY,267,67 Years,66,31,35,54,26,28,0,0,0,0,0,0,0,0,0,12,5,7
KIMBLE COUNTY,267,68 Years,78,42,36,62,31,31,0,0,0,0,0,0,3,2,1,13,9,4
KIMBLE COUNTY,267,69 Years,71,40,31,57,30,27,0,0,0,0,0,0,2,2,0,12,8,4
KIMBLE COUNTY,267,70 Years,70,35,35,56,27,29,0,0,0,0,0,0,1,1,0,13,7,6
KIMBLE COUNTY,267,71 Years,72,34,38,59,26,33,0,0,0,0,0,0,0,0,0,13,8,5
KIMBLE COUNTY,267,72 Years,69,31,38,55,23,32,0,0,0,0,0,0,0,0,0,14,8,6
KIMBLE COUNTY,267,73 Years,77,37,40,64,31,33,0,0,0,0,0,0,0,0,0,13,6,7
KIMBLE COUNTY,267,74 Years,75,37,38,67,34,33,0,0,0,0,0,0,0,0,0,8,3,5
KIMBLE COUNTY,267,75 Years,70,32,38,61,29,32,0,0,0,0,0,0,1,1,0,8,2,6
KIMBLE COUNTY,267,76 Years,62,29,33,51,23,28,0,0,0,0,0,0,1,1,0,10,5,5
KIMBLE COUNTY,267,77 Years,57,25,32,46,19,27,0,0,0,0,0,0,2,0,2,9,6,3
KIMBLE COUNTY,267,78 Years,61,29,32,49,24,25,0,0,0,0,0,0,1,1,0,11,4,7
KIMBLE COUNTY,267,79 Years,51,24,27,44,21,23,0,0,0,0,0,0,0,0,0,7,3,4
KIMBLE COUNTY,267,80 Years,42,19,23,34,15,19,0,0,0,0,0,0,0,0,0,8,4,4
KIMBLE COUNTY,267,81 Years,41,20,21,32,15,17,0,0,0,0,0,0,0,0,0,9,5,4
KIMBLE COUNTY,267,82 Years,38,19,19,30,13,17,0,0,0,0,0,0,1,1,0,7,5,2
KIMBLE COUNTY,267,83 Years,35,16,19,30,13,17,0,0,0,0,0,0,1,1,0,4,2,2
KIMBLE COUNTY,267,84 Years,37,18,19,34,16,18,0,0,0,0,0,0,1,1,0,2,1,1
KIMBLE COUNTY,267,85 Years,30,15,15,27,14,13,0,0,0,0,0,0,1,0,1,2,1,1
KIMBLE COUNTY,267,86 Years,18,8,10,16,8,8,0,0,0,0,0,0,1,0,1,1,0,1
KIMBLE COUNTY,267,87 Years,18,7,11,17,7,10,0,0,0,0,0,0,0,0,0,1,0,1
KIMBLE COUNTY,267,88 Years,16,9,7,16,9,7,0,0,0,0,0,0,0,0,0,0,0,0
KIMBLE COUNTY,267,89 Years,10,5,5,10,5,5,0,0,0,0,0,0,0,0,0,0,0,0
KIMBLE COUNTY,267,90 Years,9,4,5,9,4,5,0,0,0,0,0,0,0,0,0,0,0,0
KIMBLE COUNTY,267,91 Years,8,3,5,8,3,5,0,0,0,0,0,0,0,0,0,0,0,0
KIMBLE COUNTY,267,92 Years,7,2,5,7,2,5,0,0,0,0,0,0,0,0,0,0,0,0
KIMBLE COUNTY,267,93 Years,7,3,4,6,3,3,0,0,0,0,0,0,0,0,0,1,0,1
KIMBLE COUNTY,267,94 Years,6,3,3,6,3,3,0,0,0,0,0,0,0,0,0,0,0,0
KIMBLE COUNTY,267,95 Years +,13,3,10,11,3,8,0,0,0,0,0,0,0,0,0,2,0,2
KING COUNTY,269,All Ages,233,124,109,207,111,96,0,0,0,0,0,0,2,0,2,24,13,11
KING COUNTY,269,< 1 Year,3,1,2,2,1,1,0,0,0,0,0,0,0,0,0,1,0,1
KING COUNTY,269,1 Years,3,2,1,2,1,1,0,0,0,0,0,0,0,0,0,1,1,0
KING COUNTY,269,2 Years,3,1,2,2,1,1,0,0,0,0,0,0,0,0,0,1,0,1
KING COUNTY,269,3 Years,4,2,2,4,2,2,0,0,0,0,0,0,0,0,0,0,0,0
KING COUNTY,269,4 Years,3,1,2,3,1,2,0,0,0,0,0,0,0,0,0,0,0,0
KING COUNTY,269,5 Years,2,1,1,2,1,1,0,0,0,0,0,0,0,0,0,0,0,0
KING COUNTY,269,6 Years,2,1,1,2,1,1,0,0,0,0,0,0,0,0,0,0,0,0
KING COUNTY,269,7 Years,3,3,0,3,3,0,0,0,0,0,0,0,0,0,0,0,0,0
KING COUNTY,269,8 Years,3,3,0,3,3,0,0,0,0,0,0,0,0,0,0,0,0,0
KING COUNTY,269,9 Years,3,3,0,3,3,0,0,0,0,0,0,0,0,0,0,0,0,0
KING COUNTY,269,10 Years,4,2,2,4,2,2,0,0,0,0,0,0,0,0,0,0,0,0
KING COUNTY,269,11 Years,7,3,4,7,3,4,0,0,0,0,0,0,0,0,0,0,0,0
KING COUNTY,269,12 Years,5,2,3,5,2,3,0,0,0,0,0,0,0,0,0,0,0,0
KING COUNTY,269,13 Years,7,5,2,4,2,2,0,0,0,0,0,0,0,0,0,3,3,0
KING COUNTY,269,14 Years,5,3,2,5,3,2,0,0,0,0,0,0,0,0,0,0,0,0
KING COUNTY,269,15 Years,4,3,1,4,3,1,0,0,0,0,0,0,0,0,0,0,0,0
KING COUNTY,269,16 Years,4,2,2,4,2,2,0,0,0,0,0,0,0,0,0,0,0,0
KING COUNTY,269,17 Years,5,2,3,5,2,3,0,0,0,0,0,0,0,0,0,0,0,0
KING COUNTY,269,18 Years,3,1,2,3,1,2,0,0,0,0,0,0,0,0,0,0,0,0
KING COUNTY,269,19 Years,3,1,2,3,1,2,0,0,0,0,0,0,0,0,0,0,0,0
KING COUNTY,269,20 Years,3,0,3,3,0,3,0,0,0,0,0,0,0,0,0,0,0,0
KING COUNTY,269,21 Years,2,0,2,2,0,2,0,0,0,0,0,0,0,0,0,0,0,0
KING COUNTY,269,22 Years,4,1,3,3,1,2,0,0,0,0,0,0,0,0,0,1,0,1
KING COUNTY,269,23 Years,2,1,1,2,1,1,0,0,0,0,0,0,0,0,0,0,0,0
KING COUNTY,269,24 Years,1,1,0,1,1,0,0,0,0,0,0,0,0,0,0,0,0,0
KING COUNTY,269,25 Years,0,0,0,0,0,0,0,0,0,0,0,0,0,0,0,0,0,0
KING COUNTY,269,26 Years,0,0,0,0,0,0,0,0,0,0,0,0,0,0,0,0,0,0
KING COUNTY,269,27 Years,0,0,0,0,0,0,0,0,0,0,0,0,0,0,0,0,0,0
KING COUNTY,269,28 Years,1,0,1,1,0,1,0,0,0,0,0,0,0,0,0,0,0,0
KING COUNTY,269,29 Years,1,0,1,1,0,1,0,0,0,0,0,0,0,0,0,0,0,0
KING COUNTY,269,30 Years,2,1,1,2,1,1,0,0,0,0,0,0,0,0,0,0,0,0
KING COUNTY,269,31 Years,3,1,2,2,1,1,0,0,0,0,0,0,0,0,0,1,0,1
KING COUNTY,269,32 Years,2,0,2,1,0,1,0,0,0,0,0,0,1,0,1,0,0,0
KING COUNTY,269,33 Years,1,0,1,0,0,0,0,0,0,0,0,0,1,0,1,0,0,0
KING COUNTY,269,34 Years,1,0,1,0,0,0,0,0,0,0,0,0,0,0,0,1,0,1
KING COUNTY,269,35 Years,1,1,0,1,1,0,0,0,0,0,0,0,0,0,0,0,0,0
KING COUNTY,269,36 Years,2,2,0,1,1,0,0,0,0,0,0,0,0,0,0,1,1,0
KING COUNTY,269,37 Years,5,2,3,5,2,3,0,0,0,0,0,0,0,0,0,0,0,0
KING COUNTY,269,38 Years,4,1,3,4,1,3,0,0,0,0,0,0,0,0,0,0,0,0
KING COUNTY,269,39 Years,4,4,0,4,4,0,0,0,0,0,0,0,0,0,0,0,0,0
KING COUNTY,269,40 Years,4,4,0,4,4,0,0,0,0,0,0,0,0,0,0,0,0,0
KING COUNTY,269,41 Years,2,0,2,2,0,2,0,0,0,0,0,0,0,0,0,0,0,0
KING COUNTY,269,42 Years,5,3,2,5,3,2,0,0,0,0,0,0,0,0,0,0,0,0
KING COUNTY,269,43 Years,4,2,2,4,2,2,0,0,0,0,0,0,0,0,0,0,0,0
KING COUNTY,269,44 Years,2,1,1,2,1,1,0,0,0,0,0,0,0,0,0,0,0,0
KING COUNTY,269,45 Years,3,2,1,3,2,1,0,0,0,0,0,0,0,0,0,0,0,0
KING COUNTY,269,46 Years,4,1,3,2,1,1,0,0,0,0,0,0,0,0,0,2,0,2
KING COUNTY,269,47 Years,1,1,0,1,1,0,0,0,0,0,0,0,0,0,0,0,0,0
KING COUNTY,269,48 Years,3,1,2,3,1,2,0,0,0,0,0,0,0,0,0,0,0,0
KING COUNTY,269,49 Years,3,1,2,2,0,2,0,0,0,0,0,0,0,0,0,1,1,0
KING COUNTY,269,50 Years,1,1,0,1,1,0,0,0,0,0,0,0,0,0,0,0,0,0
KING COUNTY,269,51 Years,2,1,1,2,1,1,0,0,0,0,0,0,0,0,0,0,0,0
KING COUNTY,269,52 Years,4,3,1,3,2,1,0,0,0,0,0,0,0,0,0,1,1,0
KING COUNTY,269,53 Years,3,3,0,2,2,0,0,0,0,0,0,0,0,0,0,1,1,0
KING COUNTY,269,54 Years,3,1,2,2,1,1,0,0,0,0,0,0,0,0,0,1,0,1
KING COUNTY,269,55 Years,3,1,2,1,0,1,0,0,0,0,0,0,0,0,0,2,1,1
KING COUNTY,269,56 Years,4,2,2,1,0,1,0,0,0,0,0,0,0,0,0,3,2,1
KING COUNTY,269,57 Years,3,1,2,2,1,1,0,0,0,0,0,0,0,0,0,1,0,1
KING COUNTY,269,58 Years,2,1,1,2,1,1,0,0,0,0,0,0,0,0,0,0,0,0
KING COUNTY,269,59 Years,1,1,0,1,1,0,0,0,0,0,0,0,0,0,0,0,0,0
KING COUNTY,269,60 Years,3,2,1,2,1,1,0,0,0,0,0,0,0,0,0,1,1,0
KING COUNTY,269,61 Years,3,1,2,3,1,2,0,0,0,0,0,0,0,0,0,0,0,0
KING COUNTY,269,62 Years,4,1,3,4,1,3,0,0,0,0,0,0,0,0,0,0,0,0
KING COUNTY,269,63 Years,4,3,1,4,3,1,0,0,0,0,0,0,0,0,0,0,0,0
KING COUNTY,269,64 Years,4,3,1,4,3,1,0,0,0,0,0,0,0,0,0,0,0,0
KING COUNTY,269,65 Years,4,3,1,4,3,1,0,0,0,0,0,0,0,0,0,0,0,0
KING COUNTY,269,66 Years,3,2,1,3,2,1,0,0,0,0,0,0,0,0,0,0,0,0
KING COUNTY,269,67 Years,4,2,2,3,1,2,0,0,0,0,0,0,0,0,0,1,1,0
KING COUNTY,269,68 Years,2,1,1,2,1,1,0,0,0,0,0,0,0,0,0,0,0,0
KING COUNTY,269,69 Years,2,1,1,2,1,1,0,0,0,0,0,0,0,0,0,0,0,0
KING COUNTY,269,70 Years,2,1,1,2,1,1,0,0,0,0,0,0,0,0,0,0,0,0
KING COUNTY,269,71 Years,1,1,0,1,1,0,0,0,0,0,0,0,0,0,0,0,0,0
KING COUNTY,269,72 Years,3,2,1,3,2,1,0,0,0,0,0,0,0,0,0,0,0,0
KING COUNTY,269,73 Years,2,1,1,2,1,1,0,0,0,0,0,0,0,0,0,0,0,0
KING COUNTY,269,74 Years,1,1,0,1,1,0,0,0,0,0,0,0,0,0,0,0,0,0
KING COUNTY,269,75 Years,2,2,0,2,2,0,0,0,0,0,0,0,0,0,0,0,0,0
KING COUNTY,269,76 Years,2,1,1,2,1,1,0,0,0,0,0,0,0,0,0,0,0,0
KING COUNTY,269,77 Years,1,1,0,1,1,0,0,0,0,0,0,0,0,0,0,0,0,0
KING COUNTY,269,78 Years,3,1,2,3,1,2,0,0,0,0,0,0,0,0,0,0,0,0
KING COUNTY,269,79 Years,1,1,0,1,1,0,0,0,0,0,0,0,0,0,0,0,0,0
KING COUNTY,269,80 Years,2,1,1,2,1,1,0,0,0,0,0,0,0,0,0,0,0,0
KING COUNTY,269,81 Years,1,0,1,1,0,1,0,0,0,0,0,0,0,0,0,0,0,0
KING COUNTY,269,82 Years,1,1,0,1,1,0,0,0,0,0,0,0,0,0,0,0,0,0
KING COUNTY,269,83 Years,1,1,0,1,1,0,0,0,0,0,0,0,0,0,0,0,0,0
KING COUNTY,269,84 Years,1,1,0,1,1,0,0,0,0,0,0,0,0,0,0,0,0,0
KING COUNTY,269,85 Years,1,1,0,1,1,0,0,0,0,0,0,0,0,0,0,0,0,0
KING COUNTY,269,86 Years,0,0,0,0,0,0,0,0,0,0,0,0,0,0,0,0,0,0
KING COUNTY,269,87 Years,0,0,0,0,0,0,0,0,0,0,0,0,0,0,0,0,0,0
KING COUNTY,269,88 Years,1,0,1,1,0,1,0,0,0,0,0,0,0,0,0,0,0,0
KING COUNTY,269,89 Years,2,0,2,2,0,2,0,0,0,0,0,0,0,0,0,0,0,0
KING COUNTY,269,90 Years,0,0,0,0,0,0,0,0,0,0,0,0,0,0,0,0,0,0
KING COUNTY,269,91 Years,0,0,0,0,0,0,0,0,0,0,0,0,0,0,0,0,0,0
KING COUNTY,269,92 Years,0,0,0,0,0,0,0,0,0,0,0,0,0,0,0,0,0,0
KING COUNTY,269,93 Years,0,0,0,0,0,0,0,0,0,0,0,0,0,0,0,0,0,0
KING COUNTY,269,94 Years,0,0,0,0,0,0,0,0,0,0,0,0,0,0,0,0,0,0
KING COUNTY,269,95 Years +,0,0,0,0,0,0,0,0,0,0,0,0,0,0,0,0,0,0
KINNEY COUNTY,271,All Ages,3169,1736,1433,1020,512,508,21,11,10,5,5,0,50,24,26,2073,1184,889
KINNEY COUNTY,271,< 1 Year,33,16,17,7,3,4,0,0,0,0,0,0,1,0,1,25,13,12
KINNEY COUNTY,271,1 Years,33,17,16,6,3,3,0,0,0,0,0,0,1,1,0,26,13,13
KINNEY COUNTY,271,2 Years,33,16,17,6,3,3,0,0,0,0,0,0,2,1,1,25,12,13
KINNEY COUNTY,271,3 Years,35,15,20,8,5,3,0,0,0,0,0,0,1,0,1,26,10,16
KINNEY COUNTY,271,4 Years,34,14,20,7,4,3,0,0,0,0,0,0,3,1,2,24,9,15
KINNEY COUNTY,271,5 Years,32,15,17,7,4,3,0,0,0,0,0,0,2,1,1,23,10,13
KINNEY COUNTY,271,6 Years,32,15,17,7,4,3,0,0,0,0,0,0,1,0,1,24,11,13
KINNEY COUNTY,271,7 Years,29,17,12,6,4,2,0,0,0,0,0,0,0,0,0,23,13,10
KINNEY COUNTY,271,8 Years,31,16,15,4,1,3,0,0,0,0,0,0,0,0,0,27,15,12
KINNEY COUNTY,271,9 Years,29,15,14,5,1,4,0,0,0,0,0,0,2,2,0,22,12,10
KINNEY COUNTY,271,10 Years,33,15,18,9,2,7,0,0,0,0,0,0,1,1,0,23,12,11
KINNEY COUNTY,271,11 Years,34,16,18,11,4,7,0,0,0,0,0,0,0,0,0,23,12,11
KINNEY COUNTY,271,12 Years,39,16,23,11,7,4,0,0,0,0,0,0,1,0,1,27,9,18
KINNEY COUNTY,271,13 Years,40,20,20,9,6,3,1,0,1,0,0,0,1,1,0,29,13,16
KINNEY COUNTY,271,14 Years,35,23,12,10,8,2,0,0,0,0,0,0,0,0,0,25,15,10
KINNEY COUNTY,271,15 Years,37,17,20,12,4,8,0,0,0,0,0,0,0,0,0,25,13,12
KINNEY COUNTY,271,16 Years,48,20,28,15,4,11,0,0,0,0,0,0,1,0,1,32,16,16
KINNEY COUNTY,271,17 Years,37,16,21,9,3,6,0,0,0,0,0,0,0,0,0,28,13,15
KINNEY COUNTY,271,18 Years,41,28,13,9,7,2,0,0,0,0,0,0,1,0,1,31,21,10
KINNEY COUNTY,271,19 Years,47,28,19,16,12,4,0,0,0,0,0,0,2,1,1,29,15,14
KINNEY COUNTY,271,20 Years,51,32,19,13,9,4,0,0,0,0,0,0,1,0,1,37,23,14
KINNEY COUNTY,271,21 Years,44,29,15,9,5,4,0,0,0,0,0,0,2,1,1,33,23,10
KINNEY COUNTY,271,22 Years,43,29,14,7,3,4,0,0,0,0,0,0,2,1,1,34,25,9
KINNEY COUNTY,271,23 Years,37,24,13,5,2,3,0,0,0,0,0,0,0,0,0,32,22,10
KINNEY COUNTY,271,24 Years,50,37,13,5,3,2,0,0,0,0,0,0,1,0,1,44,34,10
KINNEY COUNTY,271,25 Years,38,25,13,5,2,3,0,0,0,0,0,0,0,0,0,33,23,10
KINNEY COUNTY,271,26 Years,46,31,15,5,3,2,1,0,1,0,0,0,1,1,0,39,27,12
KINNEY COUNTY,271,27 Years,41,27,14,5,3,2,1,0,1,0,0,0,0,0,0,35,24,11
KINNEY COUNTY,271,28 Years,40,28,12,4,2,2,0,0,0,0,0,0,2,0,2,34,26,8
KINNEY COUNTY,271,29 Years,36,23,13,6,3,3,1,0,1,0,0,0,1,0,1,28,20,8
KINNEY COUNTY,271,30 Years,42,28,14,5,2,3,0,0,0,0,0,0,0,0,0,37,26,11
KINNEY COUNTY,271,31 Years,28,16,12,3,1,2,0,0,0,0,0,0,0,0,0,25,15,10
KINNEY COUNTY,271,32 Years,36,24,12,5,2,3,0,0,0,0,0,0,0,0,0,31,22,9
KINNEY COUNTY,271,33 Years,34,22,12,5,3,2,0,0,0,0,0,0,0,0,0,29,19,10
KINNEY COUNTY,271,34 Years,42,35,7,5,3,2,0,0,0,0,0,0,0,0,0,37,32,5
KINNEY COUNTY,271,35 Years,32,26,6,7,6,1,0,0,0,0,0,0,0,0,0,25,20,5
KINNEY COUNTY,271,36 Years,38,31,7,5,4,1,0,0,0,0,0,0,0,0,0,33,27,6
KINNEY COUNTY,271,37 Years,37,25,12,3,2,1,0,0,0,0,0,0,0,0,0,34,23,11
KINNEY COUNTY,271,38 Years,45,25,20,6,2,4,2,1,1,0,0,0,0,0,0,37,22,15
KINNEY COUNTY,271,39 Years,43,25,18,9,5,4,0,0,0,0,0,0,0,0,0,34,20,14
KINNEY COUNTY,271,40 Years,45,33,12,8,5,3,0,0,0,0,0,0,0,0,0,37,28,9
KINNEY COUNTY,271,41 Years,36,26,10,8,5,3,0,0,0,0,0,0,0,0,0,28,21,7
KINNEY COUNTY,271,42 Years,42,21,21,14,4,10,0,0,0,0,0,0,0,0,0,28,17,11
KINNEY COUNTY,271,43 Years,42,24,18,9,4,5,0,0,0,0,0,0,1,0,1,32,20,12
KINNEY COUNTY,271,44 Years,30,21,9,8,7,1,0,0,0,0,0,0,1,1,0,21,13,8
KINNEY COUNTY,271,45 Years,34,17,17,11,5,6,0,0,0,0,0,0,0,0,0,23,12,11
KINNEY COUNTY,271,46 Years,31,18,13,9,4,5,0,0,0,0,0,0,1,0,1,21,14,7
KINNEY COUNTY,271,47 Years,41,21,20,9,5,4,0,0,0,0,0,0,0,0,0,32,16,16
KINNEY COUNTY,271,48 Years,36,17,19,12,7,5,0,0,0,0,0,0,0,0,0,24,10,14
KINNEY COUNTY,271,49 Years,36,17,19,13,4,9,1,0,1,0,0,0,0,0,0,22,13,9
KINNEY COUNTY,271,50 Years,38,17,21,10,4,6,0,0,0,0,0,0,1,1,0,27,12,15
KINNEY COUNTY,271,51 Years,41,18,23,16,9,7,0,0,0,0,0,0,1,1,0,24,8,16
KINNEY COUNTY,271,52 Years,43,21,22,18,8,10,0,0,0,0,0,0,0,0,0,25,13,12
KINNEY COUNTY,271,53 Years,31,15,16,10,4,6,0,0,0,0,0,0,0,0,0,21,11,10
KINNEY COUNTY,271,54 Years,32,15,17,7,3,4,0,0,0,0,0,0,0,0,0,25,12,13
KINNEY COUNTY,271,55 Years,42,23,19,12,6,6,2,2,0,0,0,0,1,0,1,27,15,12
KINNEY COUNTY,271,56 Years,35,19,16,12,5,7,1,1,0,1,1,0,0,0,0,21,12,9
KINNEY COUNTY,271,57 Years,34,16,18,11,3,8,0,0,0,1,1,0,0,0,0,22,12,10
KINNEY COUNTY,271,58 Years,32,17,15,8,5,3,0,0,0,0,0,0,0,0,0,24,12,12
KINNEY COUNTY,271,59 Years,31,18,13,9,5,4,0,0,0,0,0,0,1,1,0,21,12,9
KINNEY COUNTY,271,60 Years,29,16,13,11,6,5,0,0,0,0,0,0,0,0,0,18,10,8
KINNEY COUNTY,271,61 Years,23,12,11,10,6,4,1,0,1,0,0,0,0,0,0,12,6,6
KINNEY COUNTY,271,62 Years,27,15,12,12,6,6,0,0,0,0,0,0,0,0,0,15,9,6
KINNEY COUNTY,271,63 Years,29,17,12,14,9,5,0,0,0,0,0,0,0,0,0,15,8,7
KINNEY COUNTY,271,64 Years,29,15,14,14,8,6,0,0,0,0,0,0,0,0,0,15,7,8
KINNEY COUNTY,271,65 Years,37,16,21,18,7,11,0,0,0,1,1,0,0,0,0,18,8,10
KINNEY COUNTY,271,66 Years,41,21,20,18,6,12,1,0,1,1,1,0,3,3,0,18,11,7
KINNEY COUNTY,271,67 Years,38,21,17,15,6,9,3,3,0,0,0,0,1,1,0,19,11,8
KINNEY COUNTY,271,68 Years,45,22,23,22,13,9,1,1,0,0,0,0,1,0,1,21,8,13
KINNEY COUNTY,271,69 Years,40,19,21,19,14,5,1,0,1,0,0,0,0,0,0,20,5,15
KINNEY COUNTY,271,70 Years,36,14,22,16,7,9,1,0,1,0,0,0,2,2,0,17,5,12
KINNEY COUNTY,271,71 Years,31,12,19,18,7,11,0,0,0,0,0,0,1,1,0,12,4,8
KINNEY COUNTY,271,72 Years,32,15,17,20,10,10,0,0,0,0,0,0,0,0,0,12,5,7
KINNEY COUNTY,271,73 Years,35,18,17,20,10,10,0,0,0,0,0,0,0,0,0,15,8,7
KINNEY COUNTY,271,74 Years,37,20,17,20,10,10,0,0,0,0,0,0,0,0,0,17,10,7
KINNEY COUNTY,271,75 Years,43,21,22,21,11,10,0,0,0,0,0,0,1,1,0,21,9,12
KINNEY COUNTY,271,76 Years,37,17,20,20,10,10,0,0,0,0,0,0,1,0,1,16,7,9
KINNEY COUNTY,271,77 Years,30,15,15,20,10,10,1,1,0,0,0,0,0,0,0,9,4,5
KINNEY COUNTY,271,78 Years,28,14,14,20,11,9,0,0,0,0,0,0,0,0,0,8,3,5
KINNEY COUNTY,271,79 Years,29,15,14,20,12,8,0,0,0,0,0,0,0,0,0,9,3,6
KINNEY COUNTY,271,80 Years,28,11,17,19,9,10,0,0,0,0,0,0,2,0,2,7,2,5
KINNEY COUNTY,271,81 Years,25,11,14,20,8,12,0,0,0,0,0,0,0,0,0,5,3,2
KINNEY COUNTY,271,82 Years,22,11,11,17,8,9,0,0,0,0,0,0,0,0,0,5,3,2
KINNEY COUNTY,271,83 Years,23,12,11,17,9,8,0,0,0,0,0,0,0,0,0,6,3,3
KINNEY COUNTY,271,84 Years,25,9,16,17,6,11,0,0,0,0,0,0,1,0,1,7,3,4
KINNEY COUNTY,271,85 Years,20,7,13,15,5,10,1,1,0,0,0,0,0,0,0,4,1,3
KINNEY COUNTY,271,86 Years,16,7,9,12,5,7,1,1,0,0,0,0,0,0,0,3,1,2
KINNEY COUNTY,271,87 Years,17,8,9,11,5,6,0,0,0,0,0,0,0,0,0,6,3,3
KINNEY COUNTY,271,88 Years,12,6,6,7,4,3,0,0,0,0,0,0,0,0,0,5,2,3
KINNEY COUNTY,271,89 Years,11,5,6,7,4,3,0,0,0,0,0,0,0,0,0,4,1,3
KINNEY COUNTY,271,90 Years,7,3,4,4,2,2,0,0,0,0,0,0,0,0,0,3,1,2
KINNEY COUNTY,271,91 Years,8,4,4,5,3,2,0,0,0,0,0,0,0,0,0,3,1,2
KINNEY COUNTY,271,92 Years,8,6,2,5,4,1,0,0,0,1,1,0,0,0,0,2,1,1
KINNEY COUNTY,271,93 Years,6,3,3,3,2,1,0,0,0,0,0,0,0,0,0,3,1,2
KINNEY COUNTY,271,94 Years,5,1,4,2,0,2,0,0,0,0,0,0,0,0,0,3,1,2
KINNEY COUNTY,271,95 Years +,13,6,7,6,3,3,0,0,0,0,0,0,0,0,0,7,3,4
KLEBERG COUNTY,273,All Ages,30646,15566,15080,5645,2978,2667,1205,714,491,863,568,295,374,175,199,22559,11131,11428
KLEBERG COUNTY,273,< 1 Year,537,269,268,77,38,39,18,8,10,7,3,4,14,6,8,421,214,207
KLEBERG COUNTY,273,1 Years,568,292,276,79,40,39,21,11,10,6,4,2,11,6,5,451,231,220
KLEBERG COUNTY,273,2 Years,538,277,261,76,39,37,19,10,9,5,3,2,9,5,4,429,220,209
KLEBERG COUNTY,273,3 Years,439,237,202,63,36,27,12,7,5,3,1,2,7,3,4,354,190,164
KLEBERG COUNTY,273,4 Years,403,221,182,58,34,24,11,6,5,2,1,1,5,2,3,327,178,149
KLEBERG COUNTY,273,5 Years,403,216,187,56,30,26,10,4,6,4,3,1,5,2,3,328,177,151
KLEBERG COUNTY,273,6 Years,405,212,193,56,30,26,9,4,5,6,5,1,5,2,3,329,171,158
KLEBERG COUNTY,273,7 Years,414,213,201,56,30,26,11,6,5,7,5,2,6,3,3,334,169,165
KLEBERG COUNTY,273,8 Years,390,199,191,57,31,26,11,6,5,6,5,1,9,4,5,307,153,154
KLEBERG COUNTY,273,9 Years,384,194,190,57,30,27,10,6,4,5,3,2,10,3,7,302,152,150
KLEBERG COUNTY,273,10 Years,379,190,189,57,29,28,8,5,3,4,2,2,8,3,5,302,151,151
KLEBERG COUNTY,273,11 Years,371,188,183,53,26,27,9,6,3,3,2,1,8,3,5,298,151,147
KLEBERG COUNTY,273,12 Years,390,203,187,54,29,25,10,6,4,3,2,1,10,3,7,313,163,150
KLEBERG COUNTY,273,13 Years,404,210,194,55,28,27,27,13,14,4,3,1,5,2,3,313,164,149
KLEBERG COUNTY,273,14 Years,411,215,196,60,32,28,22,9,13,3,2,1,3,2,1,323,170,153
KLEBERG COUNTY,273,15 Years,392,200,192,59,30,29,12,6,6,2,1,1,3,2,1,316,161,155
KLEBERG COUNTY,273,16 Years,384,198,186,49,24,25,14,9,5,3,2,1,4,3,1,314,160,154
KLEBERG COUNTY,273,17 Years,385,203,182,47,23,24,12,8,4,3,2,1,5,3,2,318,167,151
KLEBERG COUNTY,273,18 Years,399,204,195,46,26,20,11,7,4,12,1,11,6,4,2,324,166,158
KLEBERG COUNTY,273,19 Years,485,249,236,60,35,25,18,11,7,11,2,9,4,3,1,392,198,194
KLEBERG COUNTY,273,20 Years,470,221,249,58,31,27,15,10,5,11,4,7,2,1,1,384,175,209
KLEBERG COUNTY,273,21 Years,673,329,344,94,52,42,31,20,11,15,6,9,5,2,3,528,249,279
KLEBERG COUNTY,273,22 Years,990,541,449,181,109,72,60,41,19,23,15,8,9,7,2,717,369,348
KLEBERG COUNTY,273,23 Years,1052,538,514,147,92,55,84,49,35,28,21,7,5,4,1,788,372,416
KLEBERG COUNTY,273,24 Years,1121,567,554,147,86,61,75,48,27,58,44,14,20,4,16,821,385,436
KLEBERG COUNTY,273,25 Years,1070,549,521,146,79,67,48,26,22,95,79,16,22,5,17,759,360,399
KLEBERG COUNTY,273,26 Years,1032,544,488,142,79,63,59,39,20,146,117,29,22,3,19,663,306,357
KLEBERG COUNTY,273,27 Years,884,479,405,140,70,70,55,40,15,134,107,27,11,3,8,544,259,285
KLEBERG COUNTY,273,28 Years,715,410,305,158,94,64,53,39,14,40,32,8,3,2,1,461,243,218
KLEBERG COUNTY,273,29 Years,550,323,227,143,92,51,29,20,9,7,6,1,6,4,2,365,201,164
KLEBERG COUNTY,273,30 Years,437,251,186,108,71,37,11,8,3,7,3,4,6,4,2,305,165,140
KLEBERG COUNTY,273,31 Years,291,138,153,57,30,27,7,4,3,6,0,6,5,4,1,216,100,116
KLEBERG COUNTY,273,32 Years,260,109,151,47,13,34,11,7,4,2,0,2,2,1,1,198,88,110
KLEBERG COUNTY,273,33 Years,251,126,125,44,13,31,15,12,3,6,4,2,1,0,1,185,97,88
KLEBERG COUNTY,273,34 Years,237,115,122,37,14,23,12,7,5,4,2,2,4,2,2,180,90,90
KLEBERG COUNTY,273,35 Years,241,122,119,49,28,21,12,7,5,3,2,1,1,0,1,176,85,91
KLEBERG COUNTY,273,36 Years,286,163,123,66,42,24,7,4,3,3,3,0,2,1,1,208,113,95
KLEBERG COUNTY,273,37 Years,345,202,143,70,43,27,9,5,4,4,0,4,6,4,2,256,150,106
KLEBERG COUNTY,273,38 Years,325,171,154,57,27,30,10,5,5,4,1,3,4,3,1,250,135,115
KLEBERG COUNTY,273,39 Years,333,173,160,53,27,26,9,4,5,6,4,2,3,2,1,262,136,126
KLEBERG COUNTY,273,40 Years,318,167,151,52,26,26,12,9,3,5,4,1,2,1,1,247,127,120
KLEBERG COUNTY,273,41 Years,317,167,150,43,25,18,9,7,2,5,2,3,3,2,1,257,131,126
KLEBERG COUNTY,273,42 Years,321,170,151,55,34,21,6,4,2,7,4,3,3,2,1,250,126,124
KLEBERG COUNTY,273,43 Years,288,152,136,60,36,24,8,5,3,5,3,2,2,1,1,213,107,106
KLEBERG COUNTY,273,44 Years,271,126,145,58,30,28,5,3,2,4,1,3,4,1,3,200,91,109
KLEBERG COUNTY,273,45 Years,264,126,138,51,29,22,6,3,3,3,1,2,3,0,3,201,93,108
KLEBERG COUNTY,273,46 Years,245,123,122,46,23,23,7,3,4,3,2,1,1,1,0,188,94,94
KLEBERG COUNTY,273,47 Years,272,145,127,53,28,25,9,5,4,2,1,1,4,2,2,204,109,95
KLEBERG COUNTY,273,48 Years,265,137,128,52,29,23,7,4,3,3,1,2,4,3,1,199,100,99
KLEBERG COUNTY,273,49 Years,260,130,130,50,25,25,6,3,3,5,2,3,4,3,1,195,97,98
KLEBERG COUNTY,273,50 Years,270,138,132,52,28,24,5,2,3,4,1,3,5,3,2,204,104,100
KLEBERG COUNTY,273,51 Years,276,150,126,56,30,26,8,5,3,4,1,3,3,2,1,205,112,93
KLEBERG COUNTY,273,52 Years,271,132,139,57,29,28,8,4,4,3,0,3,2,1,1,201,98,103
KLEBERG COUNTY,273,53 Years,259,125,134,53,27,26,7,2,5,4,2,2,0,0,0,195,94,101
KLEBERG COUNTY,273,54 Years,258,127,131,52,26,26,9,2,7,4,1,3,1,1,0,192,97,95
KLEBERG COUNTY,273,55 Years,232,116,116,46,25,21,10,4,6,4,2,2,1,1,0,171,84,87
KLEBERG COUNTY,273,56 Years,236,117,119,50,24,26,10,5,5,5,2,3,1,1,0,170,85,85
KLEBERG COUNTY,273,57 Years,258,119,139,54,26,28,9,5,4,4,2,2,2,2,0,189,84,105
KLEBERG COUNTY,273,58 Years,258,127,131,54,30,24,10,4,6,3,2,1,2,2,0,189,89,100
KLEBERG COUNTY,273,59 Years,266,128,138,59,31,28,10,5,5,5,4,1,3,1,2,189,87,102
KLEBERG COUNTY,273,60 Years,244,118,126,61,31,30,11,6,5,4,3,1,2,1,1,166,77,89
KLEBERG COUNTY,273,61 Years,234,118,116,64,35,29,6,3,3,3,2,1,2,2,0,159,76,83
KLEBERG COUNTY,273,62 Years,238,127,111,65,37,28,6,5,1,3,1,2,3,2,1,161,82,79
KLEBERG COUNTY,273,63 Years,211,104,107,56,26,30,7,4,3,3,1,2,3,2,1,142,71,71
KLEBERG COUNTY,273,64 Years,217,112,105,62,34,28,8,3,5,5,3,2,3,3,0,139,69,70
KLEBERG COUNTY,273,65 Years,228,114,114,58,31,27,8,4,4,7,3,4,1,1,0,154,75,79
KLEBERG COUNTY,273,66 Years,229,108,121,59,27,32,7,3,4,3,0,3,4,2,2,156,76,80
KLEBERG COUNTY,273,67 Years,241,110,131,62,28,34,9,5,4,2,0,2,5,1,4,163,76,87
KLEBERG COUNTY,273,68 Years,233,104,129,53,22,31,8,3,5,3,0,3,4,1,3,165,78,87
KLEBERG COUNTY,273,69 Years,206,102,104,49,23,26,6,4,2,3,0,3,2,1,1,146,74,72
KLEBERG COUNTY,273,70 Years,201,100,101,53,26,27,6,4,2,1,0,1,3,1,2,138,69,69
KLEBERG COUNTY,273,71 Years,194,90,104,47,24,23,5,3,2,3,0,3,2,1,1,137,62,75
KLEBERG COUNTY,273,72 Years,194,92,102,54,29,25,7,3,4,3,2,1,1,0,1,129,58,71
KLEBERG COUNTY,273,73 Years,198,95,103,59,31,28,6,4,2,4,2,2,1,1,0,128,57,71
KLEBERG COUNTY,273,74 Years,188,80,108,51,24,27,2,1,1,4,1,3,1,0,1,130,54,76
KLEBERG COUNTY,273,75 Years,189,84,105,51,24,27,3,3,0,3,0,3,2,1,1,130,56,74
KLEBERG COUNTY,273,76 Years,176,81,95,52,27,25,4,2,2,3,1,2,1,1,0,116,50,66
KLEBERG COUNTY,273,77 Years,172,83,89,49,23,26,6,4,2,3,2,1,1,1,0,113,53,60
KLEBERG COUNTY,273,78 Years,164,72,92,50,19,31,7,5,2,3,2,1,0,0,0,104,46,58
KLEBERG COUNTY,273,79 Years,148,60,88,47,19,28,5,2,3,2,1,1,0,0,0,94,38,56
KLEBERG COUNTY,273,80 Years,133,58,75,46,20,26,4,2,2,3,2,1,0,0,0,80,34,46
KLEBERG COUNTY,273,81 Years,110,51,59,38,20,18,3,1,2,2,1,1,0,0,0,67,29,38
KLEBERG COUNTY,273,82 Years,106,43,63,34,17,17,4,1,3,2,0,2,0,0,0,66,25,41
KLEBERG COUNTY,273,83 Years,113,43,70,42,18,24,2,1,1,2,1,1,1,0,1,66,23,43
KLEBERG COUNTY,273,84 Years,97,36,61,34,15,19,5,3,2,1,0,1,1,1,0,56,17,39
KLEBERG COUNTY,273,85 Years,87,35,52,30,13,17,4,2,2,1,0,1,1,1,0,51,19,32
KLEBERG COUNTY,273,86 Years,79,30,49,27,12,15,3,2,1,1,0,1,0,0,0,48,16,32
KLEBERG COUNTY,273,87 Years,71,26,45,23,11,12,1,0,1,0,0,0,2,1,1,45,14,31
KLEBERG COUNTY,273,88 Years,54,21,33,16,8,8,1,1,0,0,0,0,0,0,0,37,12,25
KLEBERG COUNTY,273,89 Years,46,19,27,15,7,8,0,0,0,0,0,0,0,0,0,31,12,19
KLEBERG COUNTY,273,90 Years,36,15,21,13,6,7,1,1,0,0,0,0,0,0,0,22,8,14
KLEBERG COUNTY,273,91 Years,36,13,23,13,5,8,1,1,0,0,0,0,0,0,0,22,7,15
KLEBERG COUNTY,273,92 Years,27,8,19,10,3,7,0,0,0,0,0,0,0,0,0,17,5,12
KLEBERG COUNTY,273,93 Years,22,7,15,9,3,6,0,0,0,1,0,1,0,0,0,12,4,8
KLEBERG COUNTY,273,94 Years,16,6,10,6,2,4,0,0,0,0,0,0,0,0,0,10,4,6
KLEBERG COUNTY,273,95 Years +,59,18,41,15,5,10,1,1,0,2,0,2,2,0,2,39,12,27
KNOX COUNTY,275,All Ages,3242,1618,1624,1818,911,907,187,93,94,4,2,2,48,28,20,1185,584,601
KNOX COUNTY,275,< 1 Year,55,27,28,18,9,9,2,1,1,0,0,0,2,1,1,33,16,17
KNOX COUNTY,275,1 Years,40,21,19,17,9,8,2,1,1,0,0,0,1,1,0,20,10,10
KNOX COUNTY,275,2 Years,41,21,20,17,9,8,2,1,1,0,0,0,1,1,0,21,10,11
KNOX COUNTY,275,3 Years,46,27,19,22,15,7,2,1,1,0,0,0,2,1,1,20,10,10
KNOX COUNTY,275,4 Years,44,25,19,22,14,8,2,1,1,0,0,0,3,1,2,17,9,8
KNOX COUNTY,275,5 Years,46,27,19,22,14,8,3,2,1,0,0,0,1,1,0,20,10,10
KNOX COUNTY,275,6 Years,43,23,20,21,12,9,2,1,1,0,0,0,1,1,0,19,9,10
KNOX COUNTY,275,7 Years,48,26,22,21,12,9,1,0,1,0,0,0,1,1,0,25,13,12
KNOX COUNTY,275,8 Years,49,27,22,21,14,7,2,1,1,0,0,0,1,1,0,25,11,14
KNOX COUNTY,275,9 Years,52,27,25,23,14,9,2,1,1,0,0,0,1,1,0,26,11,15
KNOX COUNTY,275,10 Years,48,23,25,22,12,10,1,0,1,0,0,0,1,1,0,24,10,14
KNOX COUNTY,275,11 Years,47,25,22,21,12,9,1,0,1,0,0,0,1,1,0,24,12,12
KNOX COUNTY,275,12 Years,56,25,31,25,11,14,2,1,1,0,0,0,4,1,3,25,12,13
KNOX COUNTY,275,13 Years,53,30,23,20,8,12,0,0,0,0,0,0,2,0,2,31,22,9
KNOX COUNTY,275,14 Years,52,27,25,20,7,13,0,0,0,0,0,0,2,1,1,30,19,11
KNOX COUNTY,275,15 Years,49,21,28,22,8,14,1,1,0,0,0,0,0,0,0,26,12,14
KNOX COUNTY,275,16 Years,42,16,26,15,8,7,1,1,0,0,0,0,1,0,1,25,7,18
KNOX COUNTY,275,17 Years,49,20,29,20,11,9,4,1,3,0,0,0,1,0,1,24,8,16
KNOX COUNTY,275,18 Years,41,18,23,21,9,12,2,1,1,0,0,0,0,0,0,18,8,10
KNOX COUNTY,275,19 Years,36,15,21,14,6,8,1,1,0,0,0,0,0,0,0,21,8,13
KNOX COUNTY,275,20 Years,39,18,21,19,10,9,2,1,1,0,0,0,0,0,0,18,7,11
KNOX COUNTY,275,21 Years,42,27,15,20,13,7,4,2,2,0,0,0,1,1,0,17,11,6
KNOX COUNTY,275,22 Years,38,22,16,17,10,7,5,3,2,0,0,0,1,1,0,15,8,7
KNOX COUNTY,275,23 Years,32,16,16,17,9,8,4,2,2,0,0,0,1,0,1,10,5,5
KNOX COUNTY,275,24 Years,25,11,14,12,5,7,3,2,1,0,0,0,1,0,1,9,4,5
KNOX COUNTY,275,25 Years,24,13,11,9,4,5,2,1,1,0,0,0,1,1,0,12,7,5
KNOX COUNTY,275,26 Years,28,15,13,12,5,7,3,2,1,0,0,0,1,1,0,12,7,5
KNOX COUNTY,275,27 Years,30,16,14,14,7,7,4,2,2,0,0,0,1,1,0,11,6,5
KNOX COUNTY,275,28 Years,34,17,17,18,8,10,4,3,1,0,0,0,0,0,0,12,6,6
KNOX COUNTY,275,29 Years,39,21,18,19,10,9,3,3,0,0,0,0,1,1,0,16,7,9
KNOX COUNTY,275,30 Years,43,23,20,24,13,11,4,4,0,0,0,0,1,1,0,14,5,9
KNOX COUNTY,275,31 Years,34,15,19,17,8,9,4,3,1,0,0,0,0,0,0,13,4,9
KNOX COUNTY,275,32 Years,28,12,16,13,7,6,1,1,0,0,0,0,0,0,0,14,4,10
KNOX COUNTY,275,33 Years,30,14,16,14,8,6,2,2,0,0,0,0,2,0,2,12,4,8
KNOX COUNTY,275,34 Years,30,17,13,14,7,7,2,2,0,0,0,0,0,0,0,14,8,6
KNOX COUNTY,275,35 Years,37,19,18,22,10,12,2,2,0,0,0,0,0,0,0,13,7,6
KNOX COUNTY,275,36 Years,40,17,23,22,11,11,4,2,2,0,0,0,0,0,0,14,4,10
KNOX COUNTY,275,37 Years,43,21,22,24,13,11,4,2,2,0,0,0,0,0,0,15,6,9
KNOX COUNTY,275,38 Years,37,18,19,20,9,11,3,1,2,0,0,0,1,1,0,13,7,6
KNOX COUNTY,275,39 Years,38,17,21,19,9,10,3,1,2,0,0,0,0,0,0,16,7,9
KNOX COUNTY,275,40 Years,34,15,19,16,8,8,1,1,0,0,0,0,0,0,0,17,6,11
KNOX COUNTY,275,41 Years,36,18,18,18,9,9,1,0,1,0,0,0,1,1,0,16,8,8
KNOX COUNTY,275,42 Years,40,22,18,20,11,9,0,0,0,0,0,0,1,1,0,19,10,9
KNOX COUNTY,275,43 Years,31,15,16,17,7,10,2,1,1,0,0,0,0,0,0,12,7,5
KNOX COUNTY,275,44 Years,32,20,12,18,10,8,1,1,0,0,0,0,0,0,0,13,9,4
KNOX COUNTY,275,45 Years,35,22,13,22,13,9,2,2,0,0,0,0,0,0,0,11,7,4
KNOX COUNTY,275,46 Years,30,18,12,18,10,8,1,1,0,0,0,0,0,0,0,11,7,4
KNOX COUNTY,275,47 Years,35,19,16,18,10,8,2,1,1,0,0,0,0,0,0,15,8,7
KNOX COUNTY,275,48 Years,29,15,14,14,8,6,2,1,1,0,0,0,0,0,0,13,6,7
KNOX COUNTY,275,49 Years,27,13,14,16,8,8,3,1,2,0,0,0,0,0,0,8,4,4
KNOX COUNTY,275,50 Years,24,9,15,12,4,8,3,0,3,0,0,0,0,0,0,9,5,4
KNOX COUNTY,275,51 Years,33,12,21,15,5,10,2,1,1,1,0,1,1,1,0,14,5,9
KNOX COUNTY,275,52 Years,38,18,20,23,12,11,1,1,0,0,0,0,0,0,0,14,5,9
KNOX COUNTY,275,53 Years,34,19,15,21,12,9,2,1,1,0,0,0,0,0,0,11,6,5
KNOX COUNTY,275,54 Years,33,19,14,21,13,8,3,1,2,0,0,0,0,0,0,9,5,4
KNOX COUNTY,275,55 Years,33,18,15,19,11,8,2,1,1,0,0,0,1,1,0,11,5,6
KNOX COUNTY,275,56 Years,33,17,16,19,9,10,2,1,1,1,1,0,0,0,0,11,6,5
KNOX COUNTY,275,57 Years,39,22,17,24,13,11,3,2,1,0,0,0,0,0,0,12,7,5
KNOX COUNTY,275,58 Years,39,22,17,22,11,11,4,3,1,0,0,0,0,0,0,13,8,5
KNOX COUNTY,275,59 Years,35,19,16,21,10,11,4,3,1,0,0,0,0,0,0,10,6,4
KNOX COUNTY,275,60 Years,36,22,14,24,14,10,4,3,1,1,1,0,0,0,0,7,4,3
KNOX COUNTY,275,61 Years,42,25,17,31,19,12,3,2,1,0,0,0,0,0,0,8,4,4
KNOX COUNTY,275,62 Years,46,26,20,36,21,15,1,0,1,0,0,0,0,0,0,9,5,4
KNOX COUNTY,275,63 Years,55,27,28,37,20,17,3,0,3,0,0,0,0,0,0,15,7,8
KNOX COUNTY,275,64 Years,53,29,24,37,19,18,1,0,1,0,0,0,0,0,0,15,10,5
KNOX COUNTY,275,65 Years,48,26,22,33,17,16,2,0,2,0,0,0,0,0,0,13,9,4
KNOX COUNTY,275,66 Years,47,26,21,34,18,16,2,1,1,0,0,0,0,0,0,11,7,4
KNOX COUNTY,275,67 Years,46,25,21,34,18,16,1,0,1,0,0,0,0,0,0,11,7,4
KNOX COUNTY,275,68 Years,40,20,20,25,12,13,2,0,2,0,0,0,1,0,1,12,8,4
KNOX COUNTY,275,69 Years,32,16,16,19,9,10,2,0,2,0,0,0,2,0,2,9,7,2
KNOX COUNTY,275,70 Years,41,19,22,30,14,16,3,1,2,0,0,0,0,0,0,8,4,4
KNOX COUNTY,275,71 Years,33,17,16,25,13,12,3,1,2,0,0,0,0,0,0,5,3,2
KNOX COUNTY,275,72 Years,33,14,19,22,9,13,4,1,3,0,0,0,1,1,0,6,3,3
KNOX COUNTY,275,73 Years,27,13,14,20,10,10,2,1,1,0,0,0,0,0,0,5,2,3
KNOX COUNTY,275,74 Years,29,13,16,17,7,10,4,1,3,0,0,0,0,0,0,8,5,3
KNOX COUNTY,275,75 Years,31,14,17,22,11,11,2,0,2,1,0,1,0,0,0,6,3,3
KNOX COUNTY,275,76 Years,29,15,14,21,12,9,1,0,1,0,0,0,0,0,0,7,3,4
KNOX COUNTY,275,77 Years,28,13,15,21,10,11,2,0,2,0,0,0,1,1,0,4,2,2
KNOX COUNTY,275,78 Years,31,12,19,23,10,13,3,0,3,0,0,0,0,0,0,5,2,3
KNOX COUNTY,275,79 Years,25,9,16,19,8,11,1,0,1,0,0,0,1,0,1,4,1,3
KNOX COUNTY,275,80 Years,19,9,10,17,8,9,0,0,0,0,0,0,0,0,0,2,1,1
KNOX COUNTY,275,81 Years,17,9,8,16,9,7,0,0,0,0,0,0,0,0,0,1,0,1
KNOX COUNTY,275,82 Years,18,7,11,14,6,8,0,0,0,0,0,0,0,0,0,4,1,3
KNOX COUNTY,275,83 Years,17,7,10,14,6,8,1,0,1,0,0,0,0,0,0,2,1,1
KNOX COUNTY,275,84 Years,17,6,11,15,5,10,0,0,0,0,0,0,0,0,0,2,1,1
KNOX COUNTY,275,85 Years,18,7,11,15,5,10,1,1,0,0,0,0,0,0,0,2,1,1
KNOX COUNTY,275,86 Years,18,5,13,15,4,11,2,1,1,0,0,0,0,0,0,1,0,1
KNOX COUNTY,275,87 Years,14,4,10,12,3,9,0,0,0,0,0,0,0,0,0,2,1,1
KNOX COUNTY,275,88 Years,10,2,8,9,2,7,0,0,0,0,0,0,0,0,0,1,0,1
KNOX COUNTY,275,89 Years,7,1,6,6,1,5,0,0,0,0,0,0,0,0,0,1,0,1
KNOX COUNTY,275,90 Years,6,1,5,6,1,5,0,0,0,0,0,0,0,0,0,0,0,0
KNOX COUNTY,275,91 Years,6,1,5,5,1,4,0,0,0,0,0,0,0,0,0,1,0,1
KNOX COUNTY,275,92 Years,5,2,3,4,2,2,0,0,0,0,0,0,0,0,0,1,0,1
KNOX COUNTY,275,93 Years,6,1,5,5,1,4,0,0,0,0,0,0,0,0,0,1,0,1
KNOX COUNTY,275,94 Years,4,1,3,4,1,3,0,0,0,0,0,0,0,0,0,0,0,0
KNOX COUNTY,275,95 Years +,10,2,8,7,1,6,0,0,0,0,0,0,0,0,0,3,1,2
LAMAR COUNTY,277,All Ages,50722,24454,26268,36751,17702,19049,6527,3043,3484,357,153,204,2529,1208,1321,4558,2348,2210
LAMAR COUNTY,277,< 1 Year,662,338,324,393,201,192,84,43,41,6,3,3,58,29,29,121,62,59
LAMAR COUNTY,277,1 Years,650,332,318,385,197,188,87,44,43,6,4,2,46,23,23,126,64,62
LAMAR COUNTY,277,2 Years,658,336,322,393,201,192,87,44,43,5,3,2,47,23,24,126,65,61
LAMAR COUNTY,277,3 Years,645,340,305,377,197,180,85,44,41,2,2,0,77,41,36,104,56,48
LAMAR COUNTY,277,4 Years,645,344,301,377,199,178,84,44,40,3,2,1,84,45,39,97,54,43
LAMAR COUNTY,277,5 Years,665,347,318,396,207,189,86,45,41,3,2,1,75,39,36,105,54,51
LAMAR COUNTY,277,6 Years,688,350,338,422,217,205,91,46,45,3,0,3,66,34,32,106,53,53
LAMAR COUNTY,277,7 Years,722,362,360,450,228,222,103,51,52,4,1,3,58,29,29,107,53,54
LAMAR COUNTY,277,8 Years,726,364,362,443,219,224,107,54,53,5,2,3,71,37,34,100,52,48
LAMAR COUNTY,277,9 Years,716,357,359,427,210,217,105,53,52,5,2,3,79,39,40,100,53,47
LAMAR COUNTY,277,10 Years,701,360,341,416,208,208,97,50,47,5,3,2,85,45,40,98,54,44
LAMAR COUNTY,277,11 Years,693,362,331,416,210,206,100,54,46,3,2,1,75,41,34,99,55,44
LAMAR COUNTY,277,12 Years,663,335,328,408,209,199,95,49,46,3,0,3,64,31,33,93,46,47
LAMAR COUNTY,277,13 Years,656,331,325,399,200,199,101,57,44,3,2,1,57,28,29,96,44,52
LAMAR COUNTY,277,14 Years,659,344,315,401,201,200,101,63,38,3,3,0,52,29,23,102,48,54
LAMAR COUNTY,277,15 Years,641,332,309,393,205,188,100,59,41,3,1,2,53,28,25,92,39,53
LAMAR COUNTY,277,16 Years,622,317,305,388,201,187,91,51,40,4,1,3,42,23,19,97,41,56
LAMAR COUNTY,277,17 Years,633,319,314,407,208,199,84,41,43,5,1,4,40,19,21,97,50,47
LAMAR COUNTY,277,18 Years,630,315,315,405,207,198,89,44,45,4,1,3,40,18,22,92,45,47
LAMAR COUNTY,277,19 Years,620,308,312,403,202,201,85,40,45,4,2,2,37,17,20,91,47,44
LAMAR COUNTY,277,20 Years,587,291,296,382,195,187,86,38,48,7,3,4,33,14,19,79,41,38
LAMAR COUNTY,277,21 Years,595,311,284,391,210,181,82,40,42,6,4,2,30,13,17,86,44,42
LAMAR COUNTY,277,22 Years,580,295,285,379,194,185,80,42,38,3,2,1,32,16,16,86,41,45
LAMAR COUNTY,277,23 Years,577,283,294,378,187,191,81,37,44,6,4,2,33,16,17,79,39,40
LAMAR COUNTY,277,24 Years,576,280,296,376,184,192,88,38,50,8,3,5,26,13,13,78,42,36
LAMAR COUNTY,277,25 Years,595,292,303,393,198,195,96,43,53,8,3,5,28,13,15,70,35,35
LAMAR COUNTY,277,26 Years,625,309,316,422,211,211,89,44,45,6,2,4,38,17,21,70,35,35
LAMAR COUNTY,277,27 Years,633,311,322,432,209,223,94,49,45,2,0,2,33,15,18,72,38,34
LAMAR COUNTY,277,28 Years,589,289,300,400,189,211,88,48,40,4,2,2,33,14,19,64,36,28
LAMAR COUNTY,277,29 Years,575,300,275,394,205,189,90,49,41,6,2,4,29,14,15,56,30,26
LAMAR COUNTY,277,30 Years,629,325,304,439,231,208,103,57,46,6,1,5,30,12,18,51,24,27
LAMAR COUNTY,277,31 Years,694,327,367,479,234,245,114,56,58,5,2,3,35,10,25,61,25,36
LAMAR COUNTY,277,32 Years,728,340,388,503,236,267,121,59,62,4,1,3,38,14,24,62,30,32
LAMAR COUNTY,277,33 Years,657,313,344,474,226,248,101,47,54,2,0,2,29,13,16,51,27,24
LAMAR COUNTY,277,34 Years,605,298,307,438,220,218,86,40,46,4,1,3,25,9,16,52,28,24
LAMAR COUNTY,277,35 Years,577,292,285,417,210,207,72,34,38,5,2,3,23,10,13,60,36,24
LAMAR COUNTY,277,36 Years,553,280,273,390,194,196,77,39,38,6,3,3,20,10,10,60,34,26
LAMAR COUNTY,277,37 Years,531,269,262,375,190,185,77,37,40,4,2,2,17,9,8,58,31,27
LAMAR COUNTY,277,38 Years,535,261,274,391,196,195,73,32,41,1,0,1,22,11,11,48,22,26
LAMAR COUNTY,277,39 Years,553,254,299,405,190,215,74,30,44,3,2,1,26,11,15,45,21,24
LAMAR COUNTY,277,40 Years,534,239,295,395,179,216,69,28,41,3,0,3,22,9,13,45,23,22
LAMAR COUNTY,277,41 Years,521,246,275,389,182,207,58,22,36,6,4,2,24,13,11,44,25,19
LAMAR COUNTY,277,42 Years,536,254,282,395,189,206,63,24,39,7,5,2,21,10,11,50,26,24
LAMAR COUNTY,277,43 Years,530,254,276,387,183,204,70,33,37,8,7,1,16,9,7,49,22,27
LAMAR COUNTY,277,44 Years,506,242,264,362,171,191,66,30,36,10,5,5,14,8,6,54,28,26
LAMAR COUNTY,277,45 Years,513,252,261,362,179,183,67,29,38,7,1,6,18,11,7,59,32,27
LAMAR COUNTY,277,46 Years,516,253,263,376,191,185,65,31,34,4,0,4,19,9,10,52,22,30
LAMAR COUNTY,277,47 Years,541,264,277,391,194,197,73,34,39,5,2,3,17,7,10,55,27,28
LAMAR COUNTY,277,48 Years,529,255,274,394,185,209,68,32,36,4,2,2,16,10,6,47,26,21
LAMAR COUNTY,277,49 Years,523,245,278,381,174,207,70,30,40,4,1,3,19,11,8,49,29,20
LAMAR COUNTY,277,50 Years,557,263,294,412,194,218,78,30,48,5,2,3,17,11,6,45,26,19
LAMAR COUNTY,277,51 Years,608,283,325,463,215,248,83,33,50,5,2,3,17,9,8,40,24,16
LAMAR COUNTY,277,52 Years,655,302,353,504,234,270,82,34,48,6,2,4,20,8,12,43,24,19
LAMAR COUNTY,277,53 Years,671,307,364,512,235,277,90,37,53,5,2,3,19,6,13,45,27,18
LAMAR COUNTY,277,54 Years,655,306,349,492,233,259,95,40,55,6,3,3,17,5,12,45,25,20
LAMAR COUNTY,277,55 Years,636,297,339,480,226,254,93,40,53,3,1,2,23,8,15,37,22,15
LAMAR COUNTY,277,56 Years,614,288,326,472,221,251,87,40,47,6,3,3,20,7,13,29,17,12
LAMAR COUNTY,277,57 Years,640,309,331,499,247,252,89,43,46,5,2,3,18,6,12,29,11,18
LAMAR COUNTY,277,58 Years,679,334,345,545,275,270,90,38,52,7,4,3,14,7,7,23,10,13
LAMAR COUNTY,277,59 Years,684,333,351,556,275,281,85,38,47,5,2,3,16,6,10,22,12,10
LAMAR COUNTY,277,60 Years,678,331,347,555,272,283,75,33,42,3,1,2,21,9,12,24,16,8
LAMAR COUNTY,277,61 Years,654,319,335,534,262,272,76,35,41,3,1,2,16,8,8,25,13,12
LAMAR COUNTY,277,62 Years,674,323,351,546,262,284,81,38,43,3,0,3,21,11,10,23,12,11
LAMAR COUNTY,277,63 Years,631,297,334,501,238,263,80,33,47,3,1,2,21,11,10,26,14,12
LAMAR COUNTY,277,64 Years,655,310,345,527,252,275,76,30,46,5,2,3,22,11,11,25,15,10
LAMAR COUNTY,277,65 Years,655,299,356,531,245,286,76,29,47,7,2,5,22,11,11,19,12,7
LAMAR COUNTY,277,66 Years,630,296,334,521,246,275,72,30,42,4,2,2,19,8,11,14,10,4
LAMAR COUNTY,277,67 Years,625,298,327,509,245,264,76,33,43,3,1,2,21,8,13,16,11,5
LAMAR COUNTY,277,68 Years,565,273,292,449,225,224,81,32,49,2,1,1,16,6,10,17,9,8
LAMAR COUNTY,277,69 Years,536,259,277,434,216,218,68,28,40,4,1,3,17,6,11,13,8,5
LAMAR COUNTY,277,70 Years,542,250,292,449,208,241,63,26,37,3,1,2,13,5,8,14,10,4
LAMAR COUNTY,277,71 Years,547,256,291,454,216,238,65,26,39,2,1,1,14,6,8,12,7,5
LAMAR COUNTY,277,72 Years,554,262,292,464,220,244,54,25,29,2,1,1,18,7,11,16,9,7
LAMAR COUNTY,277,73 Years,574,257,317,492,223,269,42,17,25,3,1,2,22,8,14,15,8,7
LAMAR COUNTY,277,74 Years,511,228,283,443,198,245,36,14,22,3,2,1,17,7,10,12,7,5
LAMAR COUNTY,277,75 Years,503,229,274,441,202,239,34,15,19,4,3,1,13,4,9,11,5,6
LAMAR COUNTY,277,76 Years,445,202,243,390,177,213,29,13,16,3,2,1,12,5,7,11,5,6
LAMAR COUNTY,277,77 Years,416,183,233,371,167,204,28,9,19,2,1,1,8,4,4,7,2,5
LAMAR COUNTY,277,78 Years,412,178,234,360,160,200,33,10,23,2,0,2,9,6,3,8,2,6
LAMAR COUNTY,277,79 Years,388,173,215,342,157,185,30,9,21,1,0,1,8,5,3,7,2,5
LAMAR COUNTY,277,80 Years,345,162,183,308,146,162,23,8,15,0,0,0,7,4,3,7,4,3
LAMAR COUNTY,277,81 Years,304,133,171,274,119,155,20,9,11,0,0,0,6,3,3,4,2,2
LAMAR COUNTY,277,82 Years,273,111,162,249,101,148,15,6,9,1,0,1,3,2,1,5,2,3
LAMAR COUNTY,277,83 Years,233,90,143,211,84,127,15,4,11,1,0,1,3,1,2,3,1,2
LAMAR COUNTY,277,84 Years,215,85,130,196,79,117,13,4,9,2,0,2,2,1,1,2,1,1
LAMAR COUNTY,277,85 Years,192,73,119,173,68,105,12,3,9,1,0,1,3,1,2,3,1,2
LAMAR COUNTY,277,86 Years,158,58,100,144,54,90,10,3,7,0,0,0,3,1,2,1,0,1
LAMAR COUNTY,277,87 Years,148,54,94,133,49,84,10,3,7,0,0,0,3,1,2,2,1,1
LAMAR COUNTY,277,88 Years,136,48,88,121,43,78,8,2,6,1,1,0,2,1,1,4,1,3
LAMAR COUNTY,277,89 Years,116,38,78,101,33,68,10,2,8,0,0,0,2,1,1,3,2,1
LAMAR COUNTY,277,90 Years,99,32,67,88,28,60,9,3,6,0,0,0,1,0,1,1,1,0
LAMAR COUNTY,277,91 Years,84,26,58,74,22,52,6,2,4,1,1,0,2,0,2,1,1,0
LAMAR COUNTY,277,92 Years,68,22,46,60,19,41,4,1,3,1,1,0,2,1,1,1,0,1
LAMAR COUNTY,277,93 Years,53,16,37,47,14,33,4,1,3,0,0,0,2,1,1,0,0,0
LAMAR COUNTY,277,94 Years,42,12,30,36,10,26,4,1,3,0,0,0,2,1,1,0,0,0
LAMAR COUNTY,277,95 Years +,124,32,92,99,24,75,14,5,9,1,0,1,3,1,2,7,2,5
LAMB COUNTY,279,All Ages,12670,6257,6413,4633,2266,2367,578,289,289,15,6,9,279,127,152,7165,3569,3596
LAMB COUNTY,279,< 1 Year,165,83,82,45,23,22,6,3,3,0,0,0,6,3,3,108,54,54
LAMB COUNTY,279,1 Years,167,86,81,43,22,21,6,3,3,0,0,0,5,3,2,113,58,55
LAMB COUNTY,279,2 Years,170,87,83,45,23,22,6,3,3,0,0,0,5,3,2,114,58,56
LAMB COUNTY,279,3 Years,181,82,99,55,23,32,5,2,3,0,0,0,7,4,3,114,53,61
LAMB COUNTY,279,4 Years,179,84,95,52,22,30,7,3,4,1,1,0,7,4,3,112,54,58
LAMB COUNTY,279,5 Years,186,94,92,53,26,27,7,3,4,1,0,1,5,2,3,120,63,57
LAMB COUNTY,279,6 Years,190,103,87,50,29,21,8,4,4,2,1,1,6,3,3,124,66,58
LAMB COUNTY,279,7 Years,193,102,91,50,30,20,8,5,3,1,0,1,6,3,3,128,64,64
LAMB COUNTY,279,8 Years,198,97,101,46,24,22,12,6,6,0,0,0,7,3,4,133,64,69
LAMB COUNTY,279,9 Years,191,91,100,44,22,22,14,5,9,0,0,0,6,2,4,127,62,65
LAMB COUNTY,279,10 Years,194,95,99,47,22,25,12,5,7,0,0,0,6,3,3,129,65,64
LAMB COUNTY,279,11 Years,198,94,104,49,23,26,10,4,6,0,0,0,4,1,3,135,66,69
LAMB COUNTY,279,12 Years,215,109,106,51,30,21,10,4,6,0,0,0,3,1,2,151,74,77
LAMB COUNTY,279,13 Years,210,111,99,54,31,23,6,2,4,1,1,0,4,2,2,145,75,70
LAMB COUNTY,279,14 Years,196,106,90,51,26,25,7,4,3,1,1,0,3,2,1,134,73,61
LAMB COUNTY,279,15 Years,206,108,98,58,30,28,8,5,3,0,0,0,4,2,2,136,71,65
LAMB COUNTY,279,16 Years,205,107,98,55,27,28,8,7,1,0,0,0,5,3,2,137,70,67
LAMB COUNTY,279,17 Years,197,101,96,50,25,25,8,7,1,0,0,0,4,2,2,135,67,68
LAMB COUNTY,279,18 Years,193,94,99,45,22,23,7,4,3,0,0,0,5,4,1,136,64,72
LAMB COUNTY,279,19 Years,185,97,88,41,21,20,7,4,3,0,0,0,5,4,1,132,68,64
LAMB COUNTY,279,20 Years,181,96,85,43,24,19,8,5,3,0,0,0,3,1,2,127,66,61
LAMB COUNTY,279,21 Years,168,85,83,44,24,20,7,4,3,0,0,0,3,0,3,114,57,57
LAMB COUNTY,279,22 Years,160,81,79,46,23,23,5,3,2,0,0,0,4,1,3,105,54,51
LAMB COUNTY,279,23 Years,147,80,67,41,19,22,6,3,3,0,0,0,8,5,3,92,53,39
LAMB COUNTY,279,24 Years,141,80,61,40,22,18,8,4,4,0,0,0,6,4,2,87,50,37
LAMB COUNTY,279,25 Years,143,83,60,44,28,16,7,4,3,0,0,0,6,3,3,86,48,38
LAMB COUNTY,279,26 Years,142,83,59,47,29,18,6,4,2,0,0,0,2,1,1,87,49,38
LAMB COUNTY,279,27 Years,151,83,68,49,26,23,5,4,1,0,0,0,2,0,2,95,53,42
LAMB COUNTY,279,28 Years,140,73,67,46,24,22,7,3,4,0,0,0,3,2,1,84,44,40
LAMB COUNTY,279,29 Years,135,69,66,45,23,22,7,3,4,0,0,0,3,2,1,80,41,39
LAMB COUNTY,279,30 Years,138,68,70,45,21,24,7,3,4,0,0,0,4,2,2,82,42,40
LAMB COUNTY,279,31 Years,128,67,61,40,19,21,5,2,3,1,0,1,4,3,1,78,43,35
LAMB COUNTY,279,32 Years,133,68,65,39,19,20,4,2,2,1,0,1,4,3,1,85,44,41
LAMB COUNTY,279,33 Years,152,78,74,48,24,24,3,1,2,0,0,0,7,1,6,94,52,42
LAMB COUNTY,279,34 Years,159,80,79,51,25,26,5,3,2,0,0,0,4,0,4,99,52,47
LAMB COUNTY,279,35 Years,147,72,75,38,19,19,4,2,2,0,0,0,5,1,4,100,50,50
LAMB COUNTY,279,36 Years,139,73,66,39,21,18,5,2,3,0,0,0,2,1,1,93,49,44
LAMB COUNTY,279,37 Years,134,61,73,39,19,20,6,3,3,2,2,0,1,1,0,86,36,50
LAMB COUNTY,279,38 Years,132,59,73,42,23,19,6,3,3,0,0,0,1,1,0,83,32,51
LAMB COUNTY,279,39 Years,145,67,78,57,28,29,5,2,3,0,0,0,1,1,0,82,36,46
LAMB COUNTY,279,40 Years,137,68,69,48,23,25,6,4,2,0,0,0,2,2,0,81,39,42
LAMB COUNTY,279,41 Years,133,67,66,42,20,22,7,4,3,0,0,0,2,1,1,82,42,40
LAMB COUNTY,279,42 Years,144,68,76,46,20,26,6,3,3,0,0,0,3,0,3,89,45,44
LAMB COUNTY,279,43 Years,153,68,85,51,21,30,9,5,4,0,0,0,2,0,2,91,42,49
LAMB COUNTY,279,44 Years,151,66,85,48,20,28,10,5,5,0,0,0,2,0,2,91,41,50
LAMB COUNTY,279,45 Years,151,76,75,56,29,27,6,3,3,0,0,0,3,1,2,86,43,43
LAMB COUNTY,279,46 Years,138,70,68,52,26,26,6,2,4,0,0,0,4,2,2,76,40,36
LAMB COUNTY,279,47 Years,137,65,72,45,21,24,7,3,4,0,0,0,3,1,2,82,40,42
LAMB COUNTY,279,48 Years,127,58,69,46,19,27,5,2,3,0,0,0,3,2,1,73,35,38
LAMB COUNTY,279,49 Years,126,62,64,52,23,29,3,1,2,0,0,0,1,1,0,70,37,33
LAMB COUNTY,279,50 Years,113,55,58,44,22,22,2,1,1,0,0,0,0,0,0,67,32,35
LAMB COUNTY,279,51 Years,121,56,65,46,21,25,2,0,2,0,0,0,2,0,2,71,35,36
LAMB COUNTY,279,52 Years,143,75,68,51,25,26,3,1,2,0,0,0,2,1,1,87,48,39
LAMB COUNTY,279,53 Years,148,76,72,45,22,23,6,4,2,0,0,0,2,1,1,95,49,46
LAMB COUNTY,279,54 Years,148,76,72,44,21,23,5,3,2,0,0,0,3,1,2,96,51,45
LAMB COUNTY,279,55 Years,146,76,70,53,26,27,6,3,3,0,0,0,3,1,2,84,46,38
LAMB COUNTY,279,56 Years,142,74,68,52,27,25,5,3,2,0,0,0,0,0,0,85,44,41
LAMB COUNTY,279,57 Years,136,59,77,48,20,28,6,2,4,0,0,0,1,0,1,81,37,44
LAMB COUNTY,279,58 Years,154,73,81,57,28,29,9,5,4,1,0,1,3,0,3,84,40,44
LAMB COUNTY,279,59 Years,161,74,87,70,32,38,14,6,8,1,0,1,1,0,1,75,36,39
LAMB COUNTY,279,60 Years,157,76,81,67,31,36,14,5,9,0,0,0,1,1,0,75,39,36
LAMB COUNTY,279,61 Years,151,73,78,72,39,33,12,3,9,0,0,0,2,1,1,65,30,35
LAMB COUNTY,279,62 Years,146,67,79,78,41,37,9,4,5,0,0,0,4,1,3,55,21,34
LAMB COUNTY,279,63 Years,148,68,80,78,38,40,15,11,4,0,0,0,3,1,2,52,18,34
LAMB COUNTY,279,64 Years,152,72,80,78,39,39,15,8,7,1,0,1,4,1,3,54,24,30
LAMB COUNTY,279,65 Years,150,76,74,81,41,40,13,8,5,1,0,1,4,1,3,51,26,25
LAMB COUNTY,279,66 Years,156,80,76,81,41,40,9,7,2,0,0,0,5,2,3,61,30,31
LAMB COUNTY,279,67 Years,146,69,77,80,40,40,5,3,2,0,0,0,4,1,3,57,25,32
LAMB COUNTY,279,68 Years,143,71,72,81,40,41,5,2,3,0,0,0,3,2,1,54,27,27
LAMB COUNTY,279,69 Years,136,67,69,77,39,38,5,3,2,0,0,0,4,1,3,50,24,26
LAMB COUNTY,279,70 Years,127,62,65,76,37,39,5,2,3,0,0,0,2,0,2,44,23,21
LAMB COUNTY,279,71 Years,114,60,54,68,36,32,4,2,2,0,0,0,1,1,0,41,21,20
LAMB COUNTY,279,72 Years,107,51,56,62,30,32,3,1,2,0,0,0,1,1,0,41,19,22
LAMB COUNTY,279,73 Years,102,48,54,58,27,31,6,5,1,0,0,0,0,0,0,38,16,22
LAMB COUNTY,279,74 Years,92,42,50,49,22,27,7,5,2,0,0,0,0,0,0,36,15,21
LAMB COUNTY,279,75 Years,90,45,45,50,27,23,5,3,2,0,0,0,1,0,1,34,15,19
LAMB COUNTY,279,76 Years,93,43,50,47,25,22,8,4,4,0,0,0,1,0,1,37,14,23
LAMB COUNTY,279,77 Years,86,41,45,45,21,24,5,2,3,0,0,0,2,2,0,34,16,18
LAMB COUNTY,279,78 Years,84,40,44,47,21,26,2,1,1,0,0,0,4,3,1,31,15,16
LAMB COUNTY,279,79 Years,78,35,43,44,20,24,4,1,3,0,0,0,2,1,1,28,13,15
LAMB COUNTY,279,80 Years,76,32,44,46,18,28,3,0,3,0,0,0,2,2,0,25,12,13
LAMB COUNTY,279,81 Years,70,28,42,44,17,27,3,1,2,0,0,0,3,2,1,20,8,12
LAMB COUNTY,279,82 Years,62,26,36,41,18,23,2,0,2,0,0,0,1,0,1,18,8,10
LAMB COUNTY,279,83 Years,55,26,29,37,19,18,2,0,2,0,0,0,2,1,1,14,6,8
LAMB COUNTY,279,84 Years,54,26,28,37,17,20,3,2,1,0,0,0,0,0,0,14,7,7
LAMB COUNTY,279,85 Years,46,21,25,31,13,18,2,1,1,0,0,0,0,0,0,13,7,6
LAMB COUNTY,279,86 Years,46,21,25,31,14,17,2,1,1,0,0,0,0,0,0,13,6,7
LAMB COUNTY,279,87 Years,47,22,25,35,17,18,0,0,0,0,0,0,1,0,1,11,5,6
LAMB COUNTY,279,88 Years,40,14,26,30,11,19,0,0,0,0,0,0,1,0,1,9,3,6
LAMB COUNTY,279,89 Years,31,10,21,22,8,14,0,0,0,0,0,0,1,0,1,8,2,6
LAMB COUNTY,279,90 Years,28,8,20,20,6,14,1,0,1,0,0,0,1,0,1,6,2,4
LAMB COUNTY,279,91 Years,26,9,17,19,6,13,1,0,1,0,0,0,0,0,0,6,3,3
LAMB COUNTY,279,92 Years,23,6,17,16,5,11,2,0,2,0,0,0,0,0,0,5,1,4
LAMB COUNTY,279,93 Years,18,6,12,12,4,8,1,0,1,0,0,0,1,1,0,4,1,3
LAMB COUNTY,279,94 Years,13,6,7,9,4,5,1,0,1,0,0,0,0,0,0,3,2,1
LAMB COUNTY,279,95 Years +,34,11,23,21,7,14,3,1,2,0,0,0,0,0,0,10,3,7
LAMPASAS COUNTY,281,All Ages,23233,11419,11814,16198,7873,8325,730,402,328,256,100,156,1004,482,522,5045,2562,2483
LAMPASAS COUNTY,281,< 1 Year,228,115,113,121,63,58,8,4,4,2,0,2,17,8,9,80,40,40
LAMPASAS COUNTY,281,1 Years,220,112,108,115,59,56,8,4,4,2,1,1,15,8,7,80,40,40
LAMPASAS COUNTY,281,2 Years,221,113,108,118,61,57,7,4,3,2,1,1,14,7,7,80,40,40
LAMPASAS COUNTY,281,3 Years,237,133,104,127,72,55,7,4,3,2,1,1,16,10,6,85,46,39
LAMPASAS COUNTY,281,4 Years,241,129,112,132,74,58,6,2,4,2,1,1,17,10,7,84,42,42
LAMPASAS COUNTY,281,5 Years,247,127,120,136,75,61,7,3,4,2,1,1,20,11,9,82,37,45
LAMPASAS COUNTY,281,6 Years,253,127,126,143,74,69,4,2,2,2,1,1,21,12,9,83,38,45
LAMPASAS COUNTY,281,7 Years,268,133,135,148,77,71,4,2,2,2,1,1,25,10,15,89,43,46
LAMPASAS COUNTY,281,8 Years,272,134,138,153,76,77,9,6,3,3,2,1,21,10,11,86,40,46
LAMPASAS COUNTY,281,9 Years,276,129,147,160,77,83,10,5,5,3,1,2,23,9,14,80,37,43
LAMPASAS COUNTY,281,10 Years,271,124,147,159,76,83,9,2,7,2,1,1,20,7,13,81,38,43
LAMPASAS COUNTY,281,11 Years,268,123,145,155,74,81,7,1,6,2,1,1,18,8,10,86,39,47
LAMPASAS COUNTY,281,12 Years,278,139,139,156,80,76,7,4,3,1,1,0,20,7,13,94,47,47
LAMPASAS COUNTY,281,13 Years,301,155,146,184,95,89,10,5,5,3,2,1,19,8,11,85,45,40
LAMPASAS COUNTY,281,14 Years,307,157,150,188,94,94,10,3,7,3,3,0,23,10,13,83,47,36
LAMPASAS COUNTY,281,15 Years,326,158,168,206,99,107,9,5,4,2,2,0,25,11,14,84,41,43
LAMPASAS COUNTY,281,16 Years,313,148,165,190,90,100,5,3,2,2,1,1,18,8,10,98,46,52
LAMPASAS COUNTY,281,17 Years,319,157,162,201,99,102,10,6,4,2,1,1,18,9,9,88,42,46
LAMPASAS COUNTY,281,18 Years,300,154,146,198,105,93,12,8,4,2,2,0,15,6,9,73,33,40
LAMPASAS COUNTY,281,19 Years,304,162,142,189,98,91,12,6,6,1,1,0,15,9,6,87,48,39
LAMPASAS COUNTY,281,20 Years,287,150,137,172,89,83,10,5,5,0,0,0,18,10,8,87,46,41
LAMPASAS COUNTY,281,21 Years,253,123,130,159,81,78,4,1,3,1,0,1,16,8,8,73,33,40
LAMPASAS COUNTY,281,22 Years,243,125,118,147,74,73,8,4,4,3,1,2,17,7,10,68,39,29
LAMPASAS COUNTY,281,23 Years,219,123,96,127,69,58,7,5,2,5,4,1,14,7,7,66,38,28
LAMPASAS COUNTY,281,24 Years,207,113,94,126,70,56,7,4,3,3,1,2,10,5,5,61,33,28
LAMPASAS COUNTY,281,25 Years,231,116,115,142,68,74,5,3,2,3,1,2,13,8,5,68,36,32
LAMPASAS COUNTY,281,26 Years,251,133,118,153,79,74,8,3,5,6,4,2,11,8,3,73,39,34
LAMPASAS COUNTY,281,27 Years,272,136,136,170,84,86,12,4,8,3,1,2,12,7,5,75,40,35
LAMPASAS COUNTY,281,28 Years,236,126,110,149,81,68,8,5,3,3,1,2,14,9,5,62,30,32
LAMPASAS COUNTY,281,29 Years,220,109,111,141,71,70,9,6,3,0,0,0,14,8,6,56,24,32
LAMPASAS COUNTY,281,30 Years,230,119,111,143,72,71,5,3,2,4,2,2,16,9,7,62,33,29
LAMPASAS COUNTY,281,31 Years,235,122,113,140,71,69,5,4,1,4,1,3,15,9,6,71,37,34
LAMPASAS COUNTY,281,32 Years,215,110,105,141,71,70,5,3,2,1,0,1,6,4,2,62,32,30
LAMPASAS COUNTY,281,33 Years,222,111,111,152,70,82,8,4,4,0,0,0,4,3,1,58,34,24
LAMPASAS COUNTY,281,34 Years,234,123,111,153,73,80,7,5,2,2,2,0,6,3,3,66,40,26
LAMPASAS COUNTY,281,35 Years,244,126,118,153,77,76,8,6,2,2,1,1,13,5,8,68,37,31
LAMPASAS COUNTY,281,36 Years,254,141,113,160,83,77,7,5,2,2,2,0,12,5,7,73,46,27
LAMPASAS COUNTY,281,37 Years,238,115,123,165,74,91,7,4,3,1,0,1,8,3,5,57,34,23
LAMPASAS COUNTY,281,38 Years,256,119,137,171,74,97,12,6,6,2,1,1,8,3,5,63,35,28
LAMPASAS COUNTY,281,39 Years,269,137,132,178,87,91,7,4,3,2,1,1,8,3,5,74,42,32
LAMPASAS COUNTY,281,40 Years,293,145,148,204,102,102,8,4,4,1,0,1,6,3,3,74,36,38
LAMPASAS COUNTY,281,41 Years,280,135,145,210,100,110,9,5,4,1,0,1,5,3,2,55,27,28
LAMPASAS COUNTY,281,42 Years,280,136,144,203,98,105,7,5,2,2,1,1,13,9,4,55,23,32
LAMPASAS COUNTY,281,43 Years,273,133,140,188,91,97,5,5,0,3,2,1,14,7,7,63,28,35
LAMPASAS COUNTY,281,44 Years,286,134,152,190,90,100,11,3,8,2,0,2,12,5,7,71,36,35
LAMPASAS COUNTY,281,45 Years,281,139,142,190,94,96,9,3,6,1,0,1,11,6,5,70,36,34
LAMPASAS COUNTY,281,46 Years,268,133,135,183,90,93,9,5,4,3,0,3,12,8,4,61,30,31
LAMPASAS COUNTY,281,47 Years,274,128,146,182,86,96,13,7,6,4,1,3,14,8,6,61,26,35
LAMPASAS COUNTY,281,48 Years,286,142,144,203,95,108,12,8,4,3,1,2,12,6,6,56,32,24
LAMPASAS COUNTY,281,49 Years,286,142,144,208,100,108,11,8,3,4,1,3,9,5,4,54,28,26
LAMPASAS COUNTY,281,50 Years,278,139,139,197,94,103,12,8,4,3,1,2,9,5,4,57,31,26
LAMPASAS COUNTY,281,51 Years,288,136,152,206,95,111,16,9,7,4,0,4,9,4,5,53,28,25
LAMPASAS COUNTY,281,52 Years,312,146,166,232,109,123,14,8,6,4,1,3,8,5,3,54,23,31
LAMPASAS COUNTY,281,53 Years,307,150,157,232,116,116,9,6,3,4,2,2,7,2,5,55,24,31
LAMPASAS COUNTY,281,54 Years,281,145,136,208,108,100,10,7,3,2,1,1,8,3,5,53,26,27
LAMPASAS COUNTY,281,55 Years,283,137,146,216,106,110,9,6,3,1,0,1,10,4,6,47,21,26
LAMPASAS COUNTY,281,56 Years,295,138,157,222,100,122,15,11,4,2,0,2,8,5,3,48,22,26
LAMPASAS COUNTY,281,57 Years,334,169,165,257,126,131,15,11,4,2,0,2,6,4,2,54,28,26
LAMPASAS COUNTY,281,58 Years,387,199,188,298,153,145,19,12,7,2,0,2,7,2,5,61,32,29
LAMPASAS COUNTY,281,59 Years,371,185,186,278,135,143,14,10,4,6,5,1,10,3,7,63,32,31
LAMPASAS COUNTY,281,60 Years,388,204,184,273,134,139,15,9,6,5,4,1,12,5,7,83,52,31
LAMPASAS COUNTY,281,61 Years,391,201,190,300,146,154,14,8,6,5,3,2,9,4,5,63,40,23
LAMPASAS COUNTY,281,62 Years,355,179,176,281,138,143,12,6,6,6,4,2,7,4,3,49,27,22
LAMPASAS COUNTY,281,63 Years,341,165,176,269,129,140,11,5,6,8,3,5,10,5,5,43,23,20
LAMPASAS COUNTY,281,64 Years,332,164,168,263,127,136,13,6,7,8,3,5,9,5,4,39,23,16
LAMPASAS COUNTY,281,65 Years,325,174,151,255,136,119,11,5,6,4,2,2,12,5,7,43,26,17
LAMPASAS COUNTY,281,66 Years,330,168,162,256,124,132,12,6,6,5,3,2,13,6,7,44,29,15
LAMPASAS COUNTY,281,67 Years,335,157,178,262,123,139,13,6,7,8,2,6,12,4,8,40,22,18
LAMPASAS COUNTY,281,68 Years,309,131,178,252,107,145,7,3,4,4,1,3,9,4,5,37,16,21
LAMPASAS COUNTY,281,69 Years,308,133,175,249,110,139,9,6,3,6,1,5,6,2,4,38,14,24
LAMPASAS COUNTY,281,70 Years,293,129,164,234,105,129,10,6,4,4,1,3,8,0,8,37,17,20
LAMPASAS COUNTY,281,71 Years,281,115,166,220,93,127,6,3,3,8,2,6,11,4,7,36,13,23
LAMPASAS COUNTY,281,72 Years,286,125,161,232,105,127,6,2,4,7,0,7,11,6,5,30,12,18
LAMPASAS COUNTY,281,73 Years,272,119,153,224,97,127,7,2,5,3,0,3,12,8,4,26,12,14
LAMPASAS COUNTY,281,74 Years,277,126,151,227,106,121,6,3,3,4,1,3,10,5,5,30,11,19
LAMPASAS COUNTY,281,75 Years,259,122,137,216,104,112,5,2,3,5,1,4,5,2,3,28,13,15
LAMPASAS COUNTY,281,76 Years,210,106,104,180,90,90,4,3,1,4,1,3,2,0,2,20,12,8
LAMPASAS COUNTY,281,77 Years,194,95,99,160,79,81,5,3,2,3,1,2,7,3,4,19,9,10
LAMPASAS COUNTY,281,78 Years,183,86,97,157,75,82,4,2,2,4,1,3,6,3,3,12,5,7
LAMPASAS COUNTY,281,79 Years,178,78,100,154,71,83,5,2,3,2,0,2,6,0,6,11,5,6
LAMPASAS COUNTY,281,80 Years,162,73,89,138,62,76,5,3,2,2,0,2,3,0,3,14,8,6
LAMPASAS COUNTY,281,81 Years,139,63,76,120,53,67,3,1,2,2,1,1,1,1,0,13,7,6
LAMPASAS COUNTY,281,82 Years,119,58,61,102,48,54,2,2,0,1,0,1,0,0,0,14,8,6
LAMPASAS COUNTY,281,83 Years,113,56,57,95,47,48,1,1,0,3,1,2,2,2,0,12,5,7
LAMPASAS COUNTY,281,84 Years,95,41,54,81,36,45,2,1,1,1,0,1,5,2,3,6,2,4
LAMPASAS COUNTY,281,85 Years,84,39,45,74,35,39,2,1,1,0,0,0,3,1,2,5,2,3
LAMPASAS COUNTY,281,86 Years,86,38,48,72,33,39,2,1,1,0,0,0,1,0,1,11,4,7
LAMPASAS COUNTY,281,87 Years,76,33,43,63,29,34,1,0,1,1,0,1,2,1,1,9,3,6
LAMPASAS COUNTY,281,88 Years,51,20,31,44,17,27,0,0,0,0,0,0,2,1,1,5,2,3
LAMPASAS COUNTY,281,89 Years,43,17,26,37,15,22,0,0,0,0,0,0,0,0,0,6,2,4
LAMPASAS COUNTY,281,90 Years,42,18,24,36,16,20,0,0,0,0,0,0,0,0,0,6,2,4
LAMPASAS COUNTY,281,91 Years,34,18,16,29,15,14,0,0,0,0,0,0,0,0,0,5,3,2
LAMPASAS COUNTY,281,92 Years,30,14,16,26,12,14,0,0,0,0,0,0,1,0,1,3,2,1
LAMPASAS COUNTY,281,93 Years,27,11,16,23,10,13,0,0,0,0,0,0,1,0,1,3,1,2
LAMPASAS COUNTY,281,94 Years,21,7,14,18,7,11,0,0,0,0,0,0,0,0,0,3,0,3
LAMPASAS COUNTY,281,95 Years +,55,19,36,48,15,33,0,0,0,0,0,0,1,0,1,6,4,2
LA SALLE COUNTY,283,All Ages,6617,3913,2704,719,368,351,4,4,0,0,0,0,41,25,16,5853,3516,2337
LA SALLE COUNTY,283,< 1 Year,58,29,29,6,3,3,0,0,0,0,0,0,1,0,1,51,26,25
LA SALLE COUNTY,283,1 Years,77,40,37,8,4,4,0,0,0,0,0,0,1,1,0,68,35,33
LA SALLE COUNTY,283,2 Years,77,39,38,8,4,4,0,0,0,0,0,0,1,0,1,68,35,33
LA SALLE COUNTY,283,3 Years,74,37,37,9,5,4,0,0,0,0,0,0,0,0,0,65,32,33
LA SALLE COUNTY,283,4 Years,71,35,36,7,4,3,0,0,0,0,0,0,0,0,0,64,31,33
LA SALLE COUNTY,283,5 Years,69,34,35,7,4,3,0,0,0,0,0,0,0,0,0,62,30,32
LA SALLE COUNTY,283,6 Years,72,34,38,8,2,6,0,0,0,0,0,0,2,0,2,62,32,30
LA SALLE COUNTY,283,7 Years,72,37,35,9,3,6,0,0,0,0,0,0,0,0,0,63,34,29
LA SALLE COUNTY,283,8 Years,74,44,30,9,5,4,0,0,0,0,0,0,0,0,0,65,39,26
LA SALLE COUNTY,283,9 Years,70,42,28,7,5,2,0,0,0,0,0,0,0,0,0,63,37,26
LA SALLE COUNTY,283,10 Years,66,38,28,5,3,2,0,0,0,0,0,0,0,0,0,61,35,26
LA SALLE COUNTY,283,11 Years,67,39,28,6,3,3,0,0,0,0,0,0,0,0,0,61,36,25
LA SALLE COUNTY,283,12 Years,62,34,28,6,4,2,1,1,0,0,0,0,0,0,0,55,29,26
LA SALLE COUNTY,283,13 Years,69,28,41,6,3,3,0,0,0,0,0,0,1,0,1,62,25,37
LA SALLE COUNTY,283,14 Years,70,34,36,8,4,4,0,0,0,0,0,0,0,0,0,62,30,32
LA SALLE COUNTY,283,15 Years,69,41,28,7,4,3,0,0,0,0,0,0,0,0,0,62,37,25
LA SALLE COUNTY,283,16 Years,67,34,33,8,3,5,0,0,0,0,0,0,1,0,1,58,31,27
LA SALLE COUNTY,283,17 Years,72,43,29,9,5,4,0,0,0,0,0,0,0,0,0,63,38,25
LA SALLE COUNTY,283,18 Years,74,48,26,8,5,3,0,0,0,0,0,0,0,0,0,66,43,23
LA SALLE COUNTY,283,19 Years,90,59,31,6,5,1,0,0,0,0,0,0,1,0,1,83,54,29
LA SALLE COUNTY,283,20 Years,125,77,48,4,2,2,0,0,0,0,0,0,1,0,1,120,75,45
LA SALLE COUNTY,283,21 Years,177,138,39,9,8,1,0,0,0,0,0,0,2,1,1,166,129,37
LA SALLE COUNTY,283,22 Years,140,100,40,8,5,3,0,0,0,0,0,0,2,1,1,130,94,36
LA SALLE COUNTY,283,23 Years,251,214,37,8,6,2,0,0,0,0,0,0,3,3,0,240,205,35
LA SALLE COUNTY,283,24 Years,235,199,36,5,2,3,0,0,0,0,0,0,2,2,0,228,195,33
LA SALLE COUNTY,283,25 Years,166,133,33,7,4,3,0,0,0,0,0,0,3,3,0,156,126,30
LA SALLE COUNTY,283,26 Years,140,116,24,7,6,1,0,0,0,0,0,0,1,1,0,132,109,23
LA SALLE COUNTY,283,27 Years,141,108,33,6,4,2,0,0,0,0,0,0,1,1,0,134,103,31
LA SALLE COUNTY,283,28 Years,98,64,34,6,3,3,0,0,0,0,0,0,0,0,0,92,61,31
LA SALLE COUNTY,283,29 Years,152,120,32,9,6,3,0,0,0,0,0,0,1,1,0,142,113,29
LA SALLE COUNTY,283,30 Years,89,51,38,8,4,4,0,0,0,0,0,0,0,0,0,81,47,34
LA SALLE COUNTY,283,31 Years,110,76,34,11,4,7,0,0,0,0,0,0,1,1,0,98,71,27
LA SALLE COUNTY,283,32 Years,85,52,33,6,3,3,0,0,0,0,0,0,0,0,0,79,49,30
LA SALLE COUNTY,283,33 Years,82,47,35,9,7,2,0,0,0,0,0,0,0,0,0,73,40,33
LA SALLE COUNTY,283,34 Years,63,29,34,12,5,7,0,0,0,0,0,0,1,1,0,50,23,27
LA SALLE COUNTY,283,35 Years,73,36,37,8,4,4,0,0,0,0,0,0,1,0,1,64,32,32
LA SALLE COUNTY,283,36 Years,83,45,38,8,4,4,0,0,0,0,0,0,1,0,1,74,41,33
LA SALLE COUNTY,283,37 Years,93,55,38,12,4,8,0,0,0,0,0,0,2,2,0,79,49,30
LA SALLE COUNTY,283,38 Years,110,69,41,13,7,6,0,0,0,0,0,0,1,1,0,96,61,35
LA SALLE COUNTY,283,39 Years,95,56,39,8,4,4,0,0,0,0,0,0,0,0,0,87,52,35
LA SALLE COUNTY,283,40 Years,91,50,41,6,2,4,0,0,0,0,0,0,0,0,0,85,48,37
LA SALLE COUNTY,283,41 Years,93,57,36,5,2,3,0,0,0,0,0,0,2,2,0,86,53,33
LA SALLE COUNTY,283,42 Years,81,44,37,5,1,4,0,0,0,0,0,0,0,0,0,76,43,33
LA SALLE COUNTY,283,43 Years,116,76,40,8,4,4,0,0,0,0,0,0,0,0,0,108,72,36
LA SALLE COUNTY,283,44 Years,113,71,42,11,6,5,0,0,0,0,0,0,0,0,0,102,65,37
LA SALLE COUNTY,283,45 Years,99,59,40,7,3,4,0,0,0,0,0,0,0,0,0,92,56,36
LA SALLE COUNTY,283,46 Years,76,43,33,4,3,1,0,0,0,0,0,0,0,0,0,72,40,32
LA SALLE COUNTY,283,47 Years,68,39,29,10,6,4,0,0,0,0,0,0,0,0,0,58,33,25
LA SALLE COUNTY,283,48 Years,54,24,30,9,4,5,0,0,0,0,0,0,0,0,0,45,20,25
LA SALLE COUNTY,283,49 Years,61,36,25,8,5,3,0,0,0,0,0,0,0,0,0,53,31,22
LA SALLE COUNTY,283,50 Years,65,42,23,6,4,2,0,0,0,0,0,0,0,0,0,59,38,21
LA SALLE COUNTY,283,51 Years,69,36,33,9,6,3,0,0,0,0,0,0,0,0,0,60,30,30
LA SALLE COUNTY,283,52 Years,72,33,39,11,6,5,0,0,0,0,0,0,0,0,0,61,27,34
LA SALLE COUNTY,283,53 Years,68,34,34,8,4,4,0,0,0,0,0,0,0,0,0,60,30,30
LA SALLE COUNTY,283,54 Years,66,27,39,8,5,3,0,0,0,0,0,0,1,0,1,57,22,35
LA SALLE COUNTY,283,55 Years,71,32,39,7,5,2,0,0,0,0,0,0,1,0,1,63,27,36
LA SALLE COUNTY,283,56 Years,64,32,32,8,6,2,0,0,0,0,0,0,0,0,0,56,26,30
LA SALLE COUNTY,283,57 Years,59,31,28,6,4,2,1,1,0,0,0,0,0,0,0,52,26,26
LA SALLE COUNTY,283,58 Years,56,29,27,7,3,4,0,0,0,0,0,0,0,0,0,49,26,23
LA SALLE COUNTY,283,59 Years,67,39,28,10,4,6,0,0,0,0,0,0,0,0,0,57,35,22
LA SALLE COUNTY,283,60 Years,58,30,28,10,3,7,0,0,0,0,0,0,0,0,0,48,27,21
LA SALLE COUNTY,283,61 Years,55,24,31,12,6,6,0,0,0,0,0,0,0,0,0,43,18,25
LA SALLE COUNTY,283,62 Years,51,23,28,9,4,5,0,0,0,0,0,0,0,0,0,42,19,23
LA SALLE COUNTY,283,63 Years,60,35,25,10,6,4,1,1,0,0,0,0,0,0,0,49,28,21
LA SALLE COUNTY,283,64 Years,60,27,33,8,5,3,0,0,0,0,0,0,1,0,1,51,22,29
LA SALLE COUNTY,283,65 Years,50,20,30,6,3,3,0,0,0,0,0,0,0,0,0,44,17,27
LA SALLE COUNTY,283,66 Years,41,17,24,6,2,4,0,0,0,0,0,0,0,0,0,35,15,20
LA SALLE COUNTY,283,67 Years,47,18,29,8,4,4,0,0,0,0,0,0,0,0,0,39,14,25
LA SALLE COUNTY,283,68 Years,42,17,25,6,2,4,0,0,0,0,0,0,1,1,0,35,14,21
LA SALLE COUNTY,283,69 Years,45,21,24,5,2,3,0,0,0,0,0,0,1,1,0,39,18,21
LA SALLE COUNTY,283,70 Years,46,26,20,7,3,4,1,1,0,0,0,0,1,1,0,37,21,16
LA SALLE COUNTY,283,71 Years,46,21,25,8,3,5,0,0,0,0,0,0,0,0,0,38,18,20
LA SALLE COUNTY,283,72 Years,46,19,27,7,3,4,0,0,0,0,0,0,0,0,0,39,16,23
LA SALLE COUNTY,283,73 Years,41,21,20,9,5,4,0,0,0,0,0,0,0,0,0,32,16,16
LA SALLE COUNTY,283,74 Years,41,24,17,11,6,5,0,0,0,0,0,0,1,1,0,29,17,12
LA SALLE COUNTY,283,75 Years,47,24,23,12,7,5,0,0,0,0,0,0,0,0,0,35,17,18
LA SALLE COUNTY,283,76 Years,45,17,28,11,5,6,0,0,0,0,0,0,0,0,0,34,12,22
LA SALLE COUNTY,283,77 Years,43,17,26,12,5,7,0,0,0,0,0,0,0,0,0,31,12,19
LA SALLE COUNTY,283,78 Years,42,15,27,12,5,7,0,0,0,0,0,0,0,0,0,30,10,20
LA SALLE COUNTY,283,79 Years,36,14,22,11,4,7,0,0,0,0,0,0,1,0,1,24,10,14
LA SALLE COUNTY,283,80 Years,36,15,21,12,5,7,0,0,0,0,0,0,0,0,0,24,10,14
LA SALLE COUNTY,283,81 Years,29,12,17,8,4,4,0,0,0,0,0,0,0,0,0,21,8,13
LA SALLE COUNTY,283,82 Years,25,11,14,7,4,3,0,0,0,0,0,0,0,0,0,18,7,11
LA SALLE COUNTY,283,83 Years,22,10,12,6,3,3,0,0,0,0,0,0,0,0,0,16,7,9
LA SALLE COUNTY,283,84 Years,19,9,10,6,3,3,0,0,0,0,0,0,0,0,0,13,6,7
LA SALLE COUNTY,283,85 Years,17,9,8,5,3,2,0,0,0,0,0,0,0,0,0,12,6,6
LA SALLE COUNTY,283,86 Years,16,6,10,4,1,3,0,0,0,0,0,0,0,0,0,12,5,7
LA SALLE COUNTY,283,87 Years,15,5,10,4,2,2,0,0,0,0,0,0,0,0,0,11,3,8
LA SALLE COUNTY,283,88 Years,12,4,8,4,2,2,0,0,0,0,0,0,0,0,0,8,2,6
LA SALLE COUNTY,283,89 Years,10,3,7,4,1,3,0,0,0,0,0,0,0,0,0,6,2,4
LA SALLE COUNTY,283,90 Years,8,2,6,3,0,3,0,0,0,0,0,0,0,0,0,5,2,3
LA SALLE COUNTY,283,91 Years,6,2,4,2,1,1,0,0,0,0,0,0,0,0,0,4,1,3
LA SALLE COUNTY,283,92 Years,7,3,4,4,2,2,0,0,0,0,0,0,0,0,0,3,1,2
LA SALLE COUNTY,283,93 Years,4,1,3,2,1,1,0,0,0,0,0,0,0,0,0,2,0,2
LA SALLE COUNTY,283,94 Years,2,0,2,0,0,0,0,0,0,0,0,0,0,0,0,2,0,2
LA SALLE COUNTY,283,95 Years +,10,3,7,4,0,4,0,0,0,0,0,0,0,0,0,6,3,3
LAVACA COUNTY,285,All Ages,20274,9929,10345,14097,6855,7242,1405,664,741,64,27,37,296,158,138,4412,2225,2187
LAVACA COUNTY,285,< 1 Year,227,118,109,121,62,59,16,9,7,2,1,1,10,6,4,78,40,38
LAVACA COUNTY,285,1 Years,229,118,111,118,60,58,17,9,8,1,1,0,9,5,4,84,43,41
LAVACA COUNTY,285,2 Years,229,116,113,120,61,59,16,8,8,1,0,1,9,5,4,83,42,41
LAVACA COUNTY,285,3 Years,238,124,114,140,74,66,19,10,9,0,0,0,7,4,3,72,36,36
LAVACA COUNTY,285,4 Years,245,130,115,146,77,69,20,10,10,2,2,0,6,4,2,71,37,34
LAVACA COUNTY,285,5 Years,245,126,119,141,71,70,18,8,10,1,1,0,8,6,2,77,40,37
LAVACA COUNTY,285,6 Years,252,126,126,141,70,71,17,7,10,2,1,1,9,6,3,83,42,41
LAVACA COUNTY,285,7 Years,263,128,135,149,75,74,17,8,9,1,0,1,8,4,4,88,41,47
LAVACA COUNTY,285,8 Years,259,132,127,149,80,69,18,10,8,0,0,0,8,2,6,84,40,44
LAVACA COUNTY,285,9 Years,260,132,128,152,76,76,19,11,8,0,0,0,5,2,3,84,43,41
LAVACA COUNTY,285,10 Years,252,128,124,147,70,77,18,11,7,0,0,0,5,2,3,82,45,37
LAVACA COUNTY,285,11 Years,258,138,120,151,76,75,20,12,8,1,1,0,4,2,2,82,47,35
LAVACA COUNTY,285,12 Years,276,142,134,157,81,76,24,11,13,1,1,0,4,2,2,90,47,43
LAVACA COUNTY,285,13 Years,267,130,137,152,73,79,19,7,12,1,0,1,5,2,3,90,48,42
LAVACA COUNTY,285,14 Years,290,152,138,168,87,81,24,13,11,1,0,1,5,3,2,92,49,43
LAVACA COUNTY,285,15 Years,326,171,155,185,101,84,32,17,15,0,0,0,3,2,1,106,51,55
LAVACA COUNTY,285,16 Years,311,159,152,179,93,86,27,17,10,1,0,1,3,2,1,101,47,54
LAVACA COUNTY,285,17 Years,291,149,142,165,80,85,25,15,10,1,0,1,5,4,1,95,50,45
LAVACA COUNTY,285,18 Years,286,151,135,164,78,86,21,11,10,1,1,0,7,5,2,93,56,37
LAVACA COUNTY,285,19 Years,264,128,136,149,66,83,17,11,6,0,0,0,8,5,3,90,46,44
LAVACA COUNTY,285,20 Years,243,120,123,138,68,70,15,8,7,1,1,0,6,4,2,83,39,44
LAVACA COUNTY,285,21 Years,237,113,124,137,65,72,20,10,10,1,1,0,2,1,1,77,36,41
LAVACA COUNTY,285,22 Years,219,111,108,124,64,60,26,13,13,0,0,0,3,1,2,66,33,33
LAVACA COUNTY,285,23 Years,207,112,95,123,72,51,25,9,16,0,0,0,5,2,3,54,29,25
LAVACA COUNTY,285,24 Years,198,107,91,123,69,54,15,8,7,0,0,0,4,3,1,56,27,29
LAVACA COUNTY,285,25 Years,217,121,96,131,74,57,16,8,8,0,0,0,6,3,3,64,36,28
LAVACA COUNTY,285,26 Years,231,117,114,139,70,69,23,9,14,0,0,0,4,3,1,65,35,30
LAVACA COUNTY,285,27 Years,238,121,117,150,73,77,24,13,11,0,0,0,3,2,1,61,33,28
LAVACA COUNTY,285,28 Years,201,103,98,125,66,59,19,11,8,1,0,1,3,2,1,53,24,29
LAVACA COUNTY,285,29 Years,201,99,102,124,63,61,19,12,7,1,0,1,4,3,1,53,21,32
LAVACA COUNTY,285,30 Years,204,103,101,136,67,69,19,11,8,0,0,0,2,1,1,47,24,23
LAVACA COUNTY,285,31 Years,189,97,92,121,62,59,15,8,7,0,0,0,3,1,2,50,26,24
LAVACA COUNTY,285,32 Years,182,95,87,118,60,58,12,6,6,0,0,0,3,2,1,49,27,22
LAVACA COUNTY,285,33 Years,205,94,111,132,59,73,12,6,6,0,0,0,3,1,2,58,28,30
LAVACA COUNTY,285,34 Years,203,90,113,128,59,69,16,8,8,0,0,0,4,1,3,55,22,33
LAVACA COUNTY,285,35 Years,209,100,109,143,71,72,14,6,8,1,0,1,5,1,4,46,22,24
LAVACA COUNTY,285,36 Years,209,103,106,143,70,73,14,5,9,1,0,1,2,2,0,49,26,23
LAVACA COUNTY,285,37 Years,207,97,110,140,65,75,9,4,5,0,0,0,2,2,0,56,26,30
LAVACA COUNTY,285,38 Years,212,92,120,140,59,81,9,4,5,1,1,0,3,2,1,59,26,33
LAVACA COUNTY,285,39 Years,233,105,128,158,75,83,13,5,8,1,1,0,3,1,2,58,23,35
LAVACA COUNTY,285,40 Years,235,117,118,151,81,70,15,5,10,1,1,0,3,1,2,65,29,36
LAVACA COUNTY,285,41 Years,210,98,112,135,62,73,14,5,9,1,1,0,3,1,2,57,29,28
LAVACA COUNTY,285,42 Years,207,97,110,128,63,65,12,4,8,1,1,0,2,1,1,64,28,36
LAVACA COUNTY,285,43 Years,218,110,108,139,70,69,15,8,7,1,1,0,2,2,0,61,29,32
LAVACA COUNTY,285,44 Years,217,107,110,144,74,70,15,6,9,1,1,0,3,2,1,54,24,30
LAVACA COUNTY,285,45 Years,191,96,95,126,64,62,12,4,8,1,1,0,5,5,0,47,22,25
LAVACA COUNTY,285,46 Years,195,97,98,122,59,63,18,11,7,1,1,0,4,2,2,50,24,26
LAVACA COUNTY,285,47 Years,205,108,97,137,72,65,14,8,6,2,0,2,1,0,1,51,28,23
LAVACA COUNTY,285,48 Years,214,108,106,151,72,79,9,6,3,3,0,3,2,2,0,49,28,21
LAVACA COUNTY,285,49 Years,209,100,109,149,67,82,12,7,5,1,0,1,3,3,0,44,23,21
LAVACA COUNTY,285,50 Years,219,110,109,159,81,78,14,6,8,0,0,0,1,1,0,45,22,23
LAVACA COUNTY,285,51 Years,221,109,112,157,79,78,16,7,9,1,0,1,0,0,0,47,23,24
LAVACA COUNTY,285,52 Years,220,108,112,158,75,83,16,8,8,1,0,1,1,1,0,44,24,20
LAVACA COUNTY,285,53 Years,209,103,106,157,73,84,13,7,6,2,2,0,1,1,0,36,20,16
LAVACA COUNTY,285,54 Years,201,96,105,153,71,82,11,6,5,1,0,1,4,3,1,32,16,16
LAVACA COUNTY,285,55 Years,221,113,108,166,81,85,11,6,5,1,0,1,2,1,1,41,25,16
LAVACA COUNTY,285,56 Years,218,114,104,167,85,82,12,6,6,2,1,1,2,0,2,35,22,13
LAVACA COUNTY,285,57 Years,241,129,112,191,102,89,12,6,6,1,0,1,2,1,1,35,20,15
LAVACA COUNTY,285,58 Years,266,144,122,210,113,97,11,5,6,2,1,1,4,1,3,39,24,15
LAVACA COUNTY,285,59 Years,280,142,138,221,109,112,13,6,7,2,1,1,2,1,1,42,25,17
LAVACA COUNTY,285,60 Years,289,139,150,235,111,124,16,7,9,1,0,1,4,3,1,33,18,15
LAVACA COUNTY,285,61 Years,283,144,139,237,121,116,15,6,9,1,0,1,3,2,1,27,15,12
LAVACA COUNTY,285,62 Years,272,138,134,229,118,111,15,6,9,1,0,1,1,1,0,26,13,13
LAVACA COUNTY,285,63 Years,268,142,126,224,120,104,16,10,6,1,0,1,3,1,2,24,11,13
LAVACA COUNTY,285,64 Years,280,133,147,227,110,117,19,8,11,1,1,0,2,0,2,31,14,17
LAVACA COUNTY,285,65 Years,280,122,158,228,102,126,18,4,14,0,0,0,3,0,3,31,16,15
LAVACA COUNTY,285,66 Years,277,134,143,223,110,113,20,7,13,0,0,0,3,1,2,31,16,15
LAVACA COUNTY,285,67 Years,278,143,135,230,119,111,16,7,9,0,0,0,2,0,2,30,17,13
LAVACA COUNTY,285,68 Years,281,127,154,236,107,129,16,9,7,0,0,0,1,0,1,28,11,17
LAVACA COUNTY,285,69 Years,271,123,148,229,106,123,19,8,11,1,1,0,0,0,0,22,8,14
LAVACA COUNTY,285,70 Years,265,122,143,221,105,116,16,7,9,2,0,2,1,1,0,25,9,16
LAVACA COUNTY,285,71 Years,257,119,138,211,103,108,16,5,11,1,0,1,3,1,2,26,10,16
LAVACA COUNTY,285,72 Years,249,120,129,208,102,106,14,6,8,0,0,0,2,0,2,25,12,13
LAVACA COUNTY,285,73 Years,248,124,124,210,103,107,15,7,8,0,0,0,2,1,1,21,13,8
LAVACA COUNTY,285,74 Years,252,122,130,213,103,110,16,6,10,1,0,1,3,1,2,19,12,7
LAVACA COUNTY,285,75 Years,242,114,128,201,93,108,17,7,10,0,0,0,2,1,1,22,13,9
LAVACA COUNTY,285,76 Years,205,90,115,168,75,93,18,6,12,0,0,0,1,0,1,18,9,9
LAVACA COUNTY,285,77 Years,167,77,90,139,66,73,13,4,9,0,0,0,1,0,1,14,7,7
LAVACA COUNTY,285,78 Years,159,70,89,136,60,76,10,4,6,0,0,0,1,1,0,12,5,7
LAVACA COUNTY,285,79 Years,166,70,96,141,59,82,11,6,5,0,0,0,1,0,1,13,5,8
LAVACA COUNTY,285,80 Years,156,69,87,132,57,75,11,6,5,0,0,0,1,0,1,12,6,6
LAVACA COUNTY,285,81 Years,136,61,75,112,50,62,11,5,6,0,0,0,1,0,1,12,6,6
LAVACA COUNTY,285,82 Years,111,48,63,90,41,49,10,3,7,0,0,0,2,1,1,9,3,6
LAVACA COUNTY,285,83 Years,109,51,58,90,46,44,7,1,6,1,0,1,3,1,2,8,3,5
LAVACA COUNTY,285,84 Years,105,47,58,90,44,46,8,1,7,0,0,0,2,1,1,5,1,4
LAVACA COUNTY,285,85 Years,104,41,63,88,37,51,5,1,4,2,0,2,1,0,1,8,3,5
LAVACA COUNTY,285,86 Years,98,44,54,84,37,47,5,3,2,0,0,0,1,0,1,8,4,4
LAVACA COUNTY,285,87 Years,83,35,48,68,28,40,7,3,4,0,0,0,0,0,0,8,4,4
LAVACA COUNTY,285,88 Years,75,29,46,63,24,39,4,1,3,0,0,0,1,1,0,7,3,4
LAVACA COUNTY,285,89 Years,72,27,45,63,22,41,4,2,2,0,0,0,0,0,0,5,3,2
LAVACA COUNTY,285,90 Years,61,19,42,55,16,39,1,0,1,0,0,0,0,0,0,5,3,2
LAVACA COUNTY,285,91 Years,56,17,39,50,15,35,2,0,2,0,0,0,0,0,0,4,2,2
LAVACA COUNTY,285,92 Years,48,16,32,43,14,29,1,0,1,0,0,0,0,0,0,4,2,2
LAVACA COUNTY,285,93 Years,38,13,25,32,10,22,2,1,1,0,0,0,0,0,0,4,2,2
LAVACA COUNTY,285,94 Years,29,9,20,25,7,18,1,0,1,0,0,0,0,0,0,3,2,1
LAVACA COUNTY,285,95 Years +,94,26,68,78,19,59,6,1,5,0,0,0,0,0,0,10,6,4
LEE COUNTY,287,All Ages,18239,9206,9033,11002,5464,5538,1912,1036,876,60,26,34,394,183,211,4871,2497,2374
LEE COUNTY,287,< 1 Year,209,108,101,93,46,47,16,8,8,1,0,1,8,5,3,91,49,42
LEE COUNTY,287,1 Years,202,103,99,85,44,41,17,8,9,2,1,1,7,4,3,91,46,45
LEE COUNTY,287,2 Years,206,107,99,88,45,43,17,9,8,1,0,1,8,5,3,92,48,44
LEE COUNTY,287,3 Years,228,123,105,111,58,53,17,12,5,0,0,0,13,8,5,87,45,42
LEE COUNTY,287,4 Years,226,122,104,110,59,51,17,12,5,2,1,1,13,7,6,84,43,41
LEE COUNTY,287,5 Years,227,124,103,109,57,52,19,13,6,3,1,2,12,8,4,84,45,39
LEE COUNTY,287,6 Years,224,118,106,106,53,53,22,14,8,1,1,0,9,5,4,86,45,41
LEE COUNTY,287,7 Years,229,115,114,105,49,56,22,13,9,1,1,0,11,7,4,90,45,45
LEE COUNTY,287,8 Years,218,106,112,104,48,56,20,11,9,0,0,0,9,5,4,85,42,43
LEE COUNTY,287,9 Years,208,105,103,100,51,49,19,10,9,0,0,0,9,5,4,80,39,41
LEE COUNTY,287,10 Years,195,99,96,97,50,47,16,8,8,0,0,0,7,3,4,75,38,37
LEE COUNTY,287,11 Years,198,96,102,100,49,51,17,8,9,0,0,0,7,4,3,74,35,39
LEE COUNTY,287,12 Years,207,109,98,102,54,48,17,8,9,0,0,0,6,4,2,82,43,39
LEE COUNTY,287,13 Years,197,101,96,92,46,46,20,9,11,0,0,0,4,4,0,81,42,39
LEE COUNTY,287,14 Years,196,97,99,90,45,45,22,11,11,0,0,0,5,2,3,79,39,40
LEE COUNTY,287,15 Years,234,134,100,112,62,50,23,15,8,0,0,0,7,4,3,92,53,39
LEE COUNTY,287,16 Years,247,144,103,112,62,50,23,16,7,1,1,0,13,6,7,98,59,39
LEE COUNTY,287,17 Years,240,141,99,112,67,45,29,18,11,1,1,0,12,4,8,86,51,35
LEE COUNTY,287,18 Years,244,152,92,105,64,41,37,29,8,1,1,0,7,2,5,94,56,38
LEE COUNTY,287,19 Years,212,115,97,82,39,43,36,25,11,0,0,0,5,1,4,89,50,39
LEE COUNTY,287,20 Years,189,98,91,73,33,40,30,20,10,2,2,0,5,1,4,79,42,37
LEE COUNTY,287,21 Years,198,114,84,76,38,38,30,23,7,1,0,1,5,1,4,86,52,34
LEE COUNTY,287,22 Years,190,115,75,71,40,31,28,22,6,0,0,0,5,1,4,86,52,34
LEE COUNTY,287,23 Years,184,108,76,85,49,36,26,20,6,2,1,1,5,2,3,66,36,30
LEE COUNTY,287,24 Years,176,99,77,86,50,36,18,12,6,2,1,1,4,2,2,66,34,32
LEE COUNTY,287,25 Years,178,98,80,86,50,36,18,11,7,0,0,0,4,2,2,70,35,35
LEE COUNTY,287,26 Years,195,110,85,97,55,42,20,14,6,0,0,0,4,2,2,74,39,35
LEE COUNTY,287,27 Years,198,102,96,99,49,50,25,16,9,0,0,0,4,1,3,70,36,34
LEE COUNTY,287,28 Years,221,108,113,117,54,63,23,14,9,1,0,1,4,2,2,76,38,38
LEE COUNTY,287,29 Years,233,115,118,114,53,61,31,17,14,0,0,0,4,2,2,84,43,41
LEE COUNTY,287,30 Years,232,118,114,123,64,59,30,16,14,1,0,1,3,2,1,75,36,39
LEE COUNTY,287,31 Years,189,90,99,102,52,50,18,11,7,0,0,0,3,2,1,66,25,41
LEE COUNTY,287,32 Years,173,89,84,89,53,36,20,11,9,1,0,1,3,2,1,60,23,37
LEE COUNTY,287,33 Years,216,108,108,98,51,47,32,19,13,0,0,0,2,1,1,84,37,47
LEE COUNTY,287,34 Years,227,104,123,118,52,66,25,13,12,1,0,1,1,1,0,82,38,44
LEE COUNTY,287,35 Years,218,103,115,123,52,71,20,10,10,0,0,0,1,0,1,74,41,33
LEE COUNTY,287,36 Years,205,93,112,109,46,63,22,10,12,0,0,0,1,0,1,73,37,36
LEE COUNTY,287,37 Years,216,100,116,131,58,73,20,9,11,0,0,0,3,1,2,62,32,30
LEE COUNTY,287,38 Years,199,100,99,119,60,59,15,6,9,1,0,1,4,0,4,60,34,26
LEE COUNTY,287,39 Years,207,97,110,113,52,61,20,12,8,1,0,1,7,3,4,66,30,36
LEE COUNTY,287,40 Years,221,107,114,130,62,68,24,13,11,1,0,1,3,2,1,63,30,33
LEE COUNTY,287,41 Years,229,113,116,139,68,71,21,12,9,1,0,1,3,1,2,65,32,33
LEE COUNTY,287,42 Years,230,131,99,141,82,59,18,11,7,3,2,1,3,1,2,65,35,30
LEE COUNTY,287,43 Years,228,127,101,144,81,63,14,9,5,1,0,1,4,2,2,65,35,30
LEE COUNTY,287,44 Years,227,117,110,145,74,71,13,9,4,4,1,3,4,2,2,61,31,30
LEE COUNTY,287,45 Years,218,105,113,145,71,74,14,7,7,1,0,1,2,1,1,56,26,30
LEE COUNTY,287,46 Years,207,99,108,139,65,74,16,6,10,0,0,0,1,0,1,51,28,23
LEE COUNTY,287,47 Years,200,102,98,123,64,59,22,9,13,1,1,0,5,3,2,49,25,24
LEE COUNTY,287,48 Years,203,107,96,135,72,63,17,10,7,2,1,1,3,2,1,46,22,24
LEE COUNTY,287,49 Years,210,112,98,147,77,70,15,9,6,1,1,0,1,0,1,46,25,21
LEE COUNTY,287,50 Years,213,106,107,138,71,67,18,9,9,1,1,0,0,0,0,56,25,31
LEE COUNTY,287,51 Years,212,105,107,140,72,68,23,11,12,2,1,1,1,0,1,46,21,25
LEE COUNTY,287,52 Years,225,102,123,147,71,76,26,10,16,2,1,1,3,2,1,47,18,29
LEE COUNTY,287,53 Years,226,105,121,135,63,72,26,13,13,1,0,1,6,2,4,58,27,31
LEE COUNTY,287,54 Years,208,99,109,127,60,67,27,14,13,1,0,1,4,1,3,49,24,25
LEE COUNTY,287,55 Years,212,107,105,138,67,71,25,15,10,1,0,1,2,1,1,46,24,22
LEE COUNTY,287,56 Years,230,116,114,149,78,71,23,13,10,0,0,0,3,1,2,55,24,31
LEE COUNTY,287,57 Years,242,113,129,154,74,80,31,14,17,0,0,0,4,0,4,53,25,28
LEE COUNTY,287,58 Years,246,116,130,167,80,87,28,14,14,0,0,0,7,1,6,44,21,23
LEE COUNTY,287,59 Years,259,122,137,185,88,97,26,12,14,1,1,0,8,3,5,39,18,21
LEE COUNTY,287,60 Years,287,136,151,207,98,109,28,13,15,1,1,0,6,3,3,45,21,24
LEE COUNTY,287,61 Years,300,153,147,204,104,100,36,19,17,1,1,0,3,1,2,56,28,28
LEE COUNTY,287,62 Years,293,146,147,198,101,97,33,16,17,1,0,1,3,1,2,58,28,30
LEE COUNTY,287,63 Years,289,145,144,198,98,100,34,15,19,1,0,1,5,4,1,51,28,23
LEE COUNTY,287,64 Years,288,146,142,197,95,102,30,14,16,0,0,0,6,4,2,55,33,22
LEE COUNTY,287,65 Years,284,149,135,193,95,98,40,22,18,1,0,1,4,3,1,46,29,17
LEE COUNTY,287,66 Years,281,142,139,194,94,100,37,21,16,0,0,0,7,5,2,43,22,21
LEE COUNTY,287,67 Years,286,145,141,211,106,105,32,15,17,0,0,0,5,4,1,38,20,18
LEE COUNTY,287,68 Years,263,133,130,206,107,99,25,11,14,0,0,0,7,1,6,25,14,11
LEE COUNTY,287,69 Years,235,118,117,180,90,90,24,12,12,2,0,2,6,1,5,23,15,8
LEE COUNTY,287,70 Years,218,115,103,169,92,77,27,12,15,0,0,0,4,1,3,18,10,8
LEE COUNTY,287,71 Years,207,104,103,168,87,81,21,9,12,0,0,0,2,0,2,16,8,8
LEE COUNTY,287,72 Years,203,97,106,163,78,85,20,9,11,0,0,0,2,1,1,18,9,9
LEE COUNTY,287,73 Years,188,92,96,154,73,81,19,11,8,0,0,0,1,0,1,14,8,6
LEE COUNTY,287,74 Years,191,89,102,158,73,85,18,7,11,0,0,0,3,2,1,12,7,5
LEE COUNTY,287,75 Years,185,84,101,157,70,87,15,8,7,0,0,0,2,1,1,11,5,6
LEE COUNTY,287,76 Years,152,76,76,127,62,65,13,7,6,0,0,0,0,0,0,12,7,5
LEE COUNTY,287,77 Years,136,68,68,110,54,56,13,7,6,1,1,0,1,0,1,11,6,5
LEE COUNTY,287,78 Years,118,58,60,95,46,49,11,6,5,0,0,0,2,1,1,10,5,5
LEE COUNTY,287,79 Years,113,52,61,91,43,48,10,3,7,0,0,0,2,1,1,10,5,5
LEE COUNTY,287,80 Years,114,53,61,92,41,51,8,3,5,1,1,0,2,2,0,11,6,5
LEE COUNTY,287,81 Years,105,49,56,87,42,45,9,4,5,0,0,0,2,0,2,7,3,4
LEE COUNTY,287,82 Years,94,45,49,80,39,41,7,3,4,0,0,0,2,0,2,5,3,2
LEE COUNTY,287,83 Years,81,32,49,65,28,37,10,3,7,0,0,0,1,0,1,5,1,4
LEE COUNTY,287,84 Years,75,27,48,57,22,35,12,3,9,0,0,0,1,0,1,5,2,3
LEE COUNTY,287,85 Years,70,29,41,54,23,31,9,3,6,0,0,0,2,1,1,5,2,3
LEE COUNTY,287,86 Years,67,27,40,51,22,29,8,4,4,0,0,0,1,0,1,7,1,6
LEE COUNTY,287,87 Years,60,23,37,46,20,26,8,2,6,0,0,0,1,0,1,5,1,4
LEE COUNTY,287,88 Years,40,15,25,32,13,19,6,2,4,0,0,0,0,0,0,2,0,2
LEE COUNTY,287,89 Years,30,13,17,25,11,14,4,2,2,0,0,0,0,0,0,1,0,1
LEE COUNTY,287,90 Years,29,10,19,24,9,15,3,1,2,0,0,0,0,0,0,2,0,2
LEE COUNTY,287,91 Years,24,10,14,21,8,13,3,2,1,0,0,0,0,0,0,0,0,0
LEE COUNTY,287,92 Years,21,6,15,18,5,13,3,1,2,0,0,0,0,0,0,0,0,0
LEE COUNTY,287,93 Years,21,7,14,17,5,12,3,2,1,0,0,0,0,0,0,1,0,1
LEE COUNTY,287,94 Years,13,3,10,10,3,7,2,0,2,0,0,0,0,0,0,1,0,1
LEE COUNTY,287,95 Years +,41,10,31,31,8,23,7,1,6,0,0,0,0,0,0,3,1,2
LEON COUNTY,289,All Ages,16471,8144,8327,12295,5985,6310,1085,531,554,105,40,65,271,126,145,2715,1462,1253
LEON COUNTY,289,< 1 Year,187,93,94,114,57,57,10,5,5,1,0,1,8,4,4,54,27,27
LEON COUNTY,289,1 Years,175,90,85,105,53,52,11,6,5,1,1,0,7,4,3,51,26,25
LEON COUNTY,289,2 Years,175,87,88,106,54,52,11,5,6,1,0,1,7,3,4,50,25,25
LEON COUNTY,289,3 Years,185,99,86,112,56,56,11,6,5,1,1,0,7,4,3,54,32,22
LEON COUNTY,289,4 Years,193,104,89,120,63,57,9,4,5,2,1,1,6,3,3,56,33,23
LEON COUNTY,289,5 Years,199,107,92,122,64,58,7,4,3,2,1,1,6,2,4,62,36,26
LEON COUNTY,289,6 Years,209,116,93,129,71,58,7,5,2,1,1,0,5,2,3,67,37,30
LEON COUNTY,289,7 Years,208,117,91,127,71,56,8,5,3,1,1,0,4,2,2,68,38,30
LEON COUNTY,289,8 Years,204,109,95,128,68,60,12,6,6,0,0,0,3,2,1,61,33,28
LEON COUNTY,289,9 Years,210,113,97,135,72,63,13,7,6,1,0,1,5,4,1,56,30,26
LEON COUNTY,289,10 Years,213,118,95,137,72,65,17,12,5,1,1,0,6,5,1,52,28,24
LEON COUNTY,289,11 Years,215,116,99,142,76,66,16,11,5,2,1,1,5,4,1,50,24,26
LEON COUNTY,289,12 Years,209,104,105,140,71,69,13,4,9,0,0,0,3,1,2,53,28,25
LEON COUNTY,289,13 Years,208,108,100,138,74,64,13,5,8,1,0,1,4,2,2,52,27,25
LEON COUNTY,289,14 Years,208,111,97,132,73,59,12,6,6,1,0,1,5,3,2,58,29,29
LEON COUNTY,289,15 Years,210,112,98,138,73,65,9,4,5,1,0,1,4,2,2,58,33,25
LEON COUNTY,289,16 Years,223,111,112,148,72,76,14,8,6,1,0,1,4,2,2,56,29,27
LEON COUNTY,289,17 Years,211,103,108,140,67,73,15,8,7,1,0,1,4,2,2,51,26,25
LEON COUNTY,289,18 Years,204,110,94,131,72,59,13,7,6,2,0,2,3,1,2,55,30,25
LEON COUNTY,289,19 Years,191,89,102,122,56,66,11,6,5,1,0,1,2,1,1,55,26,29
LEON COUNTY,289,20 Years,202,93,109,134,59,75,10,6,4,1,0,1,2,1,1,55,27,28
LEON COUNTY,289,21 Years,190,92,98,118,58,60,16,5,11,1,0,1,2,1,1,53,28,25
LEON COUNTY,289,22 Years,169,86,83,108,55,53,16,8,8,1,0,1,1,0,1,43,23,20
LEON COUNTY,289,23 Years,151,77,74,102,53,49,9,4,5,2,0,2,3,2,1,35,18,17
LEON COUNTY,289,24 Years,150,81,69,102,59,43,10,5,5,1,0,1,3,1,2,34,16,18
LEON COUNTY,289,25 Years,151,82,69,109,62,47,9,4,5,2,0,2,2,1,1,29,15,14
LEON COUNTY,289,26 Years,149,70,79,109,52,57,9,3,6,1,0,1,2,1,1,28,14,14
LEON COUNTY,289,27 Years,172,89,83,122,63,59,10,3,7,2,1,1,3,1,2,35,21,14
LEON COUNTY,289,28 Years,158,86,72,111,59,52,10,4,6,3,1,2,2,1,1,32,21,11
LEON COUNTY,289,29 Years,162,79,83,112,52,60,11,6,5,3,2,1,3,2,1,33,17,16
LEON COUNTY,289,30 Years,162,82,80,116,57,59,10,5,5,1,1,0,2,1,1,33,18,15
LEON COUNTY,289,31 Years,164,82,82,127,60,67,7,4,3,0,0,0,1,1,0,29,17,12
LEON COUNTY,289,32 Years,145,68,77,107,46,61,10,5,5,1,1,0,1,0,1,26,16,10
LEON COUNTY,289,33 Years,145,72,73,100,45,55,9,4,5,1,1,0,4,2,2,31,20,11
LEON COUNTY,289,34 Years,142,75,67,101,52,49,9,4,5,1,1,0,3,1,2,28,17,11
LEON COUNTY,289,35 Years,146,75,71,106,55,51,6,3,3,2,1,1,1,1,0,31,15,16
LEON COUNTY,289,36 Years,161,81,80,118,59,59,10,5,5,2,2,0,1,1,0,30,14,16
LEON COUNTY,289,37 Years,158,79,79,114,53,61,9,6,3,1,1,0,0,0,0,34,19,15
LEON COUNTY,289,38 Years,179,81,98,129,52,77,8,5,3,1,1,0,0,0,0,41,23,18
LEON COUNTY,289,39 Years,174,74,100,120,51,69,10,4,6,3,0,3,1,0,1,40,19,21
LEON COUNTY,289,40 Years,163,78,85,116,56,60,11,5,6,0,0,0,1,0,1,35,17,18
LEON COUNTY,289,41 Years,160,93,67,115,63,52,7,5,2,0,0,0,4,3,1,34,22,12
LEON COUNTY,289,42 Years,181,90,91,125,59,66,7,3,4,0,0,0,4,1,3,45,27,18
LEON COUNTY,289,43 Years,172,78,94,124,53,71,8,4,4,1,0,1,3,0,3,36,21,15
LEON COUNTY,289,44 Years,172,85,87,126,62,64,8,5,3,2,0,2,3,1,2,33,17,16
LEON COUNTY,289,45 Years,178,93,85,137,72,65,12,5,7,1,0,1,1,1,0,27,15,12
LEON COUNTY,289,46 Years,152,76,76,116,60,56,11,4,7,1,0,1,1,1,0,23,11,12
LEON COUNTY,289,47 Years,157,79,78,117,59,58,8,3,5,1,0,1,2,1,1,29,16,13
LEON COUNTY,289,48 Years,170,85,85,125,59,66,15,8,7,1,0,1,1,0,1,28,18,10
LEON COUNTY,289,49 Years,160,81,79,117,55,62,15,10,5,1,0,1,2,1,1,25,15,10
LEON COUNTY,289,50 Years,186,100,86,133,69,64,12,6,6,1,1,0,3,1,2,37,23,14
LEON COUNTY,289,51 Years,196,107,89,148,80,68,12,7,5,2,1,1,3,1,2,31,18,13
LEON COUNTY,289,52 Years,176,85,91,136,61,75,13,9,4,2,0,2,1,1,0,24,14,10
LEON COUNTY,289,53 Years,140,66,74,109,48,61,14,7,7,1,0,1,2,2,0,14,9,5
LEON COUNTY,289,54 Years,139,64,75,108,45,63,16,8,8,1,1,0,1,1,0,13,9,4
LEON COUNTY,289,55 Years,162,77,85,126,56,70,13,8,5,3,2,1,2,1,1,18,10,8
LEON COUNTY,289,56 Years,166,85,81,129,64,65,12,10,2,3,2,1,2,1,1,20,8,12
LEON COUNTY,289,57 Years,203,101,102,156,75,81,17,12,5,3,1,2,2,1,1,25,12,13
LEON COUNTY,289,58 Years,228,107,121,169,79,90,18,10,8,3,2,1,3,1,2,35,15,20
LEON COUNTY,289,59 Years,230,103,127,179,82,97,16,6,10,3,2,1,5,3,2,27,10,17
LEON COUNTY,289,60 Years,231,112,119,184,90,94,18,8,10,2,1,1,3,2,1,24,11,13
LEON COUNTY,289,61 Years,247,125,122,197,100,97,16,9,7,2,0,2,5,3,2,27,13,14
LEON COUNTY,289,62 Years,267,129,138,220,104,116,16,8,8,1,0,1,5,2,3,25,15,10
LEON COUNTY,289,63 Years,255,121,134,215,101,114,16,7,9,1,0,1,3,2,1,20,11,9
LEON COUNTY,289,64 Years,283,137,146,235,113,122,20,11,9,0,0,0,5,3,2,23,10,13
LEON COUNTY,289,65 Years,283,125,158,232,100,132,21,10,11,1,1,0,8,3,5,21,11,10
LEON COUNTY,289,66 Years,251,107,144,207,91,116,17,5,12,3,2,1,3,0,3,21,9,12
LEON COUNTY,289,67 Years,249,127,122,205,107,98,19,8,11,3,1,2,1,0,1,21,11,10
LEON COUNTY,289,68 Years,265,144,121,220,117,103,21,12,9,1,1,0,5,2,3,18,12,6
LEON COUNTY,289,69 Years,252,130,122,215,107,108,16,9,7,1,1,0,4,2,2,16,11,5
LEON COUNTY,289,70 Years,244,117,127,205,96,109,19,8,11,1,0,1,4,2,2,15,11,4
LEON COUNTY,289,71 Years,221,104,117,181,87,94,22,8,14,1,0,1,4,2,2,13,7,6
LEON COUNTY,289,72 Years,222,104,118,185,88,97,20,10,10,2,0,2,6,2,4,9,4,5
LEON COUNTY,289,73 Years,228,102,126,195,91,104,15,7,8,1,0,1,9,1,8,8,3,5
LEON COUNTY,289,74 Years,228,105,123,198,94,104,13,6,7,1,0,1,6,1,5,10,4,6
LEON COUNTY,289,75 Years,219,102,117,195,91,104,14,6,8,0,0,0,2,1,1,8,4,4
LEON COUNTY,289,76 Years,182,85,97,163,77,86,11,4,7,0,0,0,2,1,1,6,3,3
LEON COUNTY,289,77 Years,175,83,92,154,75,79,13,4,9,0,0,0,3,1,2,5,3,2
LEON COUNTY,289,78 Years,175,86,89,158,80,78,9,3,6,1,0,1,1,1,0,6,2,4
LEON COUNTY,289,79 Years,166,82,84,153,75,78,7,4,3,0,0,0,1,0,1,5,3,2
LEON COUNTY,289,80 Years,143,66,77,130,60,70,6,2,4,0,0,0,1,0,1,6,4,2
LEON COUNTY,289,81 Years,125,57,68,113,51,62,7,3,4,0,0,0,1,0,1,4,3,1
LEON COUNTY,289,82 Years,114,55,59,103,48,55,7,4,3,0,0,0,0,0,0,4,3,1
LEON COUNTY,289,83 Years,106,49,57,95,45,50,7,2,5,0,0,0,0,0,0,4,2,2
LEON COUNTY,289,84 Years,93,39,54,82,35,47,6,3,3,0,0,0,1,0,1,4,1,3
LEON COUNTY,289,85 Years,84,34,50,73,29,44,7,4,3,0,0,0,1,0,1,3,1,2
LEON COUNTY,289,86 Years,70,28,42,60,26,34,5,1,4,1,0,1,3,1,2,1,0,1
LEON COUNTY,289,87 Years,63,28,35,54,23,31,5,3,2,0,0,0,2,1,1,2,1,1
LEON COUNTY,289,88 Years,51,22,29,45,19,26,4,1,3,0,0,0,0,0,0,2,2,0
LEON COUNTY,289,89 Years,45,18,27,40,17,23,4,0,4,0,0,0,0,0,0,1,1,0
LEON COUNTY,289,90 Years,36,15,21,32,14,18,4,1,3,0,0,0,0,0,0,0,0,0
LEON COUNTY,289,91 Years,30,11,19,26,10,16,4,1,3,0,0,0,0,0,0,0,0,0
LEON COUNTY,289,92 Years,25,10,15,21,8,13,3,1,2,0,0,0,0,0,0,1,1,0
LEON COUNTY,289,93 Years,23,10,13,17,6,11,4,2,2,0,0,0,0,0,0,2,2,0
LEON COUNTY,289,94 Years,18,7,11,14,5,9,4,2,2,0,0,0,0,0,0,0,0,0
LEON COUNTY,289,95 Years +,44,14,30,31,11,20,10,2,8,0,0,0,1,0,1,2,1,1
LIBERTY COUNTY,291,All Ages,107375,52894,54481,67065,32832,34233,10112,4775,5337,583,271,312,2123,1039,1084,27492,13977,13515
LIBERTY COUNTY,291,< 1 Year,1303,663,640,568,289,279,105,55,50,8,4,4,48,25,23,574,290,284
LIBERTY COUNTY,291,1 Years,1087,554,533,532,271,261,107,54,53,7,4,3,36,19,17,405,206,199
LIBERTY COUNTY,291,2 Years,1083,552,531,534,272,262,107,54,53,6,4,2,36,18,18,400,204,196
LIBERTY COUNTY,291,3 Years,1461,758,703,729,371,358,105,60,45,5,2,3,44,23,21,578,302,276
LIBERTY COUNTY,291,4 Years,1561,801,760,782,397,385,107,58,49,4,3,1,46,24,22,622,319,303
LIBERTY COUNTY,291,5 Years,1553,795,758,797,407,390,112,61,51,4,3,1,50,24,26,590,300,290
LIBERTY COUNTY,291,6 Years,1541,772,769,817,414,403,119,59,60,6,3,3,53,23,30,546,273,273
LIBERTY COUNTY,291,7 Years,1567,786,781,848,426,422,125,62,63,7,3,4,57,26,31,530,269,261
LIBERTY COUNTY,291,8 Years,1691,881,810,899,475,424,116,59,57,6,3,3,60,30,30,610,314,296
LIBERTY COUNTY,291,9 Years,1709,903,806,900,487,413,106,56,50,6,4,2,60,33,27,637,323,314
LIBERTY COUNTY,291,10 Years,1689,891,798,876,480,396,107,55,52,7,5,2,65,36,29,634,315,319
LIBERTY COUNTY,291,11 Years,1704,899,805,875,481,394,114,59,55,7,5,2,63,35,28,645,319,326
LIBERTY COUNTY,291,12 Years,1680,851,829,873,466,407,120,63,57,6,3,3,57,26,31,624,293,331
LIBERTY COUNTY,291,13 Years,1747,870,877,935,478,457,119,61,58,5,0,5,51,27,24,637,304,333
LIBERTY COUNTY,291,14 Years,1752,878,874,943,479,464,113,48,65,8,5,3,47,25,22,641,321,320
LIBERTY COUNTY,291,15 Years,1718,854,864,883,442,441,121,47,74,8,5,3,52,21,31,654,339,315
LIBERTY COUNTY,291,16 Years,1629,799,830,858,421,437,118,55,63,11,5,6,46,18,28,596,300,296
LIBERTY COUNTY,291,17 Years,1544,795,749,800,408,392,117,64,53,10,4,6,35,15,20,582,304,278
LIBERTY COUNTY,291,18 Years,1546,804,742,806,416,390,127,68,59,12,4,8,33,15,18,568,301,267
LIBERTY COUNTY,291,19 Years,1492,744,748,767,377,390,133,71,62,11,2,9,30,13,17,551,281,270
LIBERTY COUNTY,291,20 Years,1505,754,751,780,378,402,146,73,73,12,2,10,37,17,20,530,284,246
LIBERTY COUNTY,291,21 Years,1500,778,722,781,408,373,152,80,72,12,3,9,49,23,26,506,264,242
LIBERTY COUNTY,291,22 Years,1454,739,715,764,404,360,136,64,72,25,2,23,51,35,16,478,234,244
LIBERTY COUNTY,291,23 Years,1313,691,622,705,374,331,129,65,64,12,3,9,32,19,13,435,230,205
LIBERTY COUNTY,291,24 Years,1302,685,617,705,377,328,146,67,79,5,3,2,26,14,12,420,224,196
LIBERTY COUNTY,291,25 Years,1363,660,703,746,356,390,164,81,83,6,3,3,27,12,15,420,208,212
LIBERTY COUNTY,291,26 Years,1411,687,724,803,388,415,173,86,87,7,3,4,25,10,15,403,200,203
LIBERTY COUNTY,291,27 Years,1541,755,786,902,444,458,211,101,110,6,3,3,22,12,10,400,195,205
LIBERTY COUNTY,291,28 Years,1451,711,740,871,450,421,169,71,98,8,5,3,23,12,11,380,173,207
LIBERTY COUNTY,291,29 Years,1483,741,742,909,463,446,169,79,90,11,9,2,31,17,14,363,173,190
LIBERTY COUNTY,291,30 Years,1530,749,781,927,463,464,196,92,104,10,3,7,31,18,13,366,173,193
LIBERTY COUNTY,291,31 Years,1561,772,789,940,465,475,195,92,103,16,9,7,30,17,13,380,189,191
LIBERTY COUNTY,291,32 Years,1578,760,818,981,456,525,183,87,96,15,11,4,14,7,7,385,199,186
LIBERTY COUNTY,291,33 Years,1466,734,732,909,442,467,174,92,82,9,4,5,18,8,10,356,188,168
LIBERTY COUNTY,291,34 Years,1454,709,745,898,434,464,167,75,92,13,11,2,26,11,15,350,178,172
LIBERTY COUNTY,291,35 Years,1335,648,687,816,388,428,139,67,72,9,9,0,15,9,6,356,175,181
LIBERTY COUNTY,291,36 Years,1359,643,716,812,386,426,142,66,76,5,3,2,18,8,10,382,180,202
LIBERTY COUNTY,291,37 Years,1327,628,699,820,388,432,127,60,67,12,5,7,13,5,8,355,170,185
LIBERTY COUNTY,291,38 Years,1329,653,676,805,386,419,130,68,62,9,4,5,15,8,7,370,187,183
LIBERTY COUNTY,291,39 Years,1332,635,697,798,380,418,139,63,76,6,1,5,20,8,12,369,183,186
LIBERTY COUNTY,291,40 Years,1331,597,734,807,361,446,122,49,73,7,2,5,19,9,10,376,176,200
LIBERTY COUNTY,291,41 Years,1325,617,708,823,371,452,114,51,63,4,2,2,19,9,10,365,184,181
LIBERTY COUNTY,291,42 Years,1358,667,691,833,402,431,129,56,73,11,5,6,15,6,9,370,198,172
LIBERTY COUNTY,291,43 Years,1264,599,665,770,366,404,126,49,77,12,7,5,12,7,5,344,170,174
LIBERTY COUNTY,291,44 Years,1242,558,684,753,337,416,137,61,76,8,4,4,17,6,11,327,150,177
LIBERTY COUNTY,291,45 Years,1230,576,654,753,353,400,134,62,72,8,4,4,11,6,5,324,151,173
LIBERTY COUNTY,291,46 Years,1268,622,646,810,391,419,130,59,71,7,2,5,9,4,5,312,166,146
LIBERTY COUNTY,291,47 Years,1256,615,641,795,380,415,124,59,65,6,2,4,19,9,10,312,165,147
LIBERTY COUNTY,291,48 Years,1248,608,640,784,382,402,144,64,80,10,4,6,12,8,4,298,150,148
LIBERTY COUNTY,291,49 Years,1294,615,679,837,396,441,147,62,85,10,4,6,17,8,9,283,145,138
LIBERTY COUNTY,291,50 Years,1332,654,678,885,426,459,141,66,75,8,4,4,9,5,4,289,153,136
LIBERTY COUNTY,291,51 Years,1350,681,669,914,469,445,141,64,77,5,4,1,10,6,4,280,138,142
LIBERTY COUNTY,291,52 Years,1361,679,682,946,479,467,133,56,77,5,3,2,14,8,6,263,133,130
LIBERTY COUNTY,291,53 Years,1336,663,673,945,463,482,118,49,69,9,6,3,15,8,7,249,137,112
LIBERTY COUNTY,291,54 Years,1249,610,639,876,422,454,113,46,67,8,2,6,10,5,5,242,135,107
LIBERTY COUNTY,291,55 Years,1198,594,604,833,405,428,103,43,60,8,5,3,9,4,5,245,137,108
LIBERTY COUNTY,291,56 Years,1208,617,591,837,421,416,113,56,57,9,5,4,12,5,7,237,130,107
LIBERTY COUNTY,291,57 Years,1301,662,639,924,475,449,126,56,70,5,2,3,16,8,8,230,121,109
LIBERTY COUNTY,291,58 Years,1319,670,649,941,482,459,125,53,72,4,1,3,15,7,8,234,127,107
LIBERTY COUNTY,291,59 Years,1286,639,647,946,467,479,114,49,65,6,3,3,17,8,9,203,112,91
LIBERTY COUNTY,291,60 Years,1254,627,627,933,463,470,118,51,67,6,2,4,14,7,7,183,104,79
LIBERTY COUNTY,291,61 Years,1274,646,628,952,479,473,129,60,69,4,1,3,16,9,7,173,97,76
LIBERTY COUNTY,291,62 Years,1320,656,664,977,471,506,144,73,71,3,1,2,21,11,10,175,100,75
LIBERTY COUNTY,291,63 Years,1236,589,647,916,424,492,137,72,65,5,1,4,21,10,11,157,82,75
LIBERTY COUNTY,291,64 Years,1186,588,598,890,440,450,124,62,62,6,2,4,23,11,12,143,73,70
LIBERTY COUNTY,291,65 Years,1120,557,563,855,420,435,113,60,53,5,3,2,23,9,14,124,65,59
LIBERTY COUNTY,291,66 Years,1092,538,554,858,414,444,101,54,47,4,3,1,16,7,9,113,60,53
LIBERTY COUNTY,291,67 Years,1100,539,561,858,418,440,102,50,52,7,4,3,12,3,9,121,64,57
LIBERTY COUNTY,291,68 Years,1052,504,548,813,395,418,102,42,60,7,3,4,15,6,9,115,58,57
LIBERTY COUNTY,291,69 Years,1013,499,514,784,392,392,104,43,61,3,1,2,20,8,12,102,55,47
LIBERTY COUNTY,291,70 Years,943,455,488,740,350,390,100,48,52,3,1,2,18,7,11,82,49,33
LIBERTY COUNTY,291,71 Years,885,427,458,689,324,365,93,46,47,4,2,2,18,9,9,81,46,35
LIBERTY COUNTY,291,72 Years,867,420,447,699,338,361,83,36,47,4,1,3,16,8,8,65,37,28
LIBERTY COUNTY,291,73 Years,805,373,432,656,305,351,78,38,40,3,1,2,9,4,5,59,25,34
LIBERTY COUNTY,291,74 Years,763,374,389,632,310,322,65,34,31,4,1,3,8,2,6,54,27,27
LIBERTY COUNTY,291,75 Years,732,349,383,618,297,321,56,24,32,4,1,3,8,2,6,46,25,21
LIBERTY COUNTY,291,76 Years,636,303,333,532,252,280,47,22,25,2,1,1,8,3,5,47,25,22
LIBERTY COUNTY,291,77 Years,565,261,304,469,210,259,39,18,21,1,1,0,13,6,7,43,26,17
LIBERTY COUNTY,291,78 Years,552,234,318,466,197,269,36,14,22,1,0,1,11,5,6,38,18,20
LIBERTY COUNTY,291,79 Years,505,216,289,431,185,246,38,14,24,2,2,0,8,4,4,26,11,15
LIBERTY COUNTY,291,80 Years,466,201,265,397,174,223,38,12,26,1,1,0,10,5,5,20,9,11
LIBERTY COUNTY,291,81 Years,395,168,227,335,141,194,31,12,19,1,0,1,9,5,4,19,10,9
LIBERTY COUNTY,291,82 Years,342,156,186,288,129,159,33,16,17,0,0,0,6,3,3,15,8,7
LIBERTY COUNTY,291,83 Years,296,132,164,254,112,142,25,11,14,0,0,0,4,2,2,13,7,6
LIBERTY COUNTY,291,84 Years,251,104,147,219,88,131,16,6,10,0,0,0,6,3,3,10,7,3
LIBERTY COUNTY,291,85 Years,220,95,125,186,78,108,21,9,12,0,0,0,4,2,2,9,6,3
LIBERTY COUNTY,291,86 Years,194,72,122,166,62,104,18,6,12,0,0,0,4,1,3,6,3,3
LIBERTY COUNTY,291,87 Years,165,61,104,141,53,88,18,5,13,0,0,0,2,1,1,4,2,2
LIBERTY COUNTY,291,88 Years,133,46,87,113,39,74,13,4,9,1,0,1,1,1,0,5,2,3
LIBERTY COUNTY,291,89 Years,118,41,77,100,34,66,10,3,7,0,0,0,3,1,2,5,3,2
LIBERTY COUNTY,291,90 Years,102,34,68,84,26,58,10,4,6,0,0,0,2,1,1,6,3,3
LIBERTY COUNTY,291,91 Years,87,27,60,75,22,53,7,3,4,0,0,0,1,0,1,4,2,2
LIBERTY COUNTY,291,92 Years,72,19,53,58,15,43,9,2,7,0,0,0,1,1,0,4,1,3
LIBERTY COUNTY,291,93 Years,57,17,40,47,13,34,8,3,5,0,0,0,0,0,0,2,1,1
LIBERTY COUNTY,291,94 Years,47,14,33,36,10,26,8,3,5,0,0,0,0,0,0,3,1,2
LIBERTY COUNTY,291,95 Years +,123,27,96,92,17,75,19,7,12,0,0,0,3,0,3,9,3,6
LIMESTONE COUNTY,293,All Ages,22265,11439,10826,12447,6297,6150,3742,1890,1852,113,54,59,564,278,286,5399,2920,2479
LIMESTONE COUNTY,293,< 1 Year,261,129,132,108,51,57,41,20,21,2,1,1,14,8,6,96,49,47
LIMESTONE COUNTY,293,1 Years,256,132,124,104,53,51,41,21,20,1,1,0,12,7,5,98,50,48
LIMESTONE COUNTY,293,2 Years,259,132,127,107,55,52,41,20,21,1,0,1,12,7,5,98,50,48
LIMESTONE COUNTY,293,3 Years,248,125,123,92,47,45,38,22,16,4,2,2,21,7,14,93,47,46
LIMESTONE COUNTY,293,4 Years,254,124,130,92,46,46,41,23,18,4,2,2,22,8,14,95,45,50
LIMESTONE COUNTY,293,5 Years,270,128,142,101,49,52,42,21,21,2,2,0,19,7,12,106,49,57
LIMESTONE COUNTY,293,6 Years,289,135,154,111,53,58,46,21,25,0,0,0,13,7,6,119,54,65
LIMESTONE COUNTY,293,7 Years,305,144,161,115,56,59,48,21,27,2,0,2,12,7,5,128,60,68
LIMESTONE COUNTY,293,8 Years,287,144,143,114,56,58,41,19,22,1,1,0,11,7,4,120,61,59
LIMESTONE COUNTY,293,9 Years,279,144,135,120,60,60,37,18,19,0,0,0,10,6,4,112,60,52
LIMESTONE COUNTY,293,10 Years,274,141,133,122,62,60,36,19,17,2,2,0,10,5,5,104,53,51
LIMESTONE COUNTY,293,11 Years,274,140,134,123,62,61,40,22,18,2,2,0,9,4,5,100,50,50
LIMESTONE COUNTY,293,12 Years,269,140,129,113,56,57,47,25,22,0,0,0,8,4,4,101,55,46
LIMESTONE COUNTY,293,13 Years,263,136,127,117,60,57,45,22,23,0,0,0,11,4,7,90,50,40
LIMESTONE COUNTY,293,14 Years,259,127,132,108,53,55,45,22,23,1,1,0,9,3,6,96,48,48
LIMESTONE COUNTY,293,15 Years,271,139,132,112,61,51,49,24,25,2,1,1,8,3,5,100,50,50
LIMESTONE COUNTY,293,16 Years,273,148,125,118,70,48,47,24,23,2,1,1,11,5,6,95,48,47
LIMESTONE COUNTY,293,17 Years,257,142,115,106,61,45,47,26,21,1,1,0,13,6,7,90,48,42
LIMESTONE COUNTY,293,18 Years,272,152,120,125,72,53,56,33,23,0,0,0,8,5,3,83,42,41
LIMESTONE COUNTY,293,19 Years,260,146,114,116,67,49,49,29,20,0,0,0,7,5,2,88,45,43
LIMESTONE COUNTY,293,20 Years,272,157,115,118,70,48,51,31,20,0,0,0,9,4,5,94,52,42
LIMESTONE COUNTY,293,21 Years,275,161,114,127,77,50,53,31,22,0,0,0,10,5,5,85,48,37
LIMESTONE COUNTY,293,22 Years,265,153,112,114,71,43,51,27,24,0,0,0,10,6,4,90,49,41
LIMESTONE COUNTY,293,23 Years,265,152,113,113,74,39,53,32,21,4,0,4,10,5,5,85,41,44
LIMESTONE COUNTY,293,24 Years,267,164,103,121,79,42,50,34,16,5,0,5,8,4,4,83,47,36
LIMESTONE COUNTY,293,25 Years,276,162,114,127,77,50,51,33,18,8,4,4,8,3,5,82,45,37
LIMESTONE COUNTY,293,26 Years,286,171,115,136,84,52,58,36,22,3,2,1,5,3,2,84,46,38
LIMESTONE COUNTY,293,27 Years,297,179,118,140,83,57,63,38,25,1,1,0,8,6,2,85,51,34
LIMESTONE COUNTY,293,28 Years,273,156,117,130,68,62,52,30,22,1,1,0,6,5,1,84,52,32
LIMESTONE COUNTY,293,29 Years,285,158,127,137,76,61,58,36,22,4,1,3,5,2,3,81,43,38
LIMESTONE COUNTY,293,30 Years,299,167,132,151,82,69,64,38,26,2,1,1,7,4,3,75,42,33
LIMESTONE COUNTY,293,31 Years,286,167,119,140,78,62,57,33,24,1,1,0,7,5,2,81,50,31
LIMESTONE COUNTY,293,32 Years,294,170,124,149,85,64,60,33,27,1,1,0,5,2,3,79,49,30
LIMESTONE COUNTY,293,33 Years,286,158,128,141,78,63,56,27,29,2,2,0,6,2,4,81,49,32
LIMESTONE COUNTY,293,34 Years,274,157,117,130,75,55,53,29,24,1,1,0,5,1,4,85,51,34
LIMESTONE COUNTY,293,35 Years,254,143,111,129,70,59,47,27,20,1,1,0,3,2,1,74,43,31
LIMESTONE COUNTY,293,36 Years,250,141,109,130,71,59,45,25,20,1,1,0,4,3,1,70,41,29
LIMESTONE COUNTY,293,37 Years,247,131,116,123,67,56,45,22,23,3,0,3,3,2,1,73,40,33
LIMESTONE COUNTY,293,38 Years,255,140,115,132,75,57,46,23,23,2,0,2,5,3,2,70,39,31
LIMESTONE COUNTY,293,39 Years,264,147,117,134,77,57,49,26,23,3,1,2,8,5,3,70,38,32
LIMESTONE COUNTY,293,40 Years,246,134,112,127,67,60,45,22,23,0,0,0,7,4,3,67,41,26
LIMESTONE COUNTY,293,41 Years,242,130,112,124,64,60,46,24,22,0,0,0,2,1,1,70,41,29
LIMESTONE COUNTY,293,42 Years,260,137,123,134,69,65,47,26,21,3,1,2,4,4,0,72,37,35
LIMESTONE COUNTY,293,43 Years,260,144,116,138,73,65,42,23,19,3,1,2,4,3,1,73,44,29
LIMESTONE COUNTY,293,44 Years,262,142,120,132,70,62,51,25,26,1,1,0,3,1,2,75,45,30
LIMESTONE COUNTY,293,45 Years,233,123,110,122,59,63,45,23,22,2,1,1,1,1,0,63,39,24
LIMESTONE COUNTY,293,46 Years,244,127,117,122,59,63,51,30,21,3,1,2,2,1,1,66,36,30
LIMESTONE COUNTY,293,47 Years,247,133,114,131,68,63,45,26,19,1,1,0,3,1,2,67,37,30
LIMESTONE COUNTY,293,48 Years,223,113,110,124,59,65,35,21,14,0,0,0,4,2,2,60,31,29
LIMESTONE COUNTY,293,49 Years,233,118,115,127,61,66,44,24,20,1,1,0,2,2,0,59,30,29
LIMESTONE COUNTY,293,50 Years,244,123,121,140,68,72,46,23,23,0,0,0,4,1,3,54,31,23
LIMESTONE COUNTY,293,51 Years,245,120,125,142,69,73,47,21,26,1,0,1,5,2,3,50,28,22
LIMESTONE COUNTY,293,52 Years,244,123,121,147,70,77,46,20,26,1,1,0,4,2,2,46,30,16
LIMESTONE COUNTY,293,53 Years,238,118,120,137,64,73,48,26,22,1,1,0,4,1,3,48,26,22
LIMESTONE COUNTY,293,54 Years,245,123,122,139,68,71,45,23,22,1,1,0,5,2,3,55,29,26
LIMESTONE COUNTY,293,55 Years,246,113,133,139,65,74,49,20,29,2,1,1,2,2,0,54,25,29
LIMESTONE COUNTY,293,56 Years,249,124,125,149,70,79,46,21,25,2,1,1,2,2,0,50,30,20
LIMESTONE COUNTY,293,57 Years,285,139,146,178,80,98,47,22,25,1,1,0,3,1,2,56,35,21
LIMESTONE COUNTY,293,58 Years,297,146,151,189,92,97,46,20,26,2,1,1,8,3,5,52,30,22
LIMESTONE COUNTY,293,59 Years,294,161,133,186,106,80,47,23,24,1,1,0,8,1,7,52,30,22
LIMESTONE COUNTY,293,60 Years,314,172,142,203,115,88,50,26,24,1,1,0,6,3,3,54,27,27
LIMESTONE COUNTY,293,61 Years,304,154,150,203,101,102,48,27,21,1,0,1,5,3,2,47,23,24
LIMESTONE COUNTY,293,62 Years,306,150,156,203,98,105,48,25,23,1,0,1,5,2,3,49,25,24
LIMESTONE COUNTY,293,63 Years,307,134,173,205,93,112,58,19,39,1,0,1,5,1,4,38,21,17
LIMESTONE COUNTY,293,64 Years,296,132,164,207,94,113,51,17,34,1,0,1,4,0,4,33,21,12
LIMESTONE COUNTY,293,65 Years,286,135,151,206,102,104,46,17,29,1,0,1,1,0,1,32,16,16
LIMESTONE COUNTY,293,66 Years,308,148,160,229,108,121,46,21,25,1,0,1,5,2,3,27,17,10
LIMESTONE COUNTY,293,67 Years,318,157,161,227,108,119,51,25,26,1,0,1,8,4,4,31,20,11
LIMESTONE COUNTY,293,68 Years,320,156,164,236,112,124,45,20,25,0,0,0,9,4,5,30,20,10
LIMESTONE COUNTY,293,69 Years,287,134,153,206,97,109,44,18,26,1,0,1,6,2,4,30,17,13
LIMESTONE COUNTY,293,70 Years,280,123,157,199,85,114,42,17,25,2,1,1,5,2,3,32,18,14
LIMESTONE COUNTY,293,71 Years,269,126,143,198,90,108,39,16,23,2,2,0,5,4,1,25,14,11
LIMESTONE COUNTY,293,72 Years,243,119,124,185,89,96,36,17,19,0,0,0,6,5,1,16,8,8
LIMESTONE COUNTY,293,73 Years,221,104,117,179,84,95,31,15,16,0,0,0,2,1,1,9,4,5
LIMESTONE COUNTY,293,74 Years,237,110,127,200,91,109,25,11,14,0,0,0,3,2,1,9,6,3
LIMESTONE COUNTY,293,75 Years,234,111,123,195,93,102,25,10,15,0,0,0,4,2,2,10,6,4
LIMESTONE COUNTY,293,76 Years,187,89,98,153,74,79,22,9,13,0,0,0,2,1,1,10,5,5
LIMESTONE COUNTY,293,77 Years,180,83,97,141,66,75,20,6,14,1,0,1,2,1,1,16,10,6
LIMESTONE COUNTY,293,78 Years,189,87,102,147,69,78,23,8,15,0,0,0,4,2,2,15,8,7
LIMESTONE COUNTY,293,79 Years,167,71,96,130,57,73,21,6,15,0,0,0,3,2,1,13,6,7
LIMESTONE COUNTY,293,80 Years,142,58,84,116,50,66,14,3,11,0,0,0,2,2,0,10,3,7
LIMESTONE COUNTY,293,81 Years,133,56,77,111,48,63,11,3,8,0,0,0,3,2,1,8,3,5
LIMESTONE COUNTY,293,82 Years,115,51,64,97,46,51,9,2,7,0,0,0,3,1,2,6,2,4
LIMESTONE COUNTY,293,83 Years,102,48,54,88,43,45,9,3,6,0,0,0,3,1,2,2,1,1
LIMESTONE COUNTY,293,84 Years,84,37,47,72,32,40,8,3,5,0,0,0,2,1,1,2,1,1
LIMESTONE COUNTY,293,85 Years,75,33,42,60,28,32,10,3,7,0,0,0,2,1,1,3,1,2
LIMESTONE COUNTY,293,86 Years,74,32,42,59,26,33,9,4,5,0,0,0,1,0,1,5,2,3
LIMESTONE COUNTY,293,87 Years,68,30,38,55,24,31,7,3,4,0,0,0,2,1,1,4,2,2
LIMESTONE COUNTY,293,88 Years,55,22,33,47,20,27,5,1,4,0,0,0,1,0,1,2,1,1
LIMESTONE COUNTY,293,89 Years,51,22,29,45,19,26,3,1,2,0,0,0,2,1,1,1,1,0
LIMESTONE COUNTY,293,90 Years,44,17,27,36,15,21,4,1,3,0,0,0,2,0,2,2,1,1
LIMESTONE COUNTY,293,91 Years,37,13,24,29,11,18,4,2,2,0,0,0,1,0,1,3,0,3
LIMESTONE COUNTY,293,92 Years,37,14,23,29,11,18,4,1,3,0,0,0,1,1,0,3,1,2
LIMESTONE COUNTY,293,93 Years,30,10,20,23,9,14,4,1,3,2,0,2,0,0,0,1,0,1
LIMESTONE COUNTY,293,94 Years,23,8,15,17,7,10,3,0,3,1,0,1,0,0,0,2,1,1
LIMESTONE COUNTY,293,95 Years +,55,20,35,38,14,24,10,3,7,0,0,0,0,0,0,7,3,4
LIPSCOMB COUNTY,295,All Ages,2978,1509,1469,1846,905,941,0,0,0,12,4,8,60,27,33,1060,573,487
LIPSCOMB COUNTY,295,< 1 Year,37,17,20,17,8,9,0,0,0,0,0,0,2,1,1,18,8,10
LIPSCOMB COUNTY,295,1 Years,36,19,17,18,10,8,0,0,0,0,0,0,2,1,1,16,8,8
LIPSCOMB COUNTY,295,2 Years,36,18,18,18,9,9,0,0,0,0,0,0,2,1,1,16,8,8
LIPSCOMB COUNTY,295,3 Years,32,18,14,14,9,5,0,0,0,0,0,0,3,1,2,15,8,7
LIPSCOMB COUNTY,295,4 Years,32,18,14,14,8,6,0,0,0,0,0,0,1,1,0,17,9,8
LIPSCOMB COUNTY,295,5 Years,32,17,15,17,9,8,0,0,0,0,0,0,0,0,0,15,8,7
LIPSCOMB COUNTY,295,6 Years,36,18,18,19,9,10,0,0,0,0,0,0,0,0,0,17,9,8
LIPSCOMB COUNTY,295,7 Years,38,19,19,20,9,11,0,0,0,0,0,0,0,0,0,18,10,8
LIPSCOMB COUNTY,295,8 Years,38,17,21,16,7,9,0,0,0,0,0,0,2,1,1,20,9,11
LIPSCOMB COUNTY,295,9 Years,36,17,19,14,6,8,0,0,0,0,0,0,2,1,1,20,10,10
LIPSCOMB COUNTY,295,10 Years,34,17,17,14,6,8,0,0,0,0,0,0,0,0,0,20,11,9
LIPSCOMB COUNTY,295,11 Years,37,18,19,16,7,9,0,0,0,0,0,0,1,1,0,20,10,10
LIPSCOMB COUNTY,295,12 Years,40,20,20,19,9,10,0,0,0,0,0,0,0,0,0,21,11,10
LIPSCOMB COUNTY,295,13 Years,49,26,23,22,13,9,0,0,0,1,0,1,1,1,0,25,12,13
LIPSCOMB COUNTY,295,14 Years,52,24,28,21,11,10,0,0,0,1,0,1,2,1,1,28,12,16
LIPSCOMB COUNTY,295,15 Years,49,22,27,20,9,11,0,0,0,1,0,1,2,0,2,26,13,13
LIPSCOMB COUNTY,295,16 Years,47,24,23,24,14,10,0,0,0,1,0,1,1,1,0,21,9,12
LIPSCOMB COUNTY,295,17 Years,44,20,24,19,10,9,0,0,0,1,0,1,1,1,0,23,9,14
LIPSCOMB COUNTY,295,18 Years,58,34,24,30,18,12,0,0,0,0,0,0,0,0,0,28,16,12
LIPSCOMB COUNTY,295,19 Years,42,21,21,21,9,12,0,0,0,0,0,0,0,0,0,21,12,9
LIPSCOMB COUNTY,295,20 Years,43,22,21,20,10,10,0,0,0,0,0,0,2,0,2,21,12,9
LIPSCOMB COUNTY,295,21 Years,34,13,21,13,3,10,0,0,0,0,0,0,2,1,1,19,9,10
LIPSCOMB COUNTY,295,22 Years,35,14,21,18,6,12,0,0,0,0,0,0,2,1,1,15,7,8
LIPSCOMB COUNTY,295,23 Years,28,14,14,16,8,8,0,0,0,1,1,0,0,0,0,11,5,6
LIPSCOMB COUNTY,295,24 Years,25,13,12,15,8,7,0,0,0,0,0,0,0,0,0,10,5,5
LIPSCOMB COUNTY,295,25 Years,29,15,14,15,8,7,0,0,0,0,0,0,2,0,2,12,7,5
LIPSCOMB COUNTY,295,26 Years,29,16,13,16,9,7,0,0,0,0,0,0,1,0,1,12,7,5
LIPSCOMB COUNTY,295,27 Years,27,16,11,16,10,6,0,0,0,0,0,0,0,0,0,11,6,5
LIPSCOMB COUNTY,295,28 Years,27,18,9,16,10,6,0,0,0,0,0,0,2,2,0,9,6,3
LIPSCOMB COUNTY,295,29 Years,30,16,14,19,9,10,0,0,0,1,1,0,0,0,0,10,6,4
LIPSCOMB COUNTY,295,30 Years,26,14,12,16,8,8,0,0,0,2,2,0,0,0,0,8,4,4
LIPSCOMB COUNTY,295,31 Years,23,13,10,13,7,6,0,0,0,0,0,0,0,0,0,10,6,4
LIPSCOMB COUNTY,295,32 Years,23,12,11,14,7,7,0,0,0,1,0,1,0,0,0,8,5,3
LIPSCOMB COUNTY,295,33 Years,30,16,14,19,11,8,0,0,0,1,0,1,0,0,0,10,5,5
LIPSCOMB COUNTY,295,34 Years,35,21,14,18,10,8,0,0,0,0,0,0,1,0,1,16,11,5
LIPSCOMB COUNTY,295,35 Years,34,18,16,18,6,12,0,0,0,0,0,0,0,0,0,16,12,4
LIPSCOMB COUNTY,295,36 Years,38,25,13,22,13,9,0,0,0,0,0,0,0,0,0,16,12,4
LIPSCOMB COUNTY,295,37 Years,39,21,18,21,12,9,0,0,0,1,0,1,0,0,0,17,9,8
LIPSCOMB COUNTY,295,38 Years,43,26,17,20,12,8,0,0,0,0,0,0,0,0,0,23,14,9
LIPSCOMB COUNTY,295,39 Years,47,29,18,25,13,12,0,0,0,0,0,0,0,0,0,22,16,6
LIPSCOMB COUNTY,295,40 Years,43,28,15,24,14,10,0,0,0,0,0,0,0,0,0,19,14,5
LIPSCOMB COUNTY,295,41 Years,40,24,16,21,12,9,0,0,0,0,0,0,1,0,1,18,12,6
LIPSCOMB COUNTY,295,42 Years,40,25,15,17,9,8,0,0,0,0,0,0,2,2,0,21,14,7
LIPSCOMB COUNTY,295,43 Years,40,25,15,20,12,8,0,0,0,0,0,0,1,1,0,19,12,7
LIPSCOMB COUNTY,295,44 Years,34,16,18,17,7,10,0,0,0,0,0,0,1,1,0,16,8,8
LIPSCOMB COUNTY,295,45 Years,34,12,22,17,6,11,0,0,0,0,0,0,1,0,1,16,6,10
LIPSCOMB COUNTY,295,46 Years,34,13,21,19,7,12,0,0,0,0,0,0,0,0,0,15,6,9
LIPSCOMB COUNTY,295,47 Years,36,18,18,24,13,11,0,0,0,0,0,0,1,0,1,11,5,6
LIPSCOMB COUNTY,295,48 Years,27,14,13,15,9,6,0,0,0,0,0,0,1,0,1,11,5,6
LIPSCOMB COUNTY,295,49 Years,25,14,11,11,7,4,0,0,0,0,0,0,1,1,0,13,6,7
LIPSCOMB COUNTY,295,50 Years,29,14,15,16,9,7,0,0,0,0,0,0,1,0,1,12,5,7
LIPSCOMB COUNTY,295,51 Years,28,13,15,18,9,9,0,0,0,0,0,0,0,0,0,10,4,6
LIPSCOMB COUNTY,295,52 Years,28,15,13,14,6,8,0,0,0,0,0,0,1,1,0,13,8,5
LIPSCOMB COUNTY,295,53 Years,31,17,14,16,7,9,0,0,0,0,0,0,2,1,1,13,9,4
LIPSCOMB COUNTY,295,54 Years,27,16,11,16,7,9,0,0,0,0,0,0,1,1,0,10,8,2
LIPSCOMB COUNTY,295,55 Years,25,13,12,17,8,9,0,0,0,0,0,0,1,1,0,7,4,3
LIPSCOMB COUNTY,295,56 Years,33,15,18,23,10,13,0,0,0,0,0,0,1,0,1,9,5,4
LIPSCOMB COUNTY,295,57 Years,41,20,21,27,11,16,0,0,0,0,0,0,0,0,0,14,9,5
LIPSCOMB COUNTY,295,58 Years,43,25,18,28,13,15,0,0,0,0,0,0,0,0,0,15,12,3
LIPSCOMB COUNTY,295,59 Years,41,22,19,31,16,15,0,0,0,0,0,0,0,0,0,10,6,4
LIPSCOMB COUNTY,295,60 Years,43,20,23,34,17,17,0,0,0,0,0,0,0,0,0,9,3,6
LIPSCOMB COUNTY,295,61 Years,45,17,28,36,15,21,0,0,0,0,0,0,1,0,1,8,2,6
LIPSCOMB COUNTY,295,62 Years,43,22,21,34,18,16,0,0,0,0,0,0,1,0,1,8,4,4
LIPSCOMB COUNTY,295,63 Years,50,25,25,39,19,20,0,0,0,0,0,0,1,1,0,10,5,5
LIPSCOMB COUNTY,295,64 Years,47,23,24,36,18,18,0,0,0,0,0,0,0,0,0,11,5,6
LIPSCOMB COUNTY,295,65 Years,45,23,22,36,20,16,0,0,0,0,0,0,2,0,2,7,3,4
LIPSCOMB COUNTY,295,66 Years,40,23,17,33,20,13,0,0,0,0,0,0,1,0,1,6,3,3
LIPSCOMB COUNTY,295,67 Years,36,17,19,30,14,16,0,0,0,0,0,0,1,0,1,5,3,2
LIPSCOMB COUNTY,295,68 Years,38,17,21,33,13,20,0,0,0,0,0,0,0,0,0,5,4,1
LIPSCOMB COUNTY,295,69 Years,33,17,16,30,15,15,0,0,0,0,0,0,0,0,0,3,2,1
LIPSCOMB COUNTY,295,70 Years,37,23,14,32,20,12,0,0,0,0,0,0,0,0,0,5,3,2
LIPSCOMB COUNTY,295,71 Years,34,16,18,30,15,15,0,0,0,0,0,0,0,0,0,4,1,3
LIPSCOMB COUNTY,295,72 Years,29,12,17,27,11,16,0,0,0,0,0,0,0,0,0,2,1,1
LIPSCOMB COUNTY,295,73 Years,27,13,14,25,12,13,0,0,0,0,0,0,0,0,0,2,1,1
LIPSCOMB COUNTY,295,74 Years,32,16,16,28,15,13,0,0,0,0,0,0,0,0,0,4,1,3
LIPSCOMB COUNTY,295,75 Years,30,18,12,28,17,11,0,0,0,0,0,0,0,0,0,2,1,1
LIPSCOMB COUNTY,295,76 Years,19,9,10,18,9,9,0,0,0,0,0,0,0,0,0,1,0,1
LIPSCOMB COUNTY,295,77 Years,18,9,9,18,9,9,0,0,0,0,0,0,0,0,0,0,0,0
LIPSCOMB COUNTY,295,78 Years,20,8,12,19,7,12,0,0,0,0,0,0,0,0,0,1,1,0
LIPSCOMB COUNTY,295,79 Years,21,7,14,20,7,13,0,0,0,0,0,0,0,0,0,1,0,1
LIPSCOMB COUNTY,295,80 Years,22,8,14,20,7,13,0,0,0,0,0,0,0,0,0,2,1,1
LIPSCOMB COUNTY,295,81 Years,18,8,10,15,6,9,0,0,0,0,0,0,0,0,0,3,2,1
LIPSCOMB COUNTY,295,82 Years,12,5,7,10,4,6,0,0,0,0,0,0,0,0,0,2,1,1
LIPSCOMB COUNTY,295,83 Years,17,6,11,14,5,9,0,0,0,0,0,0,2,1,1,1,0,1
LIPSCOMB COUNTY,295,84 Years,16,7,9,15,6,9,0,0,0,0,0,0,0,0,0,1,1,0
LIPSCOMB COUNTY,295,85 Years,15,6,9,14,5,9,0,0,0,0,0,0,0,0,0,1,1,0
LIPSCOMB COUNTY,295,86 Years,11,3,8,9,3,6,0,0,0,0,0,0,1,0,1,1,0,1
LIPSCOMB COUNTY,295,87 Years,8,3,5,8,3,5,0,0,0,0,0,0,0,0,0,0,0,0
LIPSCOMB COUNTY,295,88 Years,7,2,5,7,2,5,0,0,0,0,0,0,0,0,0,0,0,0
LIPSCOMB COUNTY,295,89 Years,6,2,4,6,2,4,0,0,0,0,0,0,0,0,0,0,0,0
LIPSCOMB COUNTY,295,90 Years,5,1,4,5,1,4,0,0,0,0,0,0,0,0,0,0,0,0
LIPSCOMB COUNTY,295,91 Years,5,1,4,4,1,3,0,0,0,0,0,0,0,0,0,1,0,1
LIPSCOMB COUNTY,295,92 Years,5,2,3,5,2,3,0,0,0,0,0,0,0,0,0,0,0,0
LIPSCOMB COUNTY,295,93 Years,4,1,3,4,1,3,0,0,0,0,0,0,0,0,0,0,0,0
LIPSCOMB COUNTY,295,94 Years,3,1,2,3,1,2,0,0,0,0,0,0,0,0,0,0,0,0
LIPSCOMB COUNTY,295,95 Years +,8,3,5,7,3,4,0,0,0,0,0,0,0,0,0,1,0,1
LIVE OAK COUNTY,297,All Ages,11566,6343,5223,6362,3270,3092,528,480,48,59,33,26,184,112,72,4433,2448,1985
LIVE OAK COUNTY,297,< 1 Year,119,59,60,53,26,27,2,1,1,1,0,1,3,1,2,60,31,29
LIVE OAK COUNTY,297,1 Years,124,63,61,51,26,25,2,1,1,1,0,1,4,2,2,66,34,32
LIVE OAK COUNTY,297,2 Years,127,64,63,53,27,26,2,1,1,1,0,1,3,1,2,68,35,33
LIVE OAK COUNTY,297,3 Years,139,74,65,60,32,28,2,1,1,0,0,0,3,2,1,74,39,35
LIVE OAK COUNTY,297,4 Years,143,78,65,61,33,28,2,1,1,0,0,0,3,2,1,77,42,35
LIVE OAK COUNTY,297,5 Years,144,77,67,61,31,30,2,1,1,0,0,0,5,4,1,76,41,35
LIVE OAK COUNTY,297,6 Years,142,77,65,60,30,30,2,1,1,0,0,0,3,3,0,77,43,34
LIVE OAK COUNTY,297,7 Years,140,74,66,61,32,29,2,1,1,0,0,0,0,0,0,77,41,36
LIVE OAK COUNTY,297,8 Years,136,74,62,59,32,27,2,1,1,0,0,0,3,2,1,72,39,33
LIVE OAK COUNTY,297,9 Years,132,73,59,60,32,28,2,1,1,0,0,0,3,2,1,67,38,29
LIVE OAK COUNTY,297,10 Years,131,69,62,60,30,30,2,1,1,0,0,0,3,2,1,66,36,30
LIVE OAK COUNTY,297,11 Years,133,69,64,60,30,30,3,2,1,0,0,0,3,2,1,67,35,32
LIVE OAK COUNTY,297,12 Years,116,57,59,50,24,26,3,2,1,1,0,1,3,2,1,59,29,30
LIVE OAK COUNTY,297,13 Years,128,68,60,66,35,31,2,2,0,0,0,0,2,1,1,58,30,28
LIVE OAK COUNTY,297,14 Years,126,66,60,58,28,30,1,1,0,0,0,0,3,1,2,64,36,28
LIVE OAK COUNTY,297,15 Years,120,68,52,59,32,27,1,1,0,0,0,0,1,1,0,59,34,25
LIVE OAK COUNTY,297,16 Years,128,72,56,71,38,33,1,1,0,0,0,0,1,0,1,55,33,22
LIVE OAK COUNTY,297,17 Years,126,68,58,69,38,31,2,0,2,0,0,0,2,0,2,53,30,23
LIVE OAK COUNTY,297,18 Years,117,61,56,61,33,28,3,0,3,0,0,0,2,1,1,51,27,24
LIVE OAK COUNTY,297,19 Years,114,60,54,57,27,30,2,1,1,0,0,0,3,2,1,52,30,22
LIVE OAK COUNTY,297,20 Years,147,85,62,68,35,33,4,3,1,1,1,0,3,3,0,71,43,28
LIVE OAK COUNTY,297,21 Years,146,88,58,72,43,29,7,7,0,1,0,1,3,1,2,63,37,26
LIVE OAK COUNTY,297,22 Years,136,82,54,59,33,26,12,12,0,2,1,1,4,2,2,59,34,25
LIVE OAK COUNTY,297,23 Years,117,71,46,47,28,19,12,12,0,1,0,1,4,3,1,53,28,25
LIVE OAK COUNTY,297,24 Years,134,91,43,48,30,18,25,22,3,1,1,0,2,2,0,58,36,22
LIVE OAK COUNTY,297,25 Years,132,86,46,53,35,18,18,15,3,4,2,2,0,0,0,57,34,23
LIVE OAK COUNTY,297,26 Years,156,100,56,56,36,20,28,24,4,3,2,1,2,1,1,67,37,30
LIVE OAK COUNTY,297,27 Years,144,91,53,60,37,23,13,12,1,1,1,0,5,5,0,65,36,29
LIVE OAK COUNTY,297,28 Years,179,124,55,68,41,27,29,28,1,6,4,2,5,4,1,71,47,24
LIVE OAK COUNTY,297,29 Years,184,125,59,80,51,29,18,18,0,1,0,1,8,8,0,77,48,29
LIVE OAK COUNTY,297,30 Years,184,123,61,85,51,34,25,25,0,0,0,0,4,3,1,70,44,26
LIVE OAK COUNTY,297,31 Years,160,108,52,67,37,30,25,25,0,1,1,0,4,3,1,63,42,21
LIVE OAK COUNTY,297,32 Years,148,96,52,59,26,33,23,23,0,2,2,0,2,1,1,62,44,18
LIVE OAK COUNTY,297,33 Years,156,98,58,73,38,35,20,20,0,2,2,0,1,1,0,60,37,23
LIVE OAK COUNTY,297,34 Years,166,101,65,73,37,36,19,19,0,2,2,0,4,1,3,68,42,26
LIVE OAK COUNTY,297,35 Years,139,84,55,60,28,32,14,14,0,0,0,0,3,1,2,62,41,21
LIVE OAK COUNTY,297,36 Years,143,94,49,57,33,24,19,18,1,0,0,0,6,5,1,61,38,23
LIVE OAK COUNTY,297,37 Years,131,78,53,52,27,25,20,19,1,1,1,0,0,0,0,58,31,27
LIVE OAK COUNTY,297,38 Years,146,82,64,66,32,34,12,11,1,2,2,0,1,1,0,65,36,29
LIVE OAK COUNTY,297,39 Years,137,83,54,61,30,31,15,14,1,1,1,0,3,3,0,57,35,22
LIVE OAK COUNTY,297,40 Years,136,82,54,62,33,29,14,13,1,2,2,0,4,4,0,54,30,24
LIVE OAK COUNTY,297,41 Years,137,81,56,68,38,30,8,7,1,1,1,0,1,1,0,59,34,25
LIVE OAK COUNTY,297,42 Years,140,84,56,72,37,35,8,7,1,0,0,0,3,3,0,57,37,20
LIVE OAK COUNTY,297,43 Years,134,78,56,68,34,34,10,10,0,0,0,0,1,1,0,55,33,22
LIVE OAK COUNTY,297,44 Years,140,88,52,59,34,25,17,17,0,1,1,0,2,1,1,61,35,26
LIVE OAK COUNTY,297,45 Years,106,63,43,51,30,21,6,5,1,1,1,0,0,0,0,48,27,21
LIVE OAK COUNTY,297,46 Years,126,66,60,67,33,34,6,6,0,1,1,0,0,0,0,52,26,26
LIVE OAK COUNTY,297,47 Years,140,78,62,71,34,37,7,7,0,0,0,0,3,3,0,59,34,25
LIVE OAK COUNTY,297,48 Years,134,68,66,76,36,40,6,6,0,0,0,0,2,1,1,50,25,25
LIVE OAK COUNTY,297,49 Years,120,63,57,69,36,33,6,6,0,0,0,0,2,1,1,43,20,23
LIVE OAK COUNTY,297,50 Years,112,58,54,69,35,34,3,3,0,1,0,1,1,0,1,38,20,18
LIVE OAK COUNTY,297,51 Years,101,49,52,62,28,34,0,0,0,1,0,1,1,0,1,37,21,16
LIVE OAK COUNTY,297,52 Years,122,72,50,63,32,31,8,8,0,0,0,0,3,3,0,48,29,19
LIVE OAK COUNTY,297,53 Years,111,60,51,61,29,32,1,1,0,0,0,0,3,1,2,46,29,17
LIVE OAK COUNTY,297,54 Years,122,65,57,72,35,37,2,2,0,0,0,0,1,0,1,47,28,19
LIVE OAK COUNTY,297,55 Years,112,57,55,63,32,31,0,0,0,0,0,0,0,0,0,49,25,24
LIVE OAK COUNTY,297,56 Years,118,61,57,64,31,33,1,1,0,0,0,0,0,0,0,53,29,24
LIVE OAK COUNTY,297,57 Years,138,67,71,85,36,49,3,3,0,1,1,0,1,1,0,48,26,22
LIVE OAK COUNTY,297,58 Years,145,64,81,99,41,58,1,1,0,0,0,0,1,0,1,44,22,22
LIVE OAK COUNTY,297,59 Years,169,71,98,117,48,69,4,2,2,0,0,0,2,0,2,46,21,25
LIVE OAK COUNTY,297,60 Years,163,83,80,115,58,57,4,3,1,0,0,0,2,0,2,42,22,20
LIVE OAK COUNTY,297,61 Years,161,88,73,116,61,55,2,2,0,0,0,0,0,0,0,43,25,18
LIVE OAK COUNTY,297,62 Years,168,88,80,118,61,57,3,3,0,1,0,1,1,0,1,45,24,21
LIVE OAK COUNTY,297,63 Years,148,72,76,103,51,52,1,0,1,1,0,1,2,0,2,41,21,20
LIVE OAK COUNTY,297,64 Years,167,84,83,109,52,57,2,1,1,2,0,2,2,1,1,52,30,22
LIVE OAK COUNTY,297,65 Years,168,88,80,112,56,56,3,2,1,1,0,1,2,1,1,50,29,21
LIVE OAK COUNTY,297,66 Years,159,77,82,109,53,56,1,1,0,1,0,1,2,1,1,46,22,24
LIVE OAK COUNTY,297,67 Years,161,82,79,116,61,55,1,0,1,1,0,1,2,1,1,41,20,21
LIVE OAK COUNTY,297,68 Years,145,72,73,101,51,50,1,0,1,0,0,0,1,0,1,42,21,21
LIVE OAK COUNTY,297,69 Years,144,75,69,105,56,49,1,1,0,0,0,0,3,1,2,35,17,18
LIVE OAK COUNTY,297,70 Years,138,69,69,103,54,49,0,0,0,1,1,0,3,1,2,31,13,18
LIVE OAK COUNTY,297,71 Years,124,61,63,90,46,44,0,0,0,1,1,0,1,0,1,32,14,18
LIVE OAK COUNTY,297,72 Years,128,59,69,92,44,48,0,0,0,0,0,0,0,0,0,36,15,21
LIVE OAK COUNTY,297,73 Years,130,61,69,98,46,52,0,0,0,0,0,0,0,0,0,32,15,17
LIVE OAK COUNTY,297,74 Years,118,59,59,87,44,43,0,0,0,1,0,1,1,1,0,29,14,15
LIVE OAK COUNTY,297,75 Years,118,58,60,88,44,44,0,0,0,0,0,0,2,1,1,28,13,15
LIVE OAK COUNTY,297,76 Years,109,54,55,78,43,35,0,0,0,1,0,1,2,0,2,28,11,17
LIVE OAK COUNTY,297,77 Years,98,48,50,72,39,33,0,0,0,1,0,1,2,1,1,23,8,15
LIVE OAK COUNTY,297,78 Years,102,54,48,78,43,35,0,0,0,0,0,0,2,1,1,22,10,12
LIVE OAK COUNTY,297,79 Years,94,52,42,75,42,33,0,0,0,1,0,1,1,0,1,17,10,7
LIVE OAK COUNTY,297,80 Years,85,45,40,67,35,32,0,0,0,1,1,0,2,1,1,15,8,7
LIVE OAK COUNTY,297,81 Years,78,42,36,64,35,29,0,0,0,0,0,0,1,0,1,13,7,6
LIVE OAK COUNTY,297,82 Years,65,33,32,51,27,24,0,0,0,0,0,0,0,0,0,14,6,8
LIVE OAK COUNTY,297,83 Years,60,29,31,45,22,23,0,0,0,0,0,0,0,0,0,15,7,8
LIVE OAK COUNTY,297,84 Years,52,25,27,40,20,20,0,0,0,0,0,0,0,0,0,12,5,7
LIVE OAK COUNTY,297,85 Years,47,23,24,35,17,18,0,0,0,0,0,0,0,0,0,12,6,6
LIVE OAK COUNTY,297,86 Years,46,22,24,34,17,17,0,0,0,0,0,0,0,0,0,12,5,7
LIVE OAK COUNTY,297,87 Years,46,22,24,33,15,18,0,0,0,0,0,0,2,2,0,11,5,6
LIVE OAK COUNTY,297,88 Years,38,16,22,30,13,17,0,0,0,0,0,0,0,0,0,8,3,5
LIVE OAK COUNTY,297,89 Years,31,12,19,23,10,13,0,0,0,0,0,0,0,0,0,8,2,6
LIVE OAK COUNTY,297,90 Years,28,12,16,20,9,11,0,0,0,0,0,0,0,0,0,8,3,5
LIVE OAK COUNTY,297,91 Years,27,11,16,20,8,12,0,0,0,0,0,0,0,0,0,7,3,4
LIVE OAK COUNTY,297,92 Years,22,7,15,17,5,12,0,0,0,0,0,0,0,0,0,5,2,3
LIVE OAK COUNTY,297,93 Years,16,6,10,13,5,8,0,0,0,0,0,0,0,0,0,3,1,2
LIVE OAK COUNTY,297,94 Years,12,4,8,9,3,6,0,0,0,0,0,0,0,0,0,3,1,2
LIVE OAK COUNTY,297,95 Years +,37,14,23,24,8,16,0,0,0,0,0,0,0,0,0,13,6,7
LLANO COUNTY,299,All Ages,23117,11187,11930,19606,9466,10140,153,85,68,110,43,67,426,216,210,2822,1377,1445
LLANO COUNTY,299,< 1 Year,156,80,76,100,52,48,3,1,2,1,0,1,8,4,4,44,23,21
LLANO COUNTY,299,1 Years,207,107,100,133,68,65,4,2,2,1,1,0,9,5,4,60,31,29
LLANO COUNTY,299,2 Years,206,105,101,134,69,65,3,1,2,1,0,1,9,5,4,59,30,29
LLANO COUNTY,299,3 Years,195,99,96,128,64,64,1,0,1,1,0,1,6,4,2,59,31,28
LLANO COUNTY,299,4 Years,187,92,95,122,59,63,2,1,1,1,0,1,5,3,2,57,29,28
LLANO COUNTY,299,5 Years,185,94,91,125,62,63,2,2,0,1,0,1,7,4,3,50,26,24
LLANO COUNTY,299,6 Years,187,95,92,128,64,64,2,2,0,2,2,0,6,4,2,49,23,26
LLANO COUNTY,299,7 Years,186,94,92,129,66,63,3,2,1,0,0,0,5,2,3,49,24,25
LLANO COUNTY,299,8 Years,200,116,84,145,82,63,2,1,1,2,2,0,7,4,3,44,27,17
LLANO COUNTY,299,9 Years,197,114,83,145,83,62,3,1,2,1,1,0,9,6,3,39,23,16
LLANO COUNTY,299,10 Years,193,115,78,138,78,60,3,2,1,1,1,0,9,7,2,42,27,15
LLANO COUNTY,299,11 Years,187,106,81,129,70,59,2,2,0,1,1,0,8,5,3,47,28,19
LLANO COUNTY,299,12 Years,168,89,79,115,65,50,1,0,1,1,1,0,9,6,3,42,17,25
LLANO COUNTY,299,13 Years,171,85,86,126,65,61,2,1,1,1,0,1,7,4,3,35,15,20
LLANO COUNTY,299,14 Years,213,107,106,156,74,82,2,1,1,1,1,0,6,3,3,48,28,20
LLANO COUNTY,299,15 Years,204,97,107,147,67,80,2,1,1,0,0,0,4,1,3,51,28,23
LLANO COUNTY,299,16 Years,181,89,92,130,67,63,2,1,1,1,0,1,3,1,2,45,20,25
LLANO COUNTY,299,17 Years,174,89,85,131,72,59,2,1,1,1,0,1,3,0,3,37,16,21
LLANO COUNTY,299,18 Years,185,100,85,139,77,62,1,1,0,1,0,1,3,1,2,41,21,20
LLANO COUNTY,299,19 Years,184,103,81,130,77,53,1,1,0,1,0,1,3,2,1,49,23,26
LLANO COUNTY,299,20 Years,201,109,92,144,81,63,1,1,0,1,0,1,4,3,1,51,24,27
LLANO COUNTY,299,21 Years,206,111,95,146,80,66,1,1,0,1,0,1,6,4,2,52,26,26
LLANO COUNTY,299,22 Years,175,91,84,127,69,58,0,0,0,2,0,2,3,1,2,43,21,22
LLANO COUNTY,299,23 Years,155,83,72,113,61,52,1,1,0,3,0,3,4,2,2,34,19,15
LLANO COUNTY,299,24 Years,156,86,70,115,61,54,0,0,0,1,0,1,5,2,3,35,23,12
LLANO COUNTY,299,25 Years,167,88,79,129,69,60,0,0,0,0,0,0,4,1,3,34,18,16
LLANO COUNTY,299,26 Years,188,95,93,145,74,71,0,0,0,0,0,0,4,2,2,39,19,20
LLANO COUNTY,299,27 Years,192,94,98,151,76,75,1,0,1,2,0,2,4,2,2,34,16,18
LLANO COUNTY,299,28 Years,191,100,91,139,75,64,1,0,1,2,0,2,6,4,2,43,21,22
LLANO COUNTY,299,29 Years,180,91,89,141,70,71,2,2,0,0,0,0,4,3,1,33,16,17
LLANO COUNTY,299,30 Years,190,99,91,147,70,77,2,2,0,0,0,0,6,4,2,35,23,12
LLANO COUNTY,299,31 Years,182,88,94,134,63,71,3,2,1,0,0,0,8,3,5,37,20,17
LLANO COUNTY,299,32 Years,178,79,99,128,59,69,3,0,3,0,0,0,5,3,2,42,17,25
LLANO COUNTY,299,33 Years,183,71,112,125,52,73,3,0,3,0,0,0,6,3,3,49,16,33
LLANO COUNTY,299,34 Years,173,75,98,128,56,72,2,0,2,1,1,0,5,2,3,37,16,21
LLANO COUNTY,299,35 Years,171,89,82,126,60,66,2,0,2,1,1,0,5,2,3,37,26,11
LLANO COUNTY,299,36 Years,174,97,77,134,70,64,3,1,2,2,1,1,3,2,1,32,23,9
LLANO COUNTY,299,37 Years,164,87,77,131,66,65,4,2,2,1,1,0,3,3,0,25,15,10
LLANO COUNTY,299,38 Years,173,95,78,137,72,65,3,1,2,2,2,0,6,3,3,25,17,8
LLANO COUNTY,299,39 Years,168,86,82,135,67,68,3,1,2,0,0,0,3,1,2,27,17,10
LLANO COUNTY,299,40 Years,180,83,97,135,62,73,3,2,1,2,1,1,1,1,0,39,17,22
LLANO COUNTY,299,41 Years,188,94,94,147,71,76,2,2,0,2,1,1,5,4,1,32,16,16
LLANO COUNTY,299,42 Years,177,90,87,143,74,69,2,2,0,1,0,1,4,2,2,27,12,15
LLANO COUNTY,299,43 Years,173,84,89,135,70,65,2,2,0,2,0,2,2,1,1,32,11,21
LLANO COUNTY,299,44 Years,156,75,81,125,63,62,1,1,0,1,0,1,3,1,2,26,10,16
LLANO COUNTY,299,45 Years,163,80,83,136,68,68,1,0,1,1,0,1,3,1,2,22,11,11
LLANO COUNTY,299,46 Years,175,82,93,144,69,75,1,1,0,1,0,1,3,1,2,26,11,15
LLANO COUNTY,299,47 Years,191,94,97,158,81,77,2,2,0,3,0,3,2,1,1,26,10,16
LLANO COUNTY,299,48 Years,195,96,99,165,81,84,1,1,0,4,1,3,1,0,1,24,13,11
LLANO COUNTY,299,49 Years,186,86,100,154,69,85,3,3,0,3,2,1,1,0,1,25,12,13
LLANO COUNTY,299,50 Years,207,93,114,172,75,97,5,3,2,1,1,0,4,3,1,25,11,14
LLANO COUNTY,299,51 Years,259,122,137,216,98,118,1,1,0,2,2,0,3,2,1,37,19,18
LLANO COUNTY,299,52 Years,276,134,142,224,114,110,0,0,0,3,2,1,4,3,1,45,15,30
LLANO COUNTY,299,53 Years,267,124,143,230,109,121,1,0,1,3,2,1,3,2,1,30,11,19
LLANO COUNTY,299,54 Years,238,110,128,208,94,114,1,0,1,4,3,1,2,1,1,23,12,11
LLANO COUNTY,299,55 Years,249,110,139,205,94,111,1,0,1,3,1,2,4,1,3,36,14,22
LLANO COUNTY,299,56 Years,280,133,147,240,117,123,1,0,1,1,0,1,4,1,3,34,15,19
LLANO COUNTY,299,57 Years,291,136,155,250,114,136,4,3,1,0,0,0,6,3,3,31,16,15
LLANO COUNTY,299,58 Years,323,150,173,265,126,139,6,5,1,2,0,2,11,3,8,39,16,23
LLANO COUNTY,299,59 Years,352,177,175,304,156,148,5,3,2,2,0,2,7,3,4,34,15,19
LLANO COUNTY,299,60 Years,354,178,176,315,159,156,5,2,3,2,2,0,2,1,1,30,14,16
LLANO COUNTY,299,61 Years,390,181,209,345,164,181,2,0,2,1,1,0,4,1,3,38,15,23
LLANO COUNTY,299,62 Years,414,179,235,358,154,204,4,2,2,0,0,0,8,4,4,44,19,25
LLANO COUNTY,299,63 Years,433,188,245,387,163,224,4,2,2,0,0,0,5,3,2,37,20,17
LLANO COUNTY,299,64 Years,446,205,241,401,183,218,5,2,3,0,0,0,5,4,1,35,16,19
LLANO COUNTY,299,65 Years,465,222,243,422,200,222,3,2,1,2,0,2,4,4,0,34,16,18
LLANO COUNTY,299,66 Years,472,218,254,436,201,235,3,3,0,0,0,0,4,2,2,29,12,17
LLANO COUNTY,299,67 Years,488,206,282,450,195,255,0,0,0,3,0,3,5,1,4,30,10,20
LLANO COUNTY,299,68 Years,522,228,294,488,213,275,0,0,0,3,1,2,6,3,3,25,11,14
LLANO COUNTY,299,69 Years,514,233,281,485,221,264,1,0,1,0,0,0,9,4,5,19,8,11
LLANO COUNTY,299,70 Years,507,230,277,481,218,263,1,0,1,1,0,1,8,4,4,16,8,8
LLANO COUNTY,299,71 Years,510,236,274,475,224,251,1,0,1,1,0,1,5,2,3,28,10,18
LLANO COUNTY,299,72 Years,515,231,284,491,222,269,0,0,0,1,0,1,5,2,3,18,7,11
LLANO COUNTY,299,73 Years,467,209,258,447,202,245,0,0,0,1,0,1,6,2,4,13,5,8
LLANO COUNTY,299,74 Years,464,227,237,442,218,224,0,0,0,3,1,2,7,3,4,12,5,7
LLANO COUNTY,299,75 Years,484,234,250,456,224,232,0,0,0,2,0,2,12,4,8,14,6,8
LLANO COUNTY,299,76 Years,421,206,215,396,198,198,0,0,0,1,0,1,9,3,6,15,5,10
LLANO COUNTY,299,77 Years,369,178,191,353,171,182,0,0,0,1,0,1,3,1,2,12,6,6
LLANO COUNTY,299,78 Years,363,175,188,349,168,181,1,1,0,1,1,0,3,1,2,9,4,5
LLANO COUNTY,299,79 Years,341,171,170,329,165,164,0,0,0,1,1,0,4,2,2,7,3,4
LLANO COUNTY,299,80 Years,316,164,152,308,160,148,0,0,0,1,1,0,3,1,2,4,2,2
LLANO COUNTY,299,81 Years,269,132,137,261,128,133,0,0,0,1,1,0,2,0,2,5,3,2
LLANO COUNTY,299,82 Years,226,110,116,217,105,112,0,0,0,2,1,1,2,2,0,5,2,3
LLANO COUNTY,299,83 Years,201,100,101,192,95,97,0,0,0,2,1,1,2,2,0,5,2,3
LLANO COUNTY,299,84 Years,197,96,101,191,92,99,0,0,0,0,0,0,1,1,0,5,3,2
LLANO COUNTY,299,85 Years,182,88,94,174,84,90,1,1,0,0,0,0,2,1,1,5,2,3
LLANO COUNTY,299,86 Years,154,73,81,148,71,77,0,0,0,0,0,0,1,0,1,5,2,3
LLANO COUNTY,299,87 Years,136,69,67,128,65,63,1,1,0,0,0,0,2,1,1,5,2,3
LLANO COUNTY,299,88 Years,118,58,60,114,56,58,0,0,0,0,0,0,1,0,1,3,2,1
LLANO COUNTY,299,89 Years,103,46,57,101,45,56,0,0,0,0,0,0,1,1,0,1,0,1
LLANO COUNTY,299,90 Years,92,40,52,90,39,51,0,0,0,0,0,0,1,1,0,1,0,1
LLANO COUNTY,299,91 Years,77,34,43,76,33,43,0,0,0,0,0,0,0,0,0,1,1,0
LLANO COUNTY,299,92 Years,64,28,36,63,27,36,0,0,0,0,0,0,0,0,0,1,1,0
LLANO COUNTY,299,93 Years,52,23,29,49,21,28,0,0,0,0,0,0,0,0,0,3,2,1
LLANO COUNTY,299,94 Years,39,16,23,38,15,23,0,0,0,0,0,0,0,0,0,1,1,0
LLANO COUNTY,299,95 Years +,93,32,61,89,30,59,0,0,0,0,0,0,1,0,1,3,2,1
LOVING COUNTY,301,All Ages,52,42,10,39,29,10,0,0,0,0,0,0,3,3,0,10,10,0
LOVING COUNTY,301,< 1 Year,0,0,0,0,0,0,0,0,0,0,0,0,0,0,0,0,0,0
LOVING COUNTY,301,1 Years,0,0,0,0,0,0,0,0,0,0,0,0,0,0,0,0,0,0
LOVING COUNTY,301,2 Years,0,0,0,0,0,0,0,0,0,0,0,0,0,0,0,0,0,0
LOVING COUNTY,301,3 Years,0,0,0,0,0,0,0,0,0,0,0,0,0,0,0,0,0,0
LOVING COUNTY,301,4 Years,0,0,0,0,0,0,0,0,0,0,0,0,0,0,0,0,0,0
LOVING COUNTY,301,5 Years,1,1,0,1,1,0,0,0,0,0,0,0,0,0,0,0,0,0
LOVING COUNTY,301,6 Years,0,0,0,0,0,0,0,0,0,0,0,0,0,0,0,0,0,0
LOVING COUNTY,301,7 Years,1,1,0,1,1,0,0,0,0,0,0,0,0,0,0,0,0,0
LOVING COUNTY,301,8 Years,1,0,1,1,0,1,0,0,0,0,0,0,0,0,0,0,0,0
LOVING COUNTY,301,9 Years,1,0,1,1,0,1,0,0,0,0,0,0,0,0,0,0,0,0
LOVING COUNTY,301,10 Years,1,1,0,1,1,0,0,0,0,0,0,0,0,0,0,0,0,0
LOVING COUNTY,301,11 Years,2,1,1,2,1,1,0,0,0,0,0,0,0,0,0,0,0,0
LOVING COUNTY,301,12 Years,1,0,1,1,0,1,0,0,0,0,0,0,0,0,0,0,0,0
LOVING COUNTY,301,13 Years,1,1,0,0,0,0,0,0,0,0,0,0,0,0,0,1,1,0
LOVING COUNTY,301,14 Years,3,3,0,2,2,0,0,0,0,0,0,0,0,0,0,1,1,0
LOVING COUNTY,301,15 Years,0,0,0,0,0,0,0,0,0,0,0,0,0,0,0,0,0,0
LOVING COUNTY,301,16 Years,3,0,3,3,0,3,0,0,0,0,0,0,0,0,0,0,0,0
LOVING COUNTY,301,17 Years,1,0,1,1,0,1,0,0,0,0,0,0,0,0,0,0,0,0
LOVING COUNTY,301,18 Years,0,0,0,0,0,0,0,0,0,0,0,0,0,0,0,0,0,0
LOVING COUNTY,301,19 Years,0,0,0,0,0,0,0,0,0,0,0,0,0,0,0,0,0,0
LOVING COUNTY,301,20 Years,2,2,0,2,2,0,0,0,0,0,0,0,0,0,0,0,0,0
LOVING COUNTY,301,21 Years,1,1,0,1,1,0,0,0,0,0,0,0,0,0,0,0,0,0
LOVING COUNTY,301,22 Years,1,0,1,1,0,1,0,0,0,0,0,0,0,0,0,0,0,0
LOVING COUNTY,301,23 Years,0,0,0,0,0,0,0,0,0,0,0,0,0,0,0,0,0,0
LOVING COUNTY,301,24 Years,1,1,0,1,1,0,0,0,0,0,0,0,0,0,0,0,0,0
LOVING COUNTY,301,25 Years,1,1,0,1,1,0,0,0,0,0,0,0,0,0,0,0,0,0
LOVING COUNTY,301,26 Years,0,0,0,0,0,0,0,0,0,0,0,0,0,0,0,0,0,0
LOVING COUNTY,301,27 Years,1,1,0,1,1,0,0,0,0,0,0,0,0,0,0,0,0,0
LOVING COUNTY,301,28 Years,0,0,0,0,0,0,0,0,0,0,0,0,0,0,0,0,0,0
LOVING COUNTY,301,29 Years,0,0,0,0,0,0,0,0,0,0,0,0,0,0,0,0,0,0
LOVING COUNTY,301,30 Years,0,0,0,0,0,0,0,0,0,0,0,0,0,0,0,0,0,0
LOVING COUNTY,301,31 Years,3,3,0,3,3,0,0,0,0,0,0,0,0,0,0,0,0,0
LOVING COUNTY,301,32 Years,0,0,0,0,0,0,0,0,0,0,0,0,0,0,0,0,0,0
LOVING COUNTY,301,33 Years,1,0,1,1,0,1,0,0,0,0,0,0,0,0,0,0,0,0
LOVING COUNTY,301,34 Years,1,1,0,0,0,0,0,0,0,0,0,0,0,0,0,1,1,0
LOVING COUNTY,301,35 Years,1,1,0,1,1,0,0,0,0,0,0,0,0,0,0,0,0,0
LOVING COUNTY,301,36 Years,0,0,0,0,0,0,0,0,0,0,0,0,0,0,0,0,0,0
LOVING COUNTY,301,37 Years,0,0,0,0,0,0,0,0,0,0,0,0,0,0,0,0,0,0
LOVING COUNTY,301,38 Years,1,1,0,1,1,0,0,0,0,0,0,0,0,0,0,0,0,0
LOVING COUNTY,301,39 Years,0,0,0,0,0,0,0,0,0,0,0,0,0,0,0,0,0,0
LOVING COUNTY,301,40 Years,3,3,0,1,1,0,0,0,0,0,0,0,0,0,0,2,2,0
LOVING COUNTY,301,41 Years,1,1,0,0,0,0,0,0,0,0,0,0,0,0,0,1,1,0
LOVING COUNTY,301,42 Years,1,1,0,1,1,0,0,0,0,0,0,0,0,0,0,0,0,0
LOVING COUNTY,301,43 Years,0,0,0,0,0,0,0,0,0,0,0,0,0,0,0,0,0,0
LOVING COUNTY,301,44 Years,0,0,0,0,0,0,0,0,0,0,0,0,0,0,0,0,0,0
LOVING COUNTY,301,45 Years,0,0,0,0,0,0,0,0,0,0,0,0,0,0,0,0,0,0
LOVING COUNTY,301,46 Years,2,2,0,2,2,0,0,0,0,0,0,0,0,0,0,0,0,0
LOVING COUNTY,301,47 Years,0,0,0,0,0,0,0,0,0,0,0,0,0,0,0,0,0,0
LOVING COUNTY,301,48 Years,1,1,0,1,1,0,0,0,0,0,0,0,0,0,0,0,0,0
LOVING COUNTY,301,49 Years,0,0,0,0,0,0,0,0,0,0,0,0,0,0,0,0,0,0
LOVING COUNTY,301,50 Years,1,1,0,1,1,0,0,0,0,0,0,0,0,0,0,0,0,0
LOVING COUNTY,301,51 Years,1,1,0,1,1,0,0,0,0,0,0,0,0,0,0,0,0,0
LOVING COUNTY,301,52 Years,0,0,0,0,0,0,0,0,0,0,0,0,0,0,0,0,0,0
LOVING COUNTY,301,53 Years,0,0,0,0,0,0,0,0,0,0,0,0,0,0,0,0,0,0
LOVING COUNTY,301,54 Years,2,2,0,1,1,0,0,0,0,0,0,0,0,0,0,1,1,0
LOVING COUNTY,301,55 Years,1,1,0,1,1,0,0,0,0,0,0,0,0,0,0,0,0,0
LOVING COUNTY,301,56 Years,1,1,0,1,1,0,0,0,0,0,0,0,0,0,0,0,0,0
LOVING COUNTY,301,57 Years,0,0,0,0,0,0,0,0,0,0,0,0,0,0,0,0,0,0
LOVING COUNTY,301,58 Years,1,1,0,0,0,0,0,0,0,0,0,0,0,0,0,1,1,0
LOVING COUNTY,301,59 Years,0,0,0,0,0,0,0,0,0,0,0,0,0,0,0,0,0,0
LOVING COUNTY,301,60 Years,1,1,0,1,1,0,0,0,0,0,0,0,0,0,0,0,0,0
LOVING COUNTY,301,61 Years,0,0,0,0,0,0,0,0,0,0,0,0,0,0,0,0,0,0
LOVING COUNTY,301,62 Years,0,0,0,0,0,0,0,0,0,0,0,0,0,0,0,0,0,0
LOVING COUNTY,301,63 Years,0,0,0,0,0,0,0,0,0,0,0,0,0,0,0,0,0,0
LOVING COUNTY,301,64 Years,0,0,0,0,0,0,0,0,0,0,0,0,0,0,0,0,0,0
LOVING COUNTY,301,65 Years,0,0,0,0,0,0,0,0,0,0,0,0,0,0,0,0,0,0
LOVING COUNTY,301,66 Years,1,1,0,0,0,0,0,0,0,0,0,0,0,0,0,1,1,0
LOVING COUNTY,301,67 Years,1,1,0,0,0,0,0,0,0,0,0,0,0,0,0,1,1,0
LOVING COUNTY,301,68 Years,1,1,0,1,1,0,0,0,0,0,0,0,0,0,0,0,0,0
LOVING COUNTY,301,69 Years,1,1,0,0,0,0,0,0,0,0,0,0,1,1,0,0,0,0
LOVING COUNTY,301,70 Years,1,1,0,0,0,0,0,0,0,0,0,0,1,1,0,0,0,0
LOVING COUNTY,301,71 Years,0,0,0,0,0,0,0,0,0,0,0,0,0,0,0,0,0,0
LOVING COUNTY,301,72 Years,1,1,0,0,0,0,0,0,0,0,0,0,1,1,0,0,0,0
LOVING COUNTY,301,73 Years,0,0,0,0,0,0,0,0,0,0,0,0,0,0,0,0,0,0
LOVING COUNTY,301,74 Years,0,0,0,0,0,0,0,0,0,0,0,0,0,0,0,0,0,0
LOVING COUNTY,301,75 Years,0,0,0,0,0,0,0,0,0,0,0,0,0,0,0,0,0,0
LOVING COUNTY,301,76 Years,0,0,0,0,0,0,0,0,0,0,0,0,0,0,0,0,0,0
LOVING COUNTY,301,77 Years,0,0,0,0,0,0,0,0,0,0,0,0,0,0,0,0,0,0
LOVING COUNTY,301,78 Years,0,0,0,0,0,0,0,0,0,0,0,0,0,0,0,0,0,0
LOVING COUNTY,301,79 Years,0,0,0,0,0,0,0,0,0,0,0,0,0,0,0,0,0,0
LOVING COUNTY,301,80 Years,0,0,0,0,0,0,0,0,0,0,0,0,0,0,0,0,0,0
LOVING COUNTY,301,81 Years,0,0,0,0,0,0,0,0,0,0,0,0,0,0,0,0,0,0
LOVING COUNTY,301,82 Years,0,0,0,0,0,0,0,0,0,0,0,0,0,0,0,0,0,0
LOVING COUNTY,301,83 Years,0,0,0,0,0,0,0,0,0,0,0,0,0,0,0,0,0,0
LOVING COUNTY,301,84 Years,0,0,0,0,0,0,0,0,0,0,0,0,0,0,0,0,0,0
LOVING COUNTY,301,85 Years,0,0,0,0,0,0,0,0,0,0,0,0,0,0,0,0,0,0
LOVING COUNTY,301,86 Years,0,0,0,0,0,0,0,0,0,0,0,0,0,0,0,0,0,0
LOVING COUNTY,301,87 Years,0,0,0,0,0,0,0,0,0,0,0,0,0,0,0,0,0,0
LOVING COUNTY,301,88 Years,0,0,0,0,0,0,0,0,0,0,0,0,0,0,0,0,0,0
LOVING COUNTY,301,89 Years,0,0,0,0,0,0,0,0,0,0,0,0,0,0,0,0,0,0
LOVING COUNTY,301,90 Years,0,0,0,0,0,0,0,0,0,0,0,0,0,0,0,0,0,0
LOVING COUNTY,301,91 Years,0,0,0,0,0,0,0,0,0,0,0,0,0,0,0,0,0,0
LOVING COUNTY,301,92 Years,0,0,0,0,0,0,0,0,0,0,0,0,0,0,0,0,0,0
LOVING COUNTY,301,93 Years,0,0,0,0,0,0,0,0,0,0,0,0,0,0,0,0,0,0
LOVING COUNTY,301,94 Years,0,0,0,0,0,0,0,0,0,0,0,0,0,0,0,0,0,0
LOVING COUNTY,301,95 Years +,0,0,0,0,0,0,0,0,0,0,0,0,0,0,0,0,0,0
LUBBOCK COUNTY,303,All Ages,322128,158493,163635,164265,80208,84057,23584,11754,11830,8069,4241,3828,6536,3327,3209,119674,58963,60711
LUBBOCK COUNTY,303,< 1 Year,4754,2425,2329,1856,947,909,375,193,182,84,43,41,237,122,115,2202,1120,1082
LUBBOCK COUNTY,303,1 Years,4779,2437,2342,1865,951,914,370,189,181,80,41,39,188,96,92,2276,1160,1116
LUBBOCK COUNTY,303,2 Years,4582,2335,2247,1776,905,871,352,179,173,75,39,36,178,91,87,2201,1121,1080
LUBBOCK COUNTY,303,3 Years,4041,2080,1961,1551,797,754,326,166,160,53,27,26,133,69,64,1978,1021,957
LUBBOCK COUNTY,303,4 Years,3919,2020,1899,1499,773,726,323,164,159,54,27,27,121,63,58,1922,993,929
LUBBOCK COUNTY,303,5 Years,3999,2036,1963,1549,790,759,324,166,158,63,31,32,128,66,62,1935,983,952
LUBBOCK COUNTY,303,6 Years,4099,2076,2023,1607,809,798,336,172,164,75,38,37,131,66,65,1950,991,959
LUBBOCK COUNTY,303,7 Years,4199,2121,2078,1656,825,831,348,177,171,82,44,38,134,68,66,1979,1007,972
LUBBOCK COUNTY,303,8 Years,4176,2116,2060,1630,802,828,352,185,167,75,39,36,134,69,65,1985,1021,964
LUBBOCK COUNTY,303,9 Years,4128,2088,2040,1607,806,801,349,186,163,71,36,35,133,72,61,1968,988,980
LUBBOCK COUNTY,303,10 Years,4039,2053,1986,1587,808,779,336,180,156,68,35,33,128,70,58,1920,960,960
LUBBOCK COUNTY,303,11 Years,4014,2036,1978,1565,806,759,321,174,147,62,32,30,118,63,55,1948,961,987
LUBBOCK COUNTY,303,12 Years,4020,2048,1972,1538,794,744,319,171,148,61,34,27,110,62,48,1992,987,1005
LUBBOCK COUNTY,303,13 Years,4102,2082,2020,1603,814,789,361,170,191,59,33,26,108,59,49,1971,1006,965
LUBBOCK COUNTY,303,14 Years,4187,2117,2070,1626,819,807,365,168,197,68,37,31,109,64,45,2019,1029,990
LUBBOCK COUNTY,303,15 Years,4205,2126,2079,1625,813,812,360,167,193,76,43,33,105,58,47,2039,1045,994
LUBBOCK COUNTY,303,16 Years,4065,2056,2009,1536,787,749,353,167,186,81,45,36,99,49,50,1996,1008,988
LUBBOCK COUNTY,303,17 Years,4145,2110,2035,1586,814,772,370,184,186,87,47,40,91,46,45,2011,1019,992
LUBBOCK COUNTY,303,18 Years,4527,2273,2254,1910,951,959,401,211,190,92,45,47,109,54,55,2015,1012,1003
LUBBOCK COUNTY,303,19 Years,5049,2607,2442,2359,1212,1147,420,216,204,90,47,43,119,64,55,2061,1068,993
LUBBOCK COUNTY,303,20 Years,5198,2656,2542,2436,1232,1204,425,218,207,118,68,50,96,54,42,2123,1084,1039
LUBBOCK COUNTY,303,21 Years,6612,3289,3323,3294,1573,1721,540,288,252,190,117,73,130,63,67,2458,1248,1210
LUBBOCK COUNTY,303,22 Years,8803,4435,4368,4914,2459,2455,619,334,285,248,144,104,192,87,105,2830,1411,1419
LUBBOCK COUNTY,303,23 Years,9918,5060,4858,5619,2868,2751,669,345,324,332,195,137,234,141,93,3064,1511,1553
LUBBOCK COUNTY,303,24 Years,9839,5058,4781,5500,2823,2677,687,365,322,380,243,137,206,121,85,3066,1506,1560
LUBBOCK COUNTY,303,25 Years,9371,4882,4489,5225,2729,2496,632,347,285,381,231,150,209,115,94,2924,1460,1464
LUBBOCK COUNTY,303,26 Years,7965,4149,3816,4249,2229,2020,551,307,244,310,182,128,191,104,87,2664,1327,1337
LUBBOCK COUNTY,303,27 Years,6817,3438,3379,3532,1781,1751,479,244,235,283,161,122,151,80,71,2372,1172,1200
LUBBOCK COUNTY,303,28 Years,5722,2944,2778,2766,1426,1340,453,237,216,251,140,111,112,55,57,2140,1086,1054
LUBBOCK COUNTY,303,29 Years,5025,2629,2396,2317,1234,1083,423,232,191,172,92,80,104,49,55,2009,1022,987
LUBBOCK COUNTY,303,30 Years,4665,2382,2283,2140,1128,1012,398,213,185,124,52,72,104,48,56,1899,941,958
LUBBOCK COUNTY,303,31 Years,4432,2210,2222,2062,1028,1034,391,199,192,98,47,51,94,44,50,1787,892,895
LUBBOCK COUNTY,303,32 Years,4108,2039,2069,1920,926,994,355,184,171,85,51,34,84,46,38,1664,832,832
LUBBOCK COUNTY,303,33 Years,3544,1770,1774,1651,803,848,298,158,140,70,37,33,77,45,32,1448,727,721
LUBBOCK COUNTY,303,34 Years,3348,1681,1667,1533,770,763,261,135,126,98,40,58,68,35,33,1388,701,687
LUBBOCK COUNTY,303,35 Years,3388,1685,1703,1574,788,786,249,129,120,117,58,59,68,32,36,1380,678,702
LUBBOCK COUNTY,303,36 Years,3599,1771,1828,1689,811,878,284,148,136,120,70,50,63,33,30,1443,709,734
LUBBOCK COUNTY,303,37 Years,3729,1859,1870,1782,877,905,289,150,139,118,69,49,57,31,26,1483,732,751
LUBBOCK COUNTY,303,38 Years,3862,1945,1917,1895,935,960,299,162,137,102,68,34,57,33,24,1509,747,762
LUBBOCK COUNTY,303,39 Years,3925,1980,1945,1967,977,990,280,148,132,102,63,39,59,33,26,1517,759,758
LUBBOCK COUNTY,303,40 Years,3795,1901,1894,1866,942,924,279,136,143,114,59,55,52,26,26,1484,738,746
LUBBOCK COUNTY,303,41 Years,3653,1794,1859,1765,887,878,261,121,140,100,48,52,52,25,27,1475,713,762
LUBBOCK COUNTY,303,42 Years,3731,1811,1920,1802,879,923,256,123,133,96,50,46,49,20,29,1528,739,789
LUBBOCK COUNTY,303,43 Years,3675,1797,1878,1783,871,912,243,125,118,108,51,57,57,23,34,1484,727,757
LUBBOCK COUNTY,303,44 Years,3496,1733,1763,1732,855,877,233,116,117,104,50,54,55,26,29,1372,686,686
LUBBOCK COUNTY,303,45 Years,3327,1633,1694,1650,821,829,214,105,109,104,46,58,52,24,28,1307,637,670
LUBBOCK COUNTY,303,46 Years,3226,1582,1644,1569,781,788,202,98,104,113,54,59,41,19,22,1301,630,671
LUBBOCK COUNTY,303,47 Years,3151,1519,1632,1565,754,811,205,100,105,110,52,58,38,18,20,1233,595,638
LUBBOCK COUNTY,303,48 Years,3063,1497,1566,1561,765,796,210,105,105,102,41,61,37,13,24,1153,573,580
LUBBOCK COUNTY,303,49 Years,3012,1459,1553,1518,758,760,208,102,106,120,46,74,41,15,26,1125,538,587
LUBBOCK COUNTY,303,50 Years,3080,1462,1618,1589,769,820,206,102,104,112,47,65,43,18,25,1130,526,604
LUBBOCK COUNTY,303,51 Years,3151,1493,1658,1657,789,868,210,103,107,110,50,60,46,24,22,1128,527,601
LUBBOCK COUNTY,303,52 Years,3090,1469,1621,1651,803,848,208,96,112,108,51,57,36,17,19,1087,502,585
LUBBOCK COUNTY,303,53 Years,2976,1420,1556,1608,795,813,189,84,105,105,55,50,31,16,15,1043,470,573
LUBBOCK COUNTY,303,54 Years,2884,1389,1495,1597,791,806,185,81,104,83,48,35,27,13,14,992,456,536
LUBBOCK COUNTY,303,55 Years,2820,1361,1459,1554,768,786,199,91,108,61,32,29,30,13,17,976,457,519
LUBBOCK COUNTY,303,56 Years,2860,1380,1480,1553,762,791,204,93,111,65,33,32,35,18,17,1003,474,529
LUBBOCK COUNTY,303,57 Years,3006,1441,1565,1632,793,839,226,103,123,67,38,29,42,18,24,1039,489,550
LUBBOCK COUNTY,303,58 Years,3122,1466,1656,1738,807,931,239,111,128,72,40,32,51,25,26,1022,483,539
LUBBOCK COUNTY,303,59 Years,3181,1470,1711,1804,829,975,236,105,131,77,42,35,48,24,24,1016,470,546
LUBBOCK COUNTY,303,60 Years,3140,1478,1662,1831,869,962,240,107,133,62,33,29,39,14,25,968,455,513
LUBBOCK COUNTY,303,61 Years,3133,1476,1657,1860,886,974,239,105,134,53,23,30,40,17,23,941,445,496
LUBBOCK COUNTY,303,62 Years,3164,1488,1676,1899,885,1014,223,101,122,62,27,35,41,20,21,939,455,484
LUBBOCK COUNTY,303,63 Years,3082,1478,1604,1861,876,985,217,106,111,61,35,26,38,18,20,905,443,462
LUBBOCK COUNTY,303,64 Years,3038,1439,1599,1879,887,992,219,102,117,55,30,25,40,19,21,845,401,444
LUBBOCK COUNTY,303,65 Years,3010,1414,1596,1899,895,1004,195,92,103,54,29,25,45,20,25,817,378,439
LUBBOCK COUNTY,303,66 Years,2917,1366,1551,1846,860,986,204,93,111,58,26,32,34,17,17,775,370,405
LUBBOCK COUNTY,303,67 Years,2884,1325,1559,1876,862,1014,183,75,108,54,25,29,34,13,21,737,350,387
LUBBOCK COUNTY,303,68 Years,2751,1250,1501,1808,829,979,155,64,91,56,22,34,36,15,21,696,320,376
LUBBOCK COUNTY,303,69 Years,2586,1177,1409,1730,797,933,152,68,84,54,18,36,39,20,19,611,274,337
LUBBOCK COUNTY,303,70 Years,2481,1148,1333,1697,796,901,148,70,78,44,14,30,32,18,14,560,250,310
LUBBOCK COUNTY,303,71 Years,2376,1083,1293,1641,753,888,142,60,82,42,14,28,29,14,15,522,242,280
LUBBOCK COUNTY,303,72 Years,2236,999,1237,1545,692,853,126,51,75,39,13,26,26,12,14,500,231,269
LUBBOCK COUNTY,303,73 Years,2056,917,1139,1412,635,777,122,53,69,33,12,21,23,11,12,466,206,260
LUBBOCK COUNTY,303,74 Years,1952,868,1084,1358,601,757,110,46,64,33,13,20,24,12,12,427,196,231
LUBBOCK COUNTY,303,75 Years,1882,838,1044,1315,585,730,99,38,61,29,12,17,23,11,12,416,192,224
LUBBOCK COUNTY,303,76 Years,1641,724,917,1130,501,629,87,36,51,25,10,15,21,10,11,378,167,211
LUBBOCK COUNTY,303,77 Years,1527,672,855,1083,482,601,74,33,41,21,5,16,14,7,7,335,145,190
LUBBOCK COUNTY,303,78 Years,1443,633,810,1058,469,589,63,26,37,14,6,8,14,6,8,294,126,168
LUBBOCK COUNTY,303,79 Years,1374,597,777,1033,447,586,58,24,34,20,10,10,14,6,8,249,110,139
LUBBOCK COUNTY,303,80 Years,1249,528,721,934,399,535,61,23,38,15,6,9,13,5,8,226,95,131
LUBBOCK COUNTY,303,81 Years,1123,450,673,831,338,493,55,21,34,11,4,7,11,4,7,215,83,132
LUBBOCK COUNTY,303,82 Years,1011,406,605,752,306,446,54,22,32,13,3,10,10,3,7,182,72,110
LUBBOCK COUNTY,303,83 Years,896,363,533,682,275,407,46,21,25,14,4,10,10,3,7,144,60,84
LUBBOCK COUNTY,303,84 Years,836,328,508,630,246,384,40,17,23,10,4,6,10,3,7,146,58,88
LUBBOCK COUNTY,303,85 Years,765,305,460,569,227,342,33,14,19,8,4,4,10,3,7,145,57,88
LUBBOCK COUNTY,303,86 Years,710,266,444,526,196,330,31,10,21,11,4,7,6,2,4,136,54,82
LUBBOCK COUNTY,303,87 Years,659,244,415,486,177,309,28,10,18,8,3,5,6,2,4,131,52,79
LUBBOCK COUNTY,303,88 Years,550,211,339,415,154,261,22,9,13,5,2,3,3,1,2,105,45,60
LUBBOCK COUNTY,303,89 Years,471,181,290,362,137,225,18,6,12,4,2,2,3,1,2,84,35,49
LUBBOCK COUNTY,303,90 Years,412,144,268,321,113,208,14,4,10,3,1,2,3,0,3,71,26,45
LUBBOCK COUNTY,303,91 Years,358,124,234,277,98,179,14,4,10,2,0,2,3,1,2,62,21,41
LUBBOCK COUNTY,303,92 Years,293,103,190,227,81,146,11,3,8,3,1,2,2,0,2,50,18,32
LUBBOCK COUNTY,303,93 Years,239,81,158,185,62,123,10,3,7,2,1,1,2,1,1,40,14,26
LUBBOCK COUNTY,303,94 Years,180,60,120,138,46,92,9,2,7,1,0,1,2,1,1,30,11,19
LUBBOCK COUNTY,303,95 Years +,505,148,357,379,107,272,26,7,19,4,1,3,4,2,2,92,31,61
LYNN COUNTY,305,All Ages,5633,2970,2663,2557,1321,1236,129,79,50,8,4,4,78,46,32,2861,1520,1341
LYNN COUNTY,305,< 1 Year,135,70,65,66,34,32,15,8,7,0,0,0,5,3,2,49,25,24
LYNN COUNTY,305,1 Years,60,32,28,21,11,10,1,1,0,0,0,0,2,1,1,36,19,17
LYNN COUNTY,305,2 Years,61,31,30,22,11,11,1,0,1,0,0,0,2,1,1,36,19,17
LYNN COUNTY,305,3 Years,69,39,30,37,23,14,1,0,1,0,0,0,0,0,0,31,16,15
LYNN COUNTY,305,4 Years,74,41,33,38,23,15,2,1,1,0,0,0,0,0,0,34,17,17
LYNN COUNTY,305,5 Years,78,43,35,35,21,14,1,0,1,0,0,0,3,3,0,39,19,20
LYNN COUNTY,305,6 Years,81,42,39,32,17,15,1,0,1,0,0,0,6,4,2,42,21,21
LYNN COUNTY,305,7 Years,80,43,37,32,16,16,3,2,1,0,0,0,6,4,2,39,21,18
LYNN COUNTY,305,8 Years,87,48,39,38,18,20,3,3,0,0,0,0,2,2,0,44,25,19
LYNN COUNTY,305,9 Years,91,49,42,39,20,19,2,1,1,0,0,0,1,1,0,49,27,22
LYNN COUNTY,305,10 Years,99,54,45,40,22,18,2,2,0,0,0,0,3,1,2,54,29,25
LYNN COUNTY,305,11 Years,95,55,40,38,23,15,4,4,0,0,0,0,1,1,0,52,27,25
LYNN COUNTY,305,12 Years,92,49,43,39,23,16,2,1,1,0,0,0,1,1,0,50,24,26
LYNN COUNTY,305,13 Years,94,55,39,41,27,14,1,1,0,0,0,0,0,0,0,52,27,25
LYNN COUNTY,305,14 Years,95,55,40,41,25,16,1,1,0,0,0,0,0,0,0,53,29,24
LYNN COUNTY,305,15 Years,101,50,51,42,24,18,1,0,1,0,0,0,0,0,0,58,26,32
LYNN COUNTY,305,16 Years,90,46,44,35,21,14,1,1,0,0,0,0,2,2,0,52,22,30
LYNN COUNTY,305,17 Years,82,41,41,33,17,16,0,0,0,0,0,0,1,1,0,48,23,25
LYNN COUNTY,305,18 Years,87,51,36,32,20,12,1,1,0,0,0,0,0,0,0,54,30,24
LYNN COUNTY,305,19 Years,87,51,36,28,18,10,2,2,0,0,0,0,0,0,0,57,31,26
LYNN COUNTY,305,20 Years,77,40,37,24,13,11,2,2,0,0,0,0,1,1,0,50,24,26
LYNN COUNTY,305,21 Years,69,32,37,23,12,11,3,1,2,0,0,0,0,0,0,43,19,24
LYNN COUNTY,305,22 Years,62,37,25,22,13,9,1,0,1,0,0,0,0,0,0,39,24,15
LYNN COUNTY,305,23 Years,55,35,20,17,11,6,1,1,0,0,0,0,1,1,0,36,22,14
LYNN COUNTY,305,24 Years,54,30,24,15,8,7,1,1,0,0,0,0,2,2,0,36,19,17
LYNN COUNTY,305,25 Years,60,35,25,19,10,9,1,1,0,0,0,0,2,1,1,38,23,15
LYNN COUNTY,305,26 Years,56,28,28,17,7,10,3,2,1,0,0,0,2,1,1,34,18,16
LYNN COUNTY,305,27 Years,59,34,25,24,13,11,2,2,0,0,0,0,2,1,1,31,18,13
LYNN COUNTY,305,28 Years,58,32,26,25,13,12,3,3,0,1,1,0,2,0,2,27,15,12
LYNN COUNTY,305,29 Years,67,38,29,27,13,14,5,4,1,1,1,0,0,0,0,34,20,14
LYNN COUNTY,305,30 Years,68,36,32,29,14,15,4,2,2,1,1,0,0,0,0,34,19,15
LYNN COUNTY,305,31 Years,52,31,21,21,12,9,1,1,0,0,0,0,0,0,0,30,18,12
LYNN COUNTY,305,32 Years,57,34,23,23,14,9,2,2,0,0,0,0,1,0,1,31,18,13
LYNN COUNTY,305,33 Years,66,34,32,31,16,15,1,1,0,0,0,0,3,2,1,31,15,16
LYNN COUNTY,305,34 Years,65,31,34,26,9,17,1,1,0,0,0,0,1,1,0,37,20,17
LYNN COUNTY,305,35 Years,83,45,38,42,21,21,2,1,1,0,0,0,0,0,0,39,23,16
LYNN COUNTY,305,36 Years,93,50,43,45,24,21,1,0,1,0,0,0,4,1,3,43,25,18
LYNN COUNTY,305,37 Years,88,48,40,34,15,19,0,0,0,0,0,0,2,1,1,52,32,20
LYNN COUNTY,305,38 Years,91,51,40,43,22,21,1,1,0,0,0,0,0,0,0,47,28,19
LYNN COUNTY,305,39 Years,89,51,38,40,21,19,1,1,0,0,0,0,0,0,0,48,29,19
LYNN COUNTY,305,40 Years,88,49,39,34,17,17,1,1,0,0,0,0,0,0,0,53,31,22
LYNN COUNTY,305,41 Years,80,40,40,30,13,17,1,0,1,0,0,0,1,0,1,48,27,21
LYNN COUNTY,305,42 Years,71,38,33,30,14,16,1,1,0,0,0,0,1,0,1,39,23,16
LYNN COUNTY,305,43 Years,66,35,31,24,11,13,3,3,0,0,0,0,1,1,0,38,20,18
LYNN COUNTY,305,44 Years,68,36,32,29,14,15,0,0,0,0,0,0,1,1,0,38,21,17
LYNN COUNTY,305,45 Years,66,35,31,37,20,17,0,0,0,0,0,0,0,0,0,29,15,14
LYNN COUNTY,305,46 Years,63,35,28,33,20,13,0,0,0,0,0,0,0,0,0,30,15,15
LYNN COUNTY,305,47 Years,58,28,30,28,15,13,0,0,0,1,1,0,0,0,0,29,12,17
LYNN COUNTY,305,48 Years,56,27,29,27,12,15,0,0,0,0,0,0,1,0,1,28,15,13
LYNN COUNTY,305,49 Years,44,23,21,21,10,11,0,0,0,0,0,0,1,0,1,22,13,9
LYNN COUNTY,305,50 Years,43,25,18,19,10,9,0,0,0,0,0,0,0,0,0,24,15,9
LYNN COUNTY,305,51 Years,48,25,23,20,11,9,2,0,2,0,0,0,0,0,0,26,14,12
LYNN COUNTY,305,52 Years,53,26,27,25,13,12,1,0,1,0,0,0,0,0,0,27,13,14
LYNN COUNTY,305,53 Years,56,24,32,26,11,15,1,1,0,0,0,0,0,0,0,29,12,17
LYNN COUNTY,305,54 Years,57,26,31,23,10,13,3,1,2,0,0,0,1,1,0,30,14,16
LYNN COUNTY,305,55 Years,60,30,30,23,11,12,1,0,1,0,0,0,2,1,1,34,18,16
LYNN COUNTY,305,56 Years,63,33,30,25,13,12,2,1,1,1,0,1,0,0,0,35,19,16
LYNN COUNTY,305,57 Years,71,33,38,34,14,20,1,1,0,2,0,2,0,0,0,34,18,16
LYNN COUNTY,305,58 Years,69,31,38,34,15,19,1,1,0,1,0,1,2,0,2,31,15,16
LYNN COUNTY,305,59 Years,73,38,35,38,18,20,1,1,0,0,0,0,3,2,1,31,17,14
LYNN COUNTY,305,60 Years,71,39,32,37,20,17,1,1,0,0,0,0,1,0,1,32,18,14
LYNN COUNTY,305,61 Years,60,34,26,31,18,13,1,1,0,0,0,0,0,0,0,28,15,13
LYNN COUNTY,305,62 Years,62,33,29,30,16,14,1,1,0,0,0,0,0,0,0,31,16,15
LYNN COUNTY,305,63 Years,75,40,35,38,19,19,0,0,0,0,0,0,0,0,0,37,21,16
LYNN COUNTY,305,64 Years,70,38,32,37,21,16,1,0,1,0,0,0,0,0,0,32,17,15
LYNN COUNTY,305,65 Years,62,32,30,33,18,15,0,0,0,0,0,0,0,0,0,29,14,15
LYNN COUNTY,305,66 Years,56,30,26,31,18,13,1,0,1,0,0,0,0,0,0,24,12,12
LYNN COUNTY,305,67 Years,57,29,28,29,15,14,1,0,1,0,0,0,0,0,0,27,14,13
LYNN COUNTY,305,68 Years,55,26,29,29,12,17,2,1,1,0,0,0,0,0,0,24,13,11
LYNN COUNTY,305,69 Years,47,21,26,25,10,15,2,1,1,0,0,0,0,0,0,20,10,10
LYNN COUNTY,305,70 Years,46,25,21,27,13,14,1,0,1,0,0,0,0,0,0,18,12,6
LYNN COUNTY,305,71 Years,48,26,22,27,13,14,0,0,0,0,0,0,0,0,0,21,13,8
LYNN COUNTY,305,72 Years,44,24,20,26,15,11,1,1,0,0,0,0,0,0,0,17,8,9
LYNN COUNTY,305,73 Years,47,24,23,29,17,12,2,1,1,0,0,0,1,0,1,15,6,9
LYNN COUNTY,305,74 Years,41,22,19,25,14,11,2,1,1,0,0,0,1,1,0,13,6,7
LYNN COUNTY,305,75 Years,38,18,20,22,10,12,2,1,1,0,0,0,1,1,0,13,6,7
LYNN COUNTY,305,76 Years,36,15,21,20,7,13,2,1,1,0,0,0,0,0,0,14,7,7
LYNN COUNTY,305,77 Years,35,17,18,21,9,12,1,0,1,0,0,0,0,0,0,13,8,5
LYNN COUNTY,305,78 Years,32,14,18,20,8,12,1,0,1,0,0,0,0,0,0,11,6,5
LYNN COUNTY,305,79 Years,32,15,17,17,6,11,1,1,0,0,0,0,0,0,0,14,8,6
LYNN COUNTY,305,80 Years,32,15,17,21,8,13,1,1,0,0,0,0,0,0,0,10,6,4
LYNN COUNTY,305,81 Years,30,13,17,21,8,13,0,0,0,0,0,0,0,0,0,9,5,4
LYNN COUNTY,305,82 Years,24,11,13,15,7,8,1,0,1,0,0,0,0,0,0,8,4,4
LYNN COUNTY,305,83 Years,26,15,11,18,12,6,0,0,0,0,0,0,1,0,1,7,3,4
LYNN COUNTY,305,84 Years,23,12,11,16,9,7,1,0,1,0,0,0,1,1,0,5,2,3
LYNN COUNTY,305,85 Years,21,9,12,14,7,7,0,0,0,0,0,0,0,0,0,7,2,5
LYNN COUNTY,305,86 Years,18,6,12,10,4,6,1,0,1,0,0,0,0,0,0,7,2,5
LYNN COUNTY,305,87 Years,17,6,11,10,3,7,0,0,0,0,0,0,0,0,0,7,3,4
LYNN COUNTY,305,88 Years,12,5,7,8,4,4,0,0,0,0,0,0,0,0,0,4,1,3
LYNN COUNTY,305,89 Years,10,5,5,7,4,3,0,0,0,0,0,0,0,0,0,3,1,2
LYNN COUNTY,305,90 Years,7,2,5,4,1,3,0,0,0,0,0,0,0,0,0,3,1,2
LYNN COUNTY,305,91 Years,5,3,2,4,2,2,0,0,0,0,0,0,0,0,0,1,1,0
LYNN COUNTY,305,92 Years,7,3,4,5,2,3,0,0,0,0,0,0,0,0,0,2,1,1
LYNN COUNTY,305,93 Years,7,2,5,5,1,4,0,0,0,0,0,0,0,0,0,2,1,1
LYNN COUNTY,305,94 Years,5,3,2,3,2,1,0,0,0,0,0,0,0,0,0,2,1,1
LYNN COUNTY,305,95 Years +,15,4,11,6,1,5,2,0,2,0,0,0,0,0,0,7,3,4
MCCULLOCH COUNTY,307,All Ages,7406,3713,3693,4619,2263,2356,117,65,52,20,9,11,123,61,62,2527,1315,1212
MCCULLOCH COUNTY,307,< 1 Year,71,35,36,34,17,17,2,1,1,0,0,0,3,1,2,32,16,16
MCCULLOCH COUNTY,307,1 Years,96,50,46,46,24,22,2,1,1,0,0,0,3,2,1,45,23,22
MCCULLOCH COUNTY,307,2 Years,97,49,48,47,24,23,2,1,1,0,0,0,3,1,2,45,23,22
MCCULLOCH COUNTY,307,3 Years,84,39,45,40,18,22,0,0,0,0,0,0,1,0,1,43,21,22
MCCULLOCH COUNTY,307,4 Years,79,37,42,38,17,21,2,1,1,0,0,0,2,1,1,37,18,19
MCCULLOCH COUNTY,307,5 Years,81,40,41,37,18,19,3,2,1,0,0,0,3,1,2,38,19,19
MCCULLOCH COUNTY,307,6 Years,80,42,38,38,20,18,2,1,1,0,0,0,3,1,2,37,20,17
MCCULLOCH COUNTY,307,7 Years,79,43,36,36,20,16,2,1,1,0,0,0,2,1,1,39,21,18
MCCULLOCH COUNTY,307,8 Years,82,48,34,41,25,16,1,1,0,0,0,0,3,2,1,37,20,17
MCCULLOCH COUNTY,307,9 Years,85,51,34,42,26,16,1,1,0,0,0,0,6,4,2,36,20,16
MCCULLOCH COUNTY,307,10 Years,92,53,39,44,26,18,1,1,0,1,0,1,6,3,3,40,23,17
MCCULLOCH COUNTY,307,11 Years,102,57,45,49,26,23,2,1,1,0,0,0,6,3,3,45,27,18
MCCULLOCH COUNTY,307,12 Years,96,56,40,48,26,22,2,1,1,0,0,0,2,1,1,44,28,16
MCCULLOCH COUNTY,307,13 Years,91,51,40,46,26,20,2,1,1,0,0,0,3,2,1,40,22,18
MCCULLOCH COUNTY,307,14 Years,83,44,39,40,21,19,3,1,2,1,1,0,1,1,0,38,20,18
MCCULLOCH COUNTY,307,15 Years,89,50,39,48,27,21,1,1,0,1,1,0,1,1,0,38,20,18
MCCULLOCH COUNTY,307,16 Years,92,50,42,50,29,21,1,1,0,0,0,0,2,0,2,39,20,19
MCCULLOCH COUNTY,307,17 Years,93,47,46,51,28,23,1,1,0,0,0,0,2,1,1,39,17,22
MCCULLOCH COUNTY,307,18 Years,99,51,48,52,29,23,1,0,1,0,0,0,1,1,0,45,21,24
MCCULLOCH COUNTY,307,19 Years,89,46,43,44,24,20,1,0,1,2,1,1,0,0,0,42,21,21
MCCULLOCH COUNTY,307,20 Years,93,52,41,46,27,19,1,0,1,1,0,1,1,1,0,44,24,20
MCCULLOCH COUNTY,307,21 Years,83,46,37,42,23,19,2,1,1,0,0,0,1,1,0,38,21,17
MCCULLOCH COUNTY,307,22 Years,76,43,33,41,24,17,1,0,1,0,0,0,1,1,0,33,18,15
MCCULLOCH COUNTY,307,23 Years,79,44,35,44,26,18,0,0,0,0,0,0,1,1,0,34,17,17
MCCULLOCH COUNTY,307,24 Years,84,46,38,45,26,19,2,1,1,0,0,0,1,0,1,36,19,17
MCCULLOCH COUNTY,307,25 Years,76,39,37,37,19,18,4,2,2,0,0,0,1,0,1,34,18,16
MCCULLOCH COUNTY,307,26 Years,79,39,40,40,18,22,4,3,1,1,0,1,0,0,0,34,18,16
MCCULLOCH COUNTY,307,27 Years,84,39,45,54,24,30,1,0,1,1,0,1,0,0,0,28,15,13
MCCULLOCH COUNTY,307,28 Years,91,43,48,59,27,32,1,1,0,0,0,0,0,0,0,31,15,16
MCCULLOCH COUNTY,307,29 Years,92,50,42,55,29,26,2,1,1,0,0,0,3,3,0,32,17,15
MCCULLOCH COUNTY,307,30 Years,82,49,33,45,26,19,2,1,1,0,0,0,2,2,0,33,20,13
MCCULLOCH COUNTY,307,31 Years,68,36,32,38,20,18,2,1,1,0,0,0,0,0,0,28,15,13
MCCULLOCH COUNTY,307,32 Years,78,40,38,41,22,19,1,1,0,0,0,0,1,0,1,35,17,18
MCCULLOCH COUNTY,307,33 Years,79,36,43,43,17,26,1,1,0,0,0,0,1,0,1,34,18,16
MCCULLOCH COUNTY,307,34 Years,85,43,42,43,19,24,1,1,0,2,0,2,1,0,1,38,23,15
MCCULLOCH COUNTY,307,35 Years,79,37,42,42,17,25,1,1,0,1,0,1,1,0,1,34,19,15
MCCULLOCH COUNTY,307,36 Years,79,39,40,41,17,24,1,1,0,1,1,0,1,0,1,35,20,15
MCCULLOCH COUNTY,307,37 Years,76,42,34,43,24,19,1,1,0,0,0,0,1,0,1,31,17,14
MCCULLOCH COUNTY,307,38 Years,73,45,28,44,27,17,1,1,0,0,0,0,2,1,1,26,16,10
MCCULLOCH COUNTY,307,39 Years,82,45,37,50,25,25,2,1,1,0,0,0,2,1,1,28,18,10
MCCULLOCH COUNTY,307,40 Years,81,43,38,48,23,25,2,0,2,0,0,0,1,1,0,30,19,11
MCCULLOCH COUNTY,307,41 Years,82,43,39,45,23,22,1,1,0,1,0,1,1,1,0,34,18,16
MCCULLOCH COUNTY,307,42 Years,74,36,38,40,20,20,1,1,0,0,0,0,1,1,0,32,14,18
MCCULLOCH COUNTY,307,43 Years,66,32,34,40,21,19,0,0,0,0,0,0,0,0,0,26,11,15
MCCULLOCH COUNTY,307,44 Years,74,40,34,51,27,24,0,0,0,0,0,0,0,0,0,23,13,10
MCCULLOCH COUNTY,307,45 Years,76,34,42,50,24,26,2,0,2,0,0,0,1,0,1,23,10,13
MCCULLOCH COUNTY,307,46 Years,75,35,40,45,19,26,3,2,1,0,0,0,1,0,1,26,14,12
MCCULLOCH COUNTY,307,47 Years,86,47,39,54,25,29,2,1,1,0,0,0,0,0,0,30,21,9
MCCULLOCH COUNTY,307,48 Years,81,43,38,48,21,27,1,0,1,1,1,0,0,0,0,31,21,10
MCCULLOCH COUNTY,307,49 Years,65,32,33,38,16,22,0,0,0,0,0,0,0,0,0,27,16,11
MCCULLOCH COUNTY,307,50 Years,66,37,29,42,23,19,1,0,1,0,0,0,0,0,0,23,14,9
MCCULLOCH COUNTY,307,51 Years,83,43,40,55,30,25,1,0,1,0,0,0,0,0,0,27,13,14
MCCULLOCH COUNTY,307,52 Years,81,41,40,54,29,25,1,0,1,0,0,0,2,0,2,24,12,12
MCCULLOCH COUNTY,307,53 Years,90,44,46,64,34,30,3,2,1,0,0,0,0,0,0,23,8,15
MCCULLOCH COUNTY,307,54 Years,86,37,49,56,26,30,1,1,0,0,0,0,0,0,0,29,10,19
MCCULLOCH COUNTY,307,55 Years,85,35,50,57,24,33,1,0,1,0,0,0,1,0,1,26,11,15
MCCULLOCH COUNTY,307,56 Years,93,39,54,62,27,35,1,0,1,0,0,0,2,1,1,28,11,17
MCCULLOCH COUNTY,307,57 Years,96,50,46,66,34,32,1,0,1,0,0,0,3,2,1,26,14,12
MCCULLOCH COUNTY,307,58 Years,90,49,41,62,33,29,1,0,1,1,1,0,2,1,1,24,14,10
MCCULLOCH COUNTY,307,59 Years,105,51,54,72,35,37,1,1,0,1,1,0,1,0,1,30,14,16
MCCULLOCH COUNTY,307,60 Years,107,50,57,71,35,36,1,1,0,0,0,0,1,0,1,34,14,20
MCCULLOCH COUNTY,307,61 Years,107,54,53,74,36,38,1,1,0,0,0,0,3,3,0,29,14,15
MCCULLOCH COUNTY,307,62 Years,95,47,48,71,32,39,0,0,0,1,1,0,0,0,0,23,14,9
MCCULLOCH COUNTY,307,63 Years,96,43,53,68,28,40,1,0,1,0,0,0,1,0,1,26,15,11
MCCULLOCH COUNTY,307,64 Years,106,46,60,74,30,44,2,1,1,0,0,0,1,0,1,29,15,14
MCCULLOCH COUNTY,307,65 Years,107,51,56,79,37,42,2,1,1,0,0,0,1,0,1,25,13,12
MCCULLOCH COUNTY,307,66 Years,113,50,63,81,34,47,4,3,1,0,0,0,2,1,1,26,12,14
MCCULLOCH COUNTY,307,67 Years,112,50,62,82,35,47,3,1,2,1,1,0,1,1,0,25,12,13
MCCULLOCH COUNTY,307,68 Years,109,53,56,78,38,40,2,1,1,0,0,0,2,2,0,27,12,15
MCCULLOCH COUNTY,307,69 Years,113,53,60,83,40,43,1,1,0,0,0,0,2,0,2,27,12,15
MCCULLOCH COUNTY,307,70 Years,99,44,55,77,33,44,1,1,0,0,0,0,1,0,1,20,10,10
MCCULLOCH COUNTY,307,71 Years,98,49,49,76,36,40,2,2,0,1,0,1,1,1,0,18,10,8
MCCULLOCH COUNTY,307,72 Years,93,48,45,72,35,37,1,1,0,0,0,0,2,2,0,18,10,8
MCCULLOCH COUNTY,307,73 Years,90,44,46,68,33,35,1,1,0,0,0,0,3,2,1,18,8,10
MCCULLOCH COUNTY,307,74 Years,92,44,48,70,34,36,1,1,0,0,0,0,2,0,2,19,9,10
MCCULLOCH COUNTY,307,75 Years,100,46,54,77,37,40,4,1,3,0,0,0,1,0,1,18,8,10
MCCULLOCH COUNTY,307,76 Years,85,39,46,67,33,34,1,0,1,0,0,0,0,0,0,17,6,11
MCCULLOCH COUNTY,307,77 Years,76,35,41,62,30,32,0,0,0,0,0,0,0,0,0,14,5,9
MCCULLOCH COUNTY,307,78 Years,71,37,34,56,28,28,0,0,0,0,0,0,0,0,0,15,9,6
MCCULLOCH COUNTY,307,79 Years,71,34,37,56,27,29,0,0,0,1,0,1,1,0,1,13,7,6
MCCULLOCH COUNTY,307,80 Years,59,29,30,47,23,24,0,0,0,0,0,0,1,0,1,11,6,5
MCCULLOCH COUNTY,307,81 Years,51,26,25,40,19,21,1,1,0,0,0,0,1,1,0,9,5,4
MCCULLOCH COUNTY,307,82 Years,45,24,21,36,18,18,1,1,0,0,0,0,0,0,0,8,5,3
MCCULLOCH COUNTY,307,83 Years,37,17,20,30,13,17,0,0,0,0,0,0,0,0,0,7,4,3
MCCULLOCH COUNTY,307,84 Years,34,15,19,28,12,16,0,0,0,0,0,0,1,1,0,5,2,3
MCCULLOCH COUNTY,307,85 Years,33,14,19,26,11,15,0,0,0,0,0,0,1,1,0,6,2,4
MCCULLOCH COUNTY,307,86 Years,29,12,17,24,10,14,0,0,0,0,0,0,0,0,0,5,2,3
MCCULLOCH COUNTY,307,87 Years,27,10,17,23,8,15,0,0,0,0,0,0,0,0,0,4,2,2
MCCULLOCH COUNTY,307,88 Years,25,9,16,20,7,13,0,0,0,0,0,0,1,0,1,4,2,2
MCCULLOCH COUNTY,307,89 Years,20,7,13,16,6,10,0,0,0,0,0,0,1,0,1,3,1,2
MCCULLOCH COUNTY,307,90 Years,18,7,11,13,5,8,0,0,0,0,0,0,1,1,0,4,1,3
MCCULLOCH COUNTY,307,91 Years,15,5,10,13,5,8,0,0,0,0,0,0,0,0,0,2,0,2
MCCULLOCH COUNTY,307,92 Years,15,5,10,13,4,9,0,0,0,0,0,0,0,0,0,2,1,1
MCCULLOCH COUNTY,307,93 Years,11,3,8,9,1,8,0,0,0,0,0,0,0,0,0,2,2,0
MCCULLOCH COUNTY,307,94 Years,9,2,7,8,2,6,0,0,0,0,0,0,0,0,0,1,0,1
MCCULLOCH COUNTY,307,95 Years +,25,8,17,18,6,12,0,0,0,0,0,0,1,0,1,6,2,4
MCLENNAN COUNTY,309,All Ages,262997,128331,134666,139792,67908,71884,38753,18219,20534,4803,2257,2546,6420,3109,3311,73229,36838,36391
MCLENNAN COUNTY,309,< 1 Year,2683,1369,1314,1032,527,505,440,225,215,38,19,19,154,78,76,1019,520,499
MCLENNAN COUNTY,309,1 Years,3490,1778,1712,1365,696,669,576,293,283,49,24,25,160,82,78,1340,683,657
MCLENNAN COUNTY,309,2 Years,3423,1745,1678,1349,687,662,559,285,274,48,25,23,154,79,75,1313,669,644
MCLENNAN COUNTY,309,3 Years,3491,1797,1694,1395,718,677,557,291,266,38,18,20,178,87,91,1323,683,640
MCLENNAN COUNTY,309,4 Years,3511,1809,1702,1399,716,683,551,285,266,37,17,20,184,93,91,1340,698,642
MCLENNAN COUNTY,309,5 Years,3540,1802,1738,1406,721,685,555,283,272,41,20,21,167,81,86,1371,697,674
MCLENNAN COUNTY,309,6 Years,3574,1801,1773,1415,721,694,555,276,279,47,23,24,164,83,81,1393,698,695
MCLENNAN COUNTY,309,7 Years,3642,1845,1797,1445,735,710,546,271,275,61,33,28,175,92,83,1415,714,701
MCLENNAN COUNTY,309,8 Years,3690,1885,1805,1459,744,715,562,283,279,54,32,22,195,99,96,1420,727,693
MCLENNAN COUNTY,309,9 Years,3665,1878,1787,1453,742,711,570,291,279,54,33,21,194,95,99,1394,717,677
MCLENNAN COUNTY,309,10 Years,3606,1861,1745,1447,745,702,557,287,270,51,33,18,181,90,91,1370,706,664
MCLENNAN COUNTY,309,11 Years,3571,1827,1744,1451,741,710,544,278,266,51,32,19,162,82,80,1363,694,669
MCLENNAN COUNTY,309,12 Years,3459,1758,1701,1408,723,685,518,263,255,45,25,20,143,72,71,1345,675,670
MCLENNAN COUNTY,309,13 Years,3303,1693,1610,1354,695,659,496,248,248,35,18,17,136,70,66,1282,662,620
MCLENNAN COUNTY,309,14 Years,3350,1718,1632,1354,694,660,507,253,254,42,19,23,138,72,66,1309,680,629
MCLENNAN COUNTY,309,15 Years,3535,1865,1670,1464,789,675,559,289,270,52,22,30,128,70,58,1332,695,637
MCLENNAN COUNTY,309,16 Years,3609,1911,1698,1522,836,686,606,309,297,44,20,24,114,61,53,1323,685,638
MCLENNAN COUNTY,309,17 Years,3609,1861,1748,1522,810,712,581,296,285,39,22,17,111,53,58,1356,680,676
MCLENNAN COUNTY,309,18 Years,4195,2049,2146,1936,918,1018,624,321,303,100,57,43,130,55,75,1405,698,707
MCLENNAN COUNTY,309,19 Years,4673,2227,2446,2226,1049,1177,645,317,328,165,82,83,161,71,90,1476,708,768
MCLENNAN COUNTY,309,20 Years,4784,2299,2485,2374,1115,1259,627,309,318,158,72,86,131,59,72,1494,744,750
MCLENNAN COUNTY,309,21 Years,5156,2518,2638,2622,1253,1369,699,347,352,196,87,109,141,65,76,1498,766,732
MCLENNAN COUNTY,309,22 Years,5310,2619,2691,2732,1325,1407,763,387,376,196,93,103,142,66,76,1477,748,729
MCLENNAN COUNTY,309,23 Years,5954,3080,2874,2933,1529,1404,972,490,482,220,112,108,180,87,93,1649,862,787
MCLENNAN COUNTY,309,24 Years,6047,3113,2934,3095,1624,1471,962,460,502,206,99,107,169,90,79,1615,840,775
MCLENNAN COUNTY,309,25 Years,5644,2889,2755,2979,1558,1421,887,406,481,141,64,77,152,79,73,1485,782,703
MCLENNAN COUNTY,309,26 Years,4861,2533,2328,2442,1315,1127,810,408,402,119,53,66,128,67,61,1362,690,672
MCLENNAN COUNTY,309,27 Years,4394,2290,2104,2153,1144,1009,768,407,361,77,36,41,114,63,51,1282,640,642
MCLENNAN COUNTY,309,28 Years,3784,1972,1812,1904,1032,872,658,344,314,43,19,24,81,43,38,1098,534,564
MCLENNAN COUNTY,309,29 Years,3432,1768,1664,1720,904,816,578,298,280,44,19,25,69,33,36,1021,514,507
MCLENNAN COUNTY,309,30 Years,3274,1678,1596,1510,770,740,585,299,286,60,33,27,80,37,43,1039,539,500
MCLENNAN COUNTY,309,31 Years,3735,1874,1861,1806,923,883,629,303,326,101,54,47,90,41,49,1109,553,556
MCLENNAN COUNTY,309,32 Years,3755,1833,1922,1905,938,967,600,280,320,115,56,59,82,38,44,1053,521,532
MCLENNAN COUNTY,309,33 Years,2960,1411,1549,1457,697,760,470,220,250,92,42,50,62,28,34,879,424,455
MCLENNAN COUNTY,309,34 Years,2647,1263,1384,1254,607,647,415,185,230,67,33,34,58,27,31,853,411,442
MCLENNAN COUNTY,309,35 Years,2804,1337,1467,1437,687,750,407,182,225,44,23,21,56,26,30,860,419,441
MCLENNAN COUNTY,309,36 Years,2912,1391,1521,1568,756,812,404,184,220,29,14,15,50,26,24,861,411,450
MCLENNAN COUNTY,309,37 Years,2948,1436,1512,1558,751,807,418,206,212,69,34,35,47,20,27,856,425,431
MCLENNAN COUNTY,309,38 Years,3089,1518,1571,1626,779,847,432,209,223,66,31,35,50,22,28,915,477,438
MCLENNAN COUNTY,309,39 Years,3069,1516,1553,1579,772,807,434,196,238,66,32,34,48,25,23,942,491,451
MCLENNAN COUNTY,309,40 Years,2985,1465,1520,1521,750,771,419,187,232,76,37,39,46,22,24,923,469,454
MCLENNAN COUNTY,309,41 Years,2941,1434,1507,1532,747,785,413,182,231,54,30,24,43,18,25,899,457,442
MCLENNAN COUNTY,309,42 Years,3015,1455,1560,1579,769,810,443,189,254,34,17,17,42,16,26,917,464,453
MCLENNAN COUNTY,309,43 Years,2911,1384,1527,1552,758,794,437,183,254,44,17,27,42,16,26,836,410,426
MCLENNAN COUNTY,309,44 Years,2795,1357,1438,1498,737,761,407,185,222,48,21,27,36,13,23,806,401,405
MCLENNAN COUNTY,309,45 Years,2682,1297,1385,1421,693,728,382,167,215,43,20,23,35,15,20,801,402,399
MCLENNAN COUNTY,309,46 Years,2642,1262,1380,1369,666,703,390,160,230,50,20,30,34,16,18,799,400,399
MCLENNAN COUNTY,309,47 Years,2681,1277,1404,1406,689,717,383,160,223,46,19,27,41,21,20,805,388,417
MCLENNAN COUNTY,309,48 Years,2661,1291,1370,1417,694,723,385,158,227,48,27,21,38,16,22,773,396,377
MCLENNAN COUNTY,309,49 Years,2605,1254,1351,1406,697,709,371,152,219,56,30,26,30,12,18,742,363,379
MCLENNAN COUNTY,309,50 Years,2732,1314,1418,1496,734,762,374,167,207,55,26,29,31,10,21,776,377,399
MCLENNAN COUNTY,309,51 Years,2789,1340,1449,1582,771,811,389,171,218,58,27,31,33,12,21,727,359,368
MCLENNAN COUNTY,309,52 Years,2804,1367,1437,1611,788,823,392,175,217,60,25,35,33,15,18,708,364,344
MCLENNAN COUNTY,309,53 Years,2646,1265,1381,1548,734,814,374,171,203,52,21,31,32,16,16,640,323,317
MCLENNAN COUNTY,309,54 Years,2543,1208,1335,1474,698,776,357,162,195,45,21,24,35,17,18,632,310,322
MCLENNAN COUNTY,309,55 Years,2545,1192,1353,1460,693,767,365,158,207,47,21,26,34,18,16,639,302,337
MCLENNAN COUNTY,309,56 Years,2566,1218,1348,1498,705,793,381,174,207,37,16,21,32,14,18,618,309,309
MCLENNAN COUNTY,309,57 Years,2830,1342,1488,1699,792,907,422,195,227,42,19,23,39,21,18,628,315,313
MCLENNAN COUNTY,309,58 Years,2900,1375,1525,1784,844,940,414,181,233,53,22,31,33,15,18,616,313,303
MCLENNAN COUNTY,309,59 Years,2846,1351,1495,1777,847,930,401,174,227,48,23,25,30,13,17,590,294,296
MCLENNAN COUNTY,309,60 Years,2908,1414,1494,1826,876,950,409,194,215,48,25,23,35,15,20,590,304,286
MCLENNAN COUNTY,309,61 Years,2922,1393,1529,1831,877,954,415,182,233,42,15,27,43,18,25,591,301,290
MCLENNAN COUNTY,309,62 Years,2926,1380,1546,1850,875,975,428,193,235,44,9,35,41,20,21,563,283,280
MCLENNAN COUNTY,309,63 Years,2835,1382,1453,1800,870,930,415,191,224,35,13,22,43,25,18,542,283,259
MCLENNAN COUNTY,309,64 Years,2733,1295,1438,1793,853,940,393,166,227,29,11,18,39,20,19,479,245,234
MCLENNAN COUNTY,309,65 Years,2696,1278,1418,1790,854,936,401,168,233,31,15,16,32,12,20,442,229,213
MCLENNAN COUNTY,309,66 Years,2668,1253,1415,1764,825,939,400,169,231,29,14,15,33,15,18,442,230,212
MCLENNAN COUNTY,309,67 Years,2652,1220,1432,1786,827,959,389,163,226,28,10,18,37,18,19,412,202,210
MCLENNAN COUNTY,309,68 Years,2486,1146,1340,1700,795,905,356,145,211,28,8,20,32,17,15,370,181,189
MCLENNAN COUNTY,309,69 Years,2445,1140,1305,1689,803,886,338,138,200,26,6,20,26,13,13,366,180,186
MCLENNAN COUNTY,309,70 Years,2323,1059,1264,1640,764,876,324,121,203,21,6,15,24,10,14,314,158,156
MCLENNAN COUNTY,309,71 Years,2178,1003,1175,1543,715,828,299,123,176,19,6,13,26,10,16,291,149,142
MCLENNAN COUNTY,309,72 Years,2090,978,1112,1499,702,797,266,117,149,20,6,14,31,14,17,274,139,135
MCLENNAN COUNTY,309,73 Years,2066,956,1110,1500,695,805,254,114,140,25,11,14,24,13,11,263,123,140
MCLENNAN COUNTY,309,74 Years,2009,911,1098,1494,677,817,235,107,128,24,9,15,22,11,11,234,107,127
MCLENNAN COUNTY,309,75 Years,1915,853,1062,1453,646,807,205,91,114,22,5,17,21,11,10,214,100,114
MCLENNAN COUNTY,309,76 Years,1607,707,900,1205,531,674,170,72,98,19,4,15,20,9,11,193,91,102
MCLENNAN COUNTY,309,77 Years,1462,645,817,1098,487,611,167,70,97,15,5,10,14,5,9,168,78,90
MCLENNAN COUNTY,309,78 Years,1382,610,772,1041,470,571,154,59,95,11,4,7,12,4,8,164,73,91
MCLENNAN COUNTY,309,79 Years,1286,566,720,976,436,540,142,54,88,12,8,4,12,4,8,144,64,80
MCLENNAN COUNTY,309,80 Years,1172,502,670,902,391,511,123,44,79,13,7,6,13,5,8,121,55,66
MCLENNAN COUNTY,309,81 Years,1057,436,621,810,339,471,111,41,70,14,5,9,10,4,6,112,47,65
MCLENNAN COUNTY,309,82 Years,969,397,572,743,310,433,104,38,66,11,4,7,9,3,6,102,42,60
MCLENNAN COUNTY,309,83 Years,899,368,531,702,294,408,91,32,59,7,2,5,8,2,6,91,38,53
MCLENNAN COUNTY,309,84 Years,847,347,500,660,276,384,88,33,55,5,1,4,9,2,7,85,35,50
MCLENNAN COUNTY,309,85 Years,728,292,436,563,231,332,81,28,53,5,2,3,7,1,6,72,30,42
MCLENNAN COUNTY,309,86 Years,663,249,414,514,198,316,70,23,47,6,1,5,3,1,2,70,26,44
MCLENNAN COUNTY,309,87 Years,604,228,376,473,183,290,59,20,39,4,2,2,2,0,2,66,23,43
MCLENNAN COUNTY,309,88 Years,569,205,364,446,164,282,52,16,36,4,2,2,2,0,2,65,23,42
MCLENNAN COUNTY,309,89 Years,502,177,325,391,138,253,52,17,35,2,1,1,2,0,2,55,21,34
MCLENNAN COUNTY,309,90 Years,420,150,270,328,116,212,42,14,28,1,0,1,3,1,2,46,19,27
MCLENNAN COUNTY,309,91 Years,360,129,231,281,97,184,38,15,23,0,0,0,2,1,1,39,16,23
MCLENNAN COUNTY,309,92 Years,309,102,207,240,78,162,34,10,24,1,0,1,1,0,1,33,14,19
MCLENNAN COUNTY,309,93 Years,267,86,181,206,65,141,32,10,22,1,0,1,1,1,0,27,10,17
MCLENNAN COUNTY,309,94 Years,204,64,140,159,50,109,22,7,15,1,0,1,0,0,0,22,7,15
MCLENNAN COUNTY,309,95 Years +,541,145,396,410,108,302,69,19,50,4,1,3,3,1,2,55,16,39
MCMULLEN COUNTY,311,All Ages,565,308,257,314,163,151,0,0,0,0,0,0,2,0,2,249,145,104
MCMULLEN COUNTY,311,< 1 Year,5,2,3,3,1,2,0,0,0,0,0,0,0,0,0,2,1,1
MCMULLEN COUNTY,311,1 Years,6,4,2,3,2,1,0,0,0,0,0,0,0,0,0,3,2,1
MCMULLEN COUNTY,311,2 Years,6,3,3,3,2,1,0,0,0,0,0,0,0,0,0,3,1,2
MCMULLEN COUNTY,311,3 Years,8,3,5,7,2,5,0,0,0,0,0,0,0,0,0,1,1,0
MCMULLEN COUNTY,311,4 Years,7,3,4,5,2,3,0,0,0,0,0,0,0,0,0,2,1,1
MCMULLEN COUNTY,311,5 Years,7,3,4,4,2,2,0,0,0,0,0,0,0,0,0,3,1,2
MCMULLEN COUNTY,311,6 Years,6,3,3,3,2,1,0,0,0,0,0,0,0,0,0,3,1,2
MCMULLEN COUNTY,311,7 Years,6,4,2,3,2,1,0,0,0,0,0,0,0,0,0,3,2,1
MCMULLEN COUNTY,311,8 Years,5,4,1,2,2,0,0,0,0,0,0,0,0,0,0,3,2,1
MCMULLEN COUNTY,311,9 Years,5,3,2,2,1,1,0,0,0,0,0,0,0,0,0,3,2,1
MCMULLEN COUNTY,311,10 Years,5,3,2,3,1,2,0,0,0,0,0,0,0,0,0,2,2,0
MCMULLEN COUNTY,311,11 Years,4,3,1,2,1,1,0,0,0,0,0,0,0,0,0,2,2,0
MCMULLEN COUNTY,311,12 Years,5,3,2,3,1,2,0,0,0,0,0,0,0,0,0,2,2,0
MCMULLEN COUNTY,311,13 Years,4,2,2,1,1,0,0,0,0,0,0,0,0,0,0,3,1,2
MCMULLEN COUNTY,311,14 Years,8,2,6,4,1,3,0,0,0,0,0,0,0,0,0,4,1,3
MCMULLEN COUNTY,311,15 Years,8,4,4,7,3,4,0,0,0,0,0,0,0,0,0,1,1,0
MCMULLEN COUNTY,311,16 Years,7,4,3,3,2,1,0,0,0,0,0,0,0,0,0,4,2,2
MCMULLEN COUNTY,311,17 Years,9,3,6,4,1,3,0,0,0,0,0,0,0,0,0,5,2,3
MCMULLEN COUNTY,311,18 Years,7,3,4,3,1,2,0,0,0,0,0,0,0,0,0,4,2,2
MCMULLEN COUNTY,311,19 Years,4,2,2,1,1,0,0,0,0,0,0,0,0,0,0,3,1,2
MCMULLEN COUNTY,311,20 Years,9,2,7,4,0,4,0,0,0,0,0,0,0,0,0,5,2,3
MCMULLEN COUNTY,311,21 Years,12,5,7,7,3,4,0,0,0,0,0,0,0,0,0,5,2,3
MCMULLEN COUNTY,311,22 Years,8,5,3,3,2,1,0,0,0,0,0,0,0,0,0,5,3,2
MCMULLEN COUNTY,311,23 Years,7,5,2,3,2,1,0,0,0,0,0,0,0,0,0,4,3,1
MCMULLEN COUNTY,311,24 Years,8,6,2,5,4,1,0,0,0,0,0,0,0,0,0,3,2,1
MCMULLEN COUNTY,311,25 Years,4,2,2,3,2,1,0,0,0,0,0,0,0,0,0,1,0,1
MCMULLEN COUNTY,311,26 Years,3,2,1,2,1,1,0,0,0,0,0,0,0,0,0,1,1,0
MCMULLEN COUNTY,311,27 Years,4,3,1,3,2,1,0,0,0,0,0,0,0,0,0,1,1,0
MCMULLEN COUNTY,311,28 Years,3,1,2,1,0,1,0,0,0,0,0,0,0,0,0,2,1,1
MCMULLEN COUNTY,311,29 Years,4,2,2,2,1,1,0,0,0,0,0,0,0,0,0,2,1,1
MCMULLEN COUNTY,311,30 Years,7,4,3,4,2,2,0,0,0,0,0,0,0,0,0,3,2,1
MCMULLEN COUNTY,311,31 Years,5,2,3,3,1,2,0,0,0,0,0,0,0,0,0,2,1,1
MCMULLEN COUNTY,311,32 Years,6,4,2,3,2,1,0,0,0,0,0,0,0,0,0,3,2,1
MCMULLEN COUNTY,311,33 Years,7,3,4,4,2,2,0,0,0,0,0,0,0,0,0,3,1,2
MCMULLEN COUNTY,311,34 Years,5,3,2,3,2,1,0,0,0,0,0,0,0,0,0,2,1,1
MCMULLEN COUNTY,311,35 Years,6,3,3,3,2,1,0,0,0,0,0,0,0,0,0,3,1,2
MCMULLEN COUNTY,311,36 Years,6,4,2,3,2,1,0,0,0,0,0,0,0,0,0,3,2,1
MCMULLEN COUNTY,311,37 Years,6,4,2,3,2,1,0,0,0,0,0,0,0,0,0,3,2,1
MCMULLEN COUNTY,311,38 Years,7,4,3,5,2,3,0,0,0,0,0,0,0,0,0,2,2,0
MCMULLEN COUNTY,311,39 Years,9,2,7,5,2,3,0,0,0,0,0,0,0,0,0,4,0,4
MCMULLEN COUNTY,311,40 Years,7,1,6,2,1,1,0,0,0,0,0,0,0,0,0,5,0,5
MCMULLEN COUNTY,311,41 Years,7,3,4,2,1,1,0,0,0,0,0,0,0,0,0,5,2,3
MCMULLEN COUNTY,311,42 Years,6,5,1,3,2,1,0,0,0,0,0,0,0,0,0,3,3,0
MCMULLEN COUNTY,311,43 Years,7,4,3,5,3,2,0,0,0,0,0,0,1,0,1,1,1,0
MCMULLEN COUNTY,311,44 Years,6,4,2,4,3,1,0,0,0,0,0,0,1,0,1,1,1,0
MCMULLEN COUNTY,311,45 Years,4,3,1,3,2,1,0,0,0,0,0,0,0,0,0,1,1,0
MCMULLEN COUNTY,311,46 Years,5,3,2,3,1,2,0,0,0,0,0,0,0,0,0,2,2,0
MCMULLEN COUNTY,311,47 Years,6,4,2,3,1,2,0,0,0,0,0,0,0,0,0,3,3,0
MCMULLEN COUNTY,311,48 Years,7,5,2,5,4,1,0,0,0,0,0,0,0,0,0,2,1,1
MCMULLEN COUNTY,311,49 Years,7,5,2,3,2,1,0,0,0,0,0,0,0,0,0,4,3,1
MCMULLEN COUNTY,311,50 Years,9,7,2,3,3,0,0,0,0,0,0,0,0,0,0,6,4,2
MCMULLEN COUNTY,311,51 Years,7,4,3,3,3,0,0,0,0,0,0,0,0,0,0,4,1,3
MCMULLEN COUNTY,311,52 Years,7,3,4,2,0,2,0,0,0,0,0,0,0,0,0,5,3,2
MCMULLEN COUNTY,311,53 Years,8,6,2,4,2,2,0,0,0,0,0,0,0,0,0,4,4,0
MCMULLEN COUNTY,311,54 Years,5,3,2,2,1,1,0,0,0,0,0,0,0,0,0,3,2,1
MCMULLEN COUNTY,311,55 Years,6,3,3,4,2,2,0,0,0,0,0,0,0,0,0,2,1,1
MCMULLEN COUNTY,311,56 Years,8,4,4,5,2,3,0,0,0,0,0,0,0,0,0,3,2,1
MCMULLEN COUNTY,311,57 Years,10,5,5,5,2,3,0,0,0,0,0,0,0,0,0,5,3,2
MCMULLEN COUNTY,311,58 Years,9,5,4,2,1,1,0,0,0,0,0,0,0,0,0,7,4,3
MCMULLEN COUNTY,311,59 Years,8,5,3,5,4,1,0,0,0,0,0,0,0,0,0,3,1,2
MCMULLEN COUNTY,311,60 Years,7,4,3,4,3,1,0,0,0,0,0,0,0,0,0,3,1,2
MCMULLEN COUNTY,311,61 Years,12,7,5,6,3,3,0,0,0,0,0,0,0,0,0,6,4,2
MCMULLEN COUNTY,311,62 Years,10,5,5,6,3,3,0,0,0,0,0,0,0,0,0,4,2,2
MCMULLEN COUNTY,311,63 Years,7,4,3,4,2,2,0,0,0,0,0,0,0,0,0,3,2,1
MCMULLEN COUNTY,311,64 Years,5,3,2,3,2,1,0,0,0,0,0,0,0,0,0,2,1,1
MCMULLEN COUNTY,311,65 Years,5,3,2,2,1,1,0,0,0,0,0,0,0,0,0,3,2,1
MCMULLEN COUNTY,311,66 Years,9,5,4,6,3,3,0,0,0,0,0,0,0,0,0,3,2,1
MCMULLEN COUNTY,311,67 Years,9,5,4,6,3,3,0,0,0,0,0,0,0,0,0,3,2,1
MCMULLEN COUNTY,311,68 Years,8,3,5,6,2,4,0,0,0,0,0,0,0,0,0,2,1,1
MCMULLEN COUNTY,311,69 Years,9,5,4,7,4,3,0,0,0,0,0,0,0,0,0,2,1,1
MCMULLEN COUNTY,311,70 Years,6,2,4,5,2,3,0,0,0,0,0,0,0,0,0,1,0,1
MCMULLEN COUNTY,311,71 Years,7,5,2,5,3,2,0,0,0,0,0,0,0,0,0,2,2,0
MCMULLEN COUNTY,311,72 Years,7,5,2,3,2,1,0,0,0,0,0,0,0,0,0,4,3,1
MCMULLEN COUNTY,311,73 Years,6,4,2,3,2,1,0,0,0,0,0,0,0,0,0,3,2,1
MCMULLEN COUNTY,311,74 Years,3,2,1,2,1,1,0,0,0,0,0,0,0,0,0,1,1,0
MCMULLEN COUNTY,311,75 Years,4,2,2,3,1,2,0,0,0,0,0,0,0,0,0,1,1,0
MCMULLEN COUNTY,311,76 Years,4,2,2,2,1,1,0,0,0,0,0,0,0,0,0,2,1,1
MCMULLEN COUNTY,311,77 Years,6,3,3,2,1,1,0,0,0,0,0,0,0,0,0,4,2,2
MCMULLEN COUNTY,311,78 Years,6,2,4,2,1,1,0,0,0,0,0,0,0,0,0,4,1,3
MCMULLEN COUNTY,311,79 Years,4,2,2,2,1,1,0,0,0,0,0,0,0,0,0,2,1,1
MCMULLEN COUNTY,311,80 Years,5,3,2,2,1,1,0,0,0,0,0,0,0,0,0,3,2,1
MCMULLEN COUNTY,311,81 Years,4,3,1,3,2,1,0,0,0,0,0,0,0,0,0,1,1,0
MCMULLEN COUNTY,311,82 Years,5,5,0,3,3,0,0,0,0,0,0,0,0,0,0,2,2,0
MCMULLEN COUNTY,311,83 Years,3,3,0,1,1,0,0,0,0,0,0,0,0,0,0,2,2,0
MCMULLEN COUNTY,311,84 Years,5,2,3,3,0,3,0,0,0,0,0,0,0,0,0,2,2,0
MCMULLEN COUNTY,311,85 Years,6,2,4,5,1,4,0,0,0,0,0,0,0,0,0,1,1,0
MCMULLEN COUNTY,311,86 Years,4,2,2,3,1,2,0,0,0,0,0,0,0,0,0,1,1,0
MCMULLEN COUNTY,311,87 Years,2,2,0,2,2,0,0,0,0,0,0,0,0,0,0,0,0,0
MCMULLEN COUNTY,311,88 Years,0,0,0,0,0,0,0,0,0,0,0,0,0,0,0,0,0,0
MCMULLEN COUNTY,311,89 Years,2,1,1,2,1,1,0,0,0,0,0,0,0,0,0,0,0,0
MCMULLEN COUNTY,311,90 Years,3,2,1,3,2,1,0,0,0,0,0,0,0,0,0,0,0,0
MCMULLEN COUNTY,311,91 Years,1,0,1,1,0,1,0,0,0,0,0,0,0,0,0,0,0,0
MCMULLEN COUNTY,311,92 Years,1,0,1,1,0,1,0,0,0,0,0,0,0,0,0,0,0,0
MCMULLEN COUNTY,311,93 Years,1,0,1,1,0,1,0,0,0,0,0,0,0,0,0,0,0,0
MCMULLEN COUNTY,311,94 Years,0,0,0,0,0,0,0,0,0,0,0,0,0,0,0,0,0,0
MCMULLEN COUNTY,311,95 Years +,2,1,1,2,1,1,0,0,0,0,0,0,0,0,0,0,0,0
MADISON COUNTY,313,All Ages,13386,7655,5731,6922,3648,3274,2598,1724,874,88,31,57,365,194,171,3413,2058,1355
MADISON COUNTY,313,< 1 Year,114,58,56,48,25,23,16,8,8,1,0,1,6,3,3,43,22,21
MADISON COUNTY,313,1 Years,151,77,74,66,34,32,22,11,11,1,1,0,6,3,3,56,28,28
MADISON COUNTY,313,2 Years,150,75,75,66,33,33,21,11,10,1,0,1,6,3,3,56,28,28
MADISON COUNTY,313,3 Years,158,81,77,72,38,34,22,13,9,0,0,0,9,4,5,55,26,29
MADISON COUNTY,313,4 Years,159,83,76,72,38,34,21,13,8,0,0,0,8,5,3,58,27,31
MADISON COUNTY,313,5 Years,160,84,76,75,40,35,21,12,9,0,0,0,8,5,3,56,27,29
MADISON COUNTY,313,6 Years,154,80,74,74,39,35,22,10,12,0,0,0,7,5,2,51,26,25
MADISON COUNTY,313,7 Years,159,76,83,75,37,38,26,11,15,0,0,0,5,3,2,53,25,28
MADISON COUNTY,313,8 Years,154,76,78,71,35,36,25,12,13,0,0,0,7,3,4,51,26,25
MADISON COUNTY,313,9 Years,155,76,79,70,34,36,24,13,11,0,0,0,8,4,4,53,25,28
MADISON COUNTY,313,10 Years,149,74,75,66,32,34,21,12,9,1,1,0,9,5,4,52,24,28
MADISON COUNTY,313,11 Years,152,75,77,68,33,35,22,12,10,1,1,0,10,5,5,51,24,27
MADISON COUNTY,313,12 Years,161,77,84,76,37,39,23,12,11,0,0,0,7,3,4,55,25,30
MADISON COUNTY,313,13 Years,171,82,89,85,41,44,20,8,12,1,1,0,12,5,7,53,27,26
MADISON COUNTY,313,14 Years,176,83,93,80,38,42,22,9,13,3,1,2,9,3,6,62,32,30
MADISON COUNTY,313,15 Years,174,84,90,76,36,40,29,15,14,1,0,1,8,4,4,60,29,31
MADISON COUNTY,313,16 Years,173,78,95,72,30,42,34,15,19,1,0,1,6,4,2,60,29,31
MADISON COUNTY,313,17 Years,165,79,86,73,34,39,31,13,18,1,0,1,5,4,1,55,28,27
MADISON COUNTY,313,18 Years,182,105,77,90,53,37,33,21,12,1,0,1,6,2,4,52,29,23
MADISON COUNTY,313,19 Years,181,108,73,80,44,36,40,26,14,2,0,2,5,1,4,54,37,17
MADISON COUNTY,313,20 Years,246,171,75,106,73,33,57,44,13,2,1,1,7,4,3,74,49,25
MADISON COUNTY,313,21 Years,244,177,67,93,63,30,64,54,10,1,0,1,7,7,0,79,53,26
MADISON COUNTY,313,22 Years,253,183,70,96,64,32,69,54,15,2,2,0,6,5,1,80,58,22
MADISON COUNTY,313,23 Years,266,189,77,93,64,29,76,55,21,8,2,6,6,5,1,83,63,20
MADISON COUNTY,313,24 Years,279,200,79,90,58,32,97,78,19,8,0,8,7,6,1,77,58,19
MADISON COUNTY,313,25 Years,293,226,67,106,75,31,93,81,12,3,1,2,5,5,0,86,64,22
MADISON COUNTY,313,26 Years,277,209,68,90,63,27,87,74,13,6,0,6,5,4,1,89,68,21
MADISON COUNTY,313,27 Years,250,174,76,93,57,36,69,58,11,8,0,8,4,3,1,76,56,20
MADISON COUNTY,313,28 Years,251,167,84,98,49,49,62,50,12,3,1,2,4,4,0,84,63,21
MADISON COUNTY,313,29 Years,260,173,87,107,59,48,69,55,14,0,0,0,9,6,3,75,53,22
MADISON COUNTY,313,30 Years,224,142,82,87,47,40,52,41,11,0,0,0,6,3,3,79,51,28
MADISON COUNTY,313,31 Years,229,153,76,83,46,37,62,54,8,0,0,0,4,1,3,80,52,28
MADISON COUNTY,313,32 Years,229,158,71,83,48,35,72,63,9,0,0,0,6,3,3,68,44,24
MADISON COUNTY,313,33 Years,189,125,64,81,45,36,52,42,10,0,0,0,4,2,2,52,36,16
MADISON COUNTY,313,34 Years,180,124,56,85,52,33,49,39,10,0,0,0,2,1,1,44,32,12
MADISON COUNTY,313,35 Years,181,125,56,85,49,36,46,38,8,1,1,0,0,0,0,49,37,12
MADISON COUNTY,313,36 Years,159,109,50,74,41,33,38,34,4,0,0,0,1,0,1,46,34,12
MADISON COUNTY,313,37 Years,179,132,47,76,44,32,49,44,5,2,2,0,2,0,2,50,42,8
MADISON COUNTY,313,38 Years,168,110,58,75,42,33,41,33,8,1,1,0,5,2,3,46,32,14
MADISON COUNTY,313,39 Years,186,118,68,77,43,34,53,42,11,0,0,0,7,3,4,49,30,19
MADISON COUNTY,313,40 Years,133,78,55,61,33,28,33,22,11,1,0,1,3,1,2,35,22,13
MADISON COUNTY,313,41 Years,142,92,50,61,35,26,41,31,10,0,0,0,2,0,2,38,26,12
MADISON COUNTY,313,42 Years,154,94,60,74,43,31,31,22,9,1,1,0,4,2,2,44,26,18
MADISON COUNTY,313,43 Years,164,89,75,81,43,38,35,20,15,3,1,2,1,1,0,44,24,20
MADISON COUNTY,313,44 Years,171,97,74,89,47,42,34,21,13,2,0,2,5,4,1,41,25,16
MADISON COUNTY,313,45 Years,143,79,64,74,39,35,26,17,9,1,1,0,2,0,2,40,22,18
MADISON COUNTY,313,46 Years,145,83,62,75,43,32,19,14,5,1,1,0,6,4,2,44,21,23
MADISON COUNTY,313,47 Years,148,84,64,78,49,29,19,10,9,1,1,0,3,1,2,47,23,24
MADISON COUNTY,313,48 Years,140,74,66,82,45,37,18,8,10,0,0,0,2,0,2,38,21,17
MADISON COUNTY,313,49 Years,138,76,62,78,43,35,20,10,10,0,0,0,3,2,1,37,21,16
MADISON COUNTY,313,50 Years,136,72,64,75,38,37,19,11,8,0,0,0,2,1,1,40,22,18
MADISON COUNTY,313,51 Years,138,73,65,76,38,38,18,11,7,4,2,2,2,1,1,38,21,17
MADISON COUNTY,313,52 Years,142,75,67,90,47,43,17,9,8,2,0,2,1,0,1,32,19,13
MADISON COUNTY,313,53 Years,145,86,59,91,52,39,20,12,8,1,1,0,3,2,1,30,19,11
MADISON COUNTY,313,54 Years,138,83,55,83,47,36,17,8,9,2,2,0,3,2,1,33,24,9
MADISON COUNTY,313,55 Years,113,59,54,74,38,36,13,6,7,0,0,0,1,0,1,25,15,10
MADISON COUNTY,313,56 Years,116,61,55,81,41,40,14,7,7,0,0,0,3,2,1,18,11,7
MADISON COUNTY,313,57 Years,118,62,56,76,38,38,21,12,9,0,0,0,2,1,1,19,11,8
MADISON COUNTY,313,58 Years,139,69,70,79,36,43,29,18,11,0,0,0,4,2,2,27,13,14
MADISON COUNTY,313,59 Years,134,68,66,84,43,41,24,13,11,0,0,0,3,1,2,23,11,12
MADISON COUNTY,313,60 Years,141,69,72,97,46,51,18,8,10,0,0,0,4,2,2,22,13,9
MADISON COUNTY,313,61 Years,132,63,69,93,42,51,17,8,9,0,0,0,4,2,2,18,11,7
MADISON COUNTY,313,62 Years,127,59,68,87,39,48,20,8,12,0,0,0,3,2,1,17,10,7
MADISON COUNTY,313,63 Years,122,59,63,88,40,48,16,7,9,0,0,0,2,2,0,16,10,6
MADISON COUNTY,313,64 Years,125,63,62,97,48,49,12,6,6,1,0,1,1,1,0,14,8,6
MADISON COUNTY,313,65 Years,122,59,63,88,45,43,17,5,12,2,1,1,1,1,0,14,7,7
MADISON COUNTY,313,66 Years,112,57,55,81,42,39,17,5,12,0,0,0,1,1,0,13,9,4
MADISON COUNTY,313,67 Years,122,59,63,87,41,46,18,9,9,0,0,0,2,1,1,15,8,7
MADISON COUNTY,313,68 Years,134,63,71,90,45,45,24,8,16,1,1,0,2,1,1,17,8,9
MADISON COUNTY,313,69 Years,125,59,66,86,43,43,20,5,15,1,1,0,2,2,0,16,8,8
MADISON COUNTY,313,70 Years,113,54,59,83,39,44,14,6,8,0,0,0,4,2,2,12,7,5
MADISON COUNTY,313,71 Years,119,53,66,87,40,47,20,9,11,0,0,0,4,1,3,8,3,5
MADISON COUNTY,313,72 Years,119,56,63,90,43,47,17,9,8,0,0,0,4,1,3,8,3,5
MADISON COUNTY,313,73 Years,116,54,62,90,45,45,14,5,9,1,0,1,2,0,2,9,4,5
MADISON COUNTY,313,74 Years,113,54,59,91,44,47,12,5,7,1,0,1,1,0,1,8,5,3
MADISON COUNTY,313,75 Years,107,52,55,86,41,45,8,4,4,2,2,0,3,0,3,8,5,3
MADISON COUNTY,313,76 Years,94,44,50,72,35,37,8,5,3,0,0,0,6,1,5,8,3,5
MADISON COUNTY,313,77 Years,80,38,42,63,30,33,11,6,5,0,0,0,2,1,1,4,1,3
MADISON COUNTY,313,78 Years,78,36,42,64,28,36,11,6,5,0,0,0,0,0,0,3,2,1
MADISON COUNTY,313,79 Years,73,32,41,57,23,34,11,6,5,0,0,0,2,2,0,3,1,2
MADISON COUNTY,313,80 Years,70,32,38,52,24,28,10,5,5,0,0,0,3,1,2,5,2,3
MADISON COUNTY,313,81 Years,64,34,30,52,26,26,6,3,3,0,0,0,2,2,0,4,3,1
MADISON COUNTY,313,82 Years,63,30,33,51,24,27,6,3,3,0,0,0,3,1,2,3,2,1
MADISON COUNTY,313,83 Years,59,30,29,44,23,21,8,3,5,0,0,0,3,2,1,4,2,2
MADISON COUNTY,313,84 Years,50,25,25,37,21,16,4,1,3,0,0,0,2,0,2,7,3,4
MADISON COUNTY,313,85 Years,40,17,23,31,14,17,5,2,3,0,0,0,0,0,0,4,1,3
MADISON COUNTY,313,86 Years,38,16,22,30,13,17,5,2,3,0,0,0,1,0,1,2,1,1
MADISON COUNTY,313,87 Years,30,12,18,25,10,15,3,1,2,0,0,0,1,0,1,1,1,0
MADISON COUNTY,313,88 Years,28,10,18,25,9,16,2,1,1,0,0,0,0,0,0,1,0,1
MADISON COUNTY,313,89 Years,24,7,17,20,7,13,2,0,2,0,0,0,0,0,0,2,0,2
MADISON COUNTY,313,90 Years,22,7,15,18,7,11,4,0,4,0,0,0,0,0,0,0,0,0
MADISON COUNTY,313,91 Years,17,5,12,14,5,9,3,0,3,0,0,0,0,0,0,0,0,0
MADISON COUNTY,313,92 Years,16,6,10,13,5,8,2,0,2,0,0,0,0,0,0,1,1,0
MADISON COUNTY,313,93 Years,13,4,9,12,4,8,1,0,1,0,0,0,0,0,0,0,0,0
MADISON COUNTY,313,94 Years,10,2,8,8,2,6,2,0,2,0,0,0,0,0,0,0,0,0
MADISON COUNTY,313,95 Years +,30,5,25,18,4,14,10,1,9,0,0,0,1,0,1,1,0,1
MARION COUNTY,315,All Ages,9655,4716,4939,6606,3291,3315,2231,1051,1180,62,33,29,354,167,187,402,174,228
MARION COUNTY,315,< 1 Year,70,35,35,37,19,18,18,9,9,1,0,1,5,3,2,9,4,5
MARION COUNTY,315,1 Years,91,48,43,49,25,24,23,12,11,1,1,0,5,3,2,13,7,6
MARION COUNTY,315,2 Years,93,48,45,52,27,25,22,11,11,2,1,1,5,3,2,12,6,6
MARION COUNTY,315,3 Years,83,44,39,51,28,23,21,11,10,0,0,0,6,3,3,5,2,3
MARION COUNTY,315,4 Years,84,44,40,53,30,23,18,9,9,0,0,0,5,2,3,8,3,5
MARION COUNTY,315,5 Years,84,47,37,51,30,21,20,12,8,0,0,0,6,2,4,7,3,4
MARION COUNTY,315,6 Years,90,52,38,53,30,23,22,16,6,1,0,1,8,4,4,6,2,4
MARION COUNTY,315,7 Years,95,52,43,55,28,27,23,17,6,1,0,1,9,4,5,7,3,4
MARION COUNTY,315,8 Years,95,53,42,58,31,27,22,14,8,2,1,1,8,4,4,5,3,2
MARION COUNTY,315,9 Years,96,48,48,59,30,29,22,12,10,1,0,1,8,4,4,6,2,4
MARION COUNTY,315,10 Years,97,50,47,60,32,28,22,11,11,1,0,1,7,4,3,7,3,4
MARION COUNTY,315,11 Years,97,50,47,59,33,26,21,10,11,1,0,1,8,3,5,8,4,4
MARION COUNTY,315,12 Years,101,54,47,63,33,30,26,14,12,0,0,0,6,2,4,6,5,1
MARION COUNTY,315,13 Years,105,52,53,62,28,34,30,17,13,1,1,0,6,2,4,6,4,2
MARION COUNTY,315,14 Years,119,57,62,74,35,39,26,12,14,1,1,0,8,5,3,10,4,6
MARION COUNTY,315,15 Years,113,53,60,72,33,39,24,11,13,1,1,0,6,4,2,10,4,6
MARION COUNTY,315,16 Years,104,54,50,63,32,31,28,15,13,1,1,0,5,3,2,7,3,4
MARION COUNTY,315,17 Years,99,47,52,60,28,32,27,14,13,1,1,0,5,2,3,6,2,4
MARION COUNTY,315,18 Years,96,50,46,57,30,27,25,15,10,1,1,0,5,1,4,8,3,5
MARION COUNTY,315,19 Years,93,52,41,60,31,29,22,16,6,1,1,0,3,1,2,7,3,4
MARION COUNTY,315,20 Years,96,51,45,59,33,26,28,16,12,1,1,0,2,0,2,6,1,5
MARION COUNTY,315,21 Years,97,57,40,56,36,20,28,15,13,2,2,0,5,2,3,6,2,4
MARION COUNTY,315,22 Years,91,52,39,48,29,19,28,15,13,1,1,0,8,4,4,6,3,3
MARION COUNTY,315,23 Years,80,40,40,40,21,19,31,14,17,1,1,0,4,2,2,4,2,2
MARION COUNTY,315,24 Years,87,46,41,47,26,21,30,14,16,2,2,0,4,2,2,4,2,2
MARION COUNTY,315,25 Years,87,42,45,54,27,27,21,8,13,2,2,0,6,4,2,4,1,3
MARION COUNTY,315,26 Years,88,43,45,54,26,28,23,10,13,2,2,0,5,3,2,4,2,2
MARION COUNTY,315,27 Years,88,43,45,48,23,25,29,14,15,1,1,0,4,2,2,6,3,3
MARION COUNTY,315,28 Years,86,42,44,52,24,28,24,11,13,0,0,0,4,2,2,6,5,1
MARION COUNTY,315,29 Years,94,51,43,61,32,29,22,10,12,3,3,0,3,2,1,5,4,1
MARION COUNTY,315,30 Years,98,56,42,69,39,30,23,13,10,1,1,0,2,1,1,3,2,1
MARION COUNTY,315,31 Years,95,51,44,72,40,32,20,9,11,0,0,0,1,1,0,2,1,1
MARION COUNTY,315,32 Years,80,40,40,60,32,28,17,7,10,0,0,0,0,0,0,3,1,2
MARION COUNTY,315,33 Years,80,43,37,46,23,23,28,16,12,0,0,0,1,1,0,5,3,2
MARION COUNTY,315,34 Years,95,49,46,56,28,28,28,16,12,0,0,0,2,1,1,9,4,5
MARION COUNTY,315,35 Years,104,48,56,65,30,35,28,13,15,1,1,0,3,1,2,7,3,4
MARION COUNTY,315,36 Years,103,52,51,71,35,36,26,14,12,0,0,0,2,0,2,4,3,1
MARION COUNTY,315,37 Years,86,41,45,66,32,34,17,8,9,0,0,0,1,0,1,2,1,1
MARION COUNTY,315,38 Years,85,38,47,64,30,34,13,6,7,0,0,0,1,0,1,7,2,5
MARION COUNTY,315,39 Years,100,43,57,60,27,33,29,12,17,1,0,1,1,1,0,9,3,6
MARION COUNTY,315,40 Years,103,44,59,63,29,34,30,13,17,1,0,1,0,0,0,9,2,7
MARION COUNTY,315,41 Years,95,45,50,65,32,33,25,12,13,1,0,1,1,1,0,3,0,3
MARION COUNTY,315,42 Years,100,44,56,70,30,40,27,13,14,0,0,0,1,1,0,2,0,2
MARION COUNTY,315,43 Years,98,49,49,70,35,35,22,11,11,0,0,0,3,1,2,3,2,1
MARION COUNTY,315,44 Years,89,42,47,64,31,33,20,9,11,0,0,0,2,0,2,3,2,1
MARION COUNTY,315,45 Years,98,50,48,68,36,32,22,10,12,0,0,0,4,2,2,4,2,2
MARION COUNTY,315,46 Years,103,54,49,70,39,31,21,10,11,0,0,0,4,2,2,8,3,5
MARION COUNTY,315,47 Years,91,45,46,61,30,31,18,9,9,0,0,0,5,3,2,7,3,4
MARION COUNTY,315,48 Years,90,41,49,65,30,35,16,8,8,1,0,1,4,1,3,4,2,2
MARION COUNTY,315,49 Years,100,46,54,71,36,35,20,6,14,0,0,0,3,1,2,6,3,3
MARION COUNTY,315,50 Years,109,38,71,75,30,45,20,4,16,1,0,1,3,0,3,10,4,6
MARION COUNTY,315,51 Years,118,51,67,82,38,44,24,9,15,2,0,2,5,2,3,5,2,3
MARION COUNTY,315,52 Years,113,55,58,78,40,38,25,12,13,1,0,1,4,2,2,5,1,4
MARION COUNTY,315,53 Years,106,49,57,72,34,38,27,13,14,1,0,1,2,1,1,4,1,3
MARION COUNTY,315,54 Years,109,49,60,77,38,39,26,10,16,2,0,2,2,0,2,2,1,1
MARION COUNTY,315,55 Years,121,55,66,88,42,46,27,10,17,1,0,1,2,1,1,3,2,1
MARION COUNTY,315,56 Years,148,68,80,105,49,56,33,13,20,2,2,0,4,1,3,4,3,1
MARION COUNTY,315,57 Years,159,74,85,115,54,61,35,14,21,3,2,1,3,2,1,3,2,1
MARION COUNTY,315,58 Years,149,71,78,111,54,57,31,14,17,1,0,1,4,2,2,2,1,1
MARION COUNTY,315,59 Years,148,69,79,108,51,57,31,14,17,2,0,2,5,3,2,2,1,1
MARION COUNTY,315,60 Years,163,72,91,119,55,64,33,14,19,2,0,2,4,2,2,5,1,4
MARION COUNTY,315,61 Years,176,71,105,126,59,67,35,9,26,1,0,1,9,3,6,5,0,5
MARION COUNTY,315,62 Years,194,90,104,138,72,66,42,13,29,0,0,0,9,5,4,5,0,5
MARION COUNTY,315,63 Years,201,93,108,144,70,74,48,18,30,0,0,0,6,5,1,3,0,3
MARION COUNTY,315,64 Years,183,81,102,132,60,72,43,16,27,0,0,0,5,4,1,3,1,2
MARION COUNTY,315,65 Years,171,85,86,121,60,61,40,18,22,0,0,0,6,4,2,4,3,1
MARION COUNTY,315,66 Years,163,87,76,115,58,57,37,22,15,0,0,0,7,5,2,4,2,2
MARION COUNTY,315,67 Years,163,82,81,120,59,61,36,20,16,0,0,0,5,3,2,2,0,2
MARION COUNTY,315,68 Years,171,75,96,126,56,70,36,16,20,0,0,0,7,1,6,2,2,0
MARION COUNTY,315,69 Years,157,74,83,115,56,59,34,16,18,0,0,0,5,0,5,3,2,1
MARION COUNTY,315,70 Years,143,71,72,110,56,54,28,13,15,0,0,0,4,2,2,1,0,1
MARION COUNTY,315,71 Years,143,68,75,107,54,53,32,12,20,1,0,1,3,2,1,0,0,0
MARION COUNTY,315,72 Years,147,76,71,106,56,50,34,16,18,2,1,1,3,2,1,2,1,1
MARION COUNTY,315,73 Years,152,83,69,113,63,50,31,15,16,0,0,0,4,2,2,4,3,1
MARION COUNTY,315,74 Years,150,73,77,118,58,60,24,10,14,1,1,0,3,2,1,4,2,2
MARION COUNTY,315,75 Years,150,73,77,122,61,61,23,11,12,0,0,0,3,1,2,2,0,2
MARION COUNTY,315,76 Years,130,64,66,104,51,53,22,11,11,0,0,0,3,1,2,1,1,0
MARION COUNTY,315,77 Years,103,50,53,78,39,39,22,10,12,0,0,0,3,1,2,0,0,0
MARION COUNTY,315,78 Years,92,45,47,70,34,36,20,10,10,0,0,0,2,1,1,0,0,0
MARION COUNTY,315,79 Years,83,41,42,65,30,35,17,10,7,0,0,0,1,1,0,0,0,0
MARION COUNTY,315,80 Years,81,39,42,59,29,30,17,9,8,0,0,0,3,0,3,2,1,1
MARION COUNTY,315,81 Years,82,37,45,61,29,32,17,8,9,0,0,0,3,0,3,1,0,1
MARION COUNTY,315,82 Years,73,37,36,56,28,28,16,9,7,0,0,0,0,0,0,1,0,1
MARION COUNTY,315,83 Years,62,32,30,49,26,23,12,6,6,0,0,0,0,0,0,1,0,1
MARION COUNTY,315,84 Years,57,30,27,46,25,21,10,5,5,0,0,0,1,0,1,0,0,0
MARION COUNTY,315,85 Years,46,21,25,36,17,19,9,4,5,0,0,0,1,0,1,0,0,0
MARION COUNTY,315,86 Years,51,20,31,40,16,24,8,3,5,0,0,0,2,1,1,1,0,1
MARION COUNTY,315,87 Years,40,19,21,30,15,15,8,3,5,0,0,0,1,1,0,1,0,1
MARION COUNTY,315,88 Years,29,15,14,21,12,9,7,2,5,0,0,0,1,1,0,0,0,0
MARION COUNTY,315,89 Years,22,11,11,15,8,7,6,2,4,0,0,0,1,1,0,0,0,0
MARION COUNTY,315,90 Years,21,9,12,14,8,6,5,1,4,0,0,0,2,0,2,0,0,0
MARION COUNTY,315,91 Years,18,9,9,13,7,6,5,2,3,0,0,0,0,0,0,0,0,0
MARION COUNTY,315,92 Years,13,6,7,9,4,5,4,2,2,0,0,0,0,0,0,0,0,0
MARION COUNTY,315,93 Years,12,4,8,9,4,5,3,0,3,0,0,0,0,0,0,0,0,0
MARION COUNTY,315,94 Years,10,5,5,7,4,3,2,0,2,0,0,0,1,1,0,0,0,0
MARION COUNTY,315,95 Years +,31,11,20,18,8,10,10,2,8,0,0,0,2,1,1,1,0,1
MARTIN COUNTY,317,All Ages,5205,2605,2600,2413,1191,1222,50,35,15,1,0,1,67,27,40,2674,1352,1322
MARTIN COUNTY,317,< 1 Year,65,32,33,24,12,12,1,0,1,0,0,0,2,1,1,38,19,19
MARTIN COUNTY,317,1 Years,63,33,30,21,11,10,1,1,0,0,0,0,2,1,1,39,20,19
MARTIN COUNTY,317,2 Years,62,30,32,20,10,10,1,0,1,0,0,0,2,1,1,39,19,20
MARTIN COUNTY,317,3 Years,73,38,35,29,14,15,2,1,1,0,0,0,3,1,2,39,22,17
MARTIN COUNTY,317,4 Years,75,39,36,30,15,15,2,1,1,0,0,0,2,0,2,41,23,18
MARTIN COUNTY,317,5 Years,81,44,37,33,16,17,2,1,1,0,0,0,2,1,1,44,26,18
MARTIN COUNTY,317,6 Years,87,46,41,32,15,17,2,1,1,0,0,0,2,1,1,51,29,22
MARTIN COUNTY,317,7 Years,98,50,48,37,18,19,2,1,1,0,0,0,2,1,1,57,30,27
MARTIN COUNTY,317,8 Years,112,58,54,43,19,24,0,0,0,0,0,0,2,1,1,67,38,29
MARTIN COUNTY,317,9 Years,111,58,53,45,21,24,0,0,0,0,0,0,2,1,1,64,36,28
MARTIN COUNTY,317,10 Years,99,50,49,39,16,23,0,0,0,0,0,0,2,1,1,58,33,25
MARTIN COUNTY,317,11 Years,93,44,49,38,15,23,0,0,0,0,0,0,2,1,1,53,28,25
MARTIN COUNTY,317,12 Years,99,50,49,39,19,20,4,4,0,0,0,0,0,0,0,56,27,29
MARTIN COUNTY,317,13 Years,102,49,53,41,21,20,3,3,0,0,0,0,0,0,0,58,25,33
MARTIN COUNTY,317,14 Years,95,44,51,38,21,17,1,1,0,0,0,0,0,0,0,56,22,34
MARTIN COUNTY,317,15 Years,99,52,47,41,22,19,1,1,0,0,0,0,0,0,0,57,29,28
MARTIN COUNTY,317,16 Years,97,51,46,40,22,18,1,1,0,0,0,0,0,0,0,56,28,28
MARTIN COUNTY,317,17 Years,101,56,45,43,23,20,1,1,0,0,0,0,0,0,0,57,32,25
MARTIN COUNTY,317,18 Years,94,53,41,39,19,20,2,1,1,0,0,0,0,0,0,53,33,20
MARTIN COUNTY,317,19 Years,83,38,45,34,14,20,1,0,1,0,0,0,0,0,0,48,24,24
MARTIN COUNTY,317,20 Years,73,32,41,30,14,16,0,0,0,0,0,0,1,0,1,42,18,24
MARTIN COUNTY,317,21 Years,73,35,38,31,15,16,0,0,0,0,0,0,1,0,1,41,20,21
MARTIN COUNTY,317,22 Years,74,35,39,33,15,18,1,1,0,0,0,0,1,0,1,39,19,20
MARTIN COUNTY,317,23 Years,57,27,30,23,14,9,2,0,2,0,0,0,2,0,2,30,13,17
MARTIN COUNTY,317,24 Years,54,28,26,23,14,9,1,0,1,0,0,0,2,0,2,28,14,14
MARTIN COUNTY,317,25 Years,55,29,26,26,14,12,0,0,0,0,0,0,1,0,1,28,15,13
MARTIN COUNTY,317,26 Years,57,32,25,25,14,11,0,0,0,0,0,0,0,0,0,32,18,14
MARTIN COUNTY,317,27 Years,57,31,26,24,14,10,0,0,0,1,0,1,0,0,0,32,17,15
MARTIN COUNTY,317,28 Years,52,27,25,24,12,12,0,0,0,0,0,0,2,2,0,26,13,13
MARTIN COUNTY,317,29 Years,62,30,32,34,17,17,0,0,0,0,0,0,1,1,0,27,12,15
MARTIN COUNTY,317,30 Years,60,28,32,27,13,14,0,0,0,0,0,0,2,2,0,31,13,18
MARTIN COUNTY,317,31 Years,52,23,29,23,10,13,1,0,1,0,0,0,2,2,0,26,11,15
MARTIN COUNTY,317,32 Years,53,27,26,18,9,9,1,0,1,0,0,0,1,1,0,33,17,16
MARTIN COUNTY,317,33 Years,74,42,32,25,15,10,0,0,0,0,0,0,3,1,2,46,26,20
MARTIN COUNTY,317,34 Years,72,41,31,29,18,11,0,0,0,0,0,0,1,1,0,42,22,20
MARTIN COUNTY,317,35 Years,80,39,41,31,17,14,1,1,0,0,0,0,1,1,0,47,20,27
MARTIN COUNTY,317,36 Years,80,38,42,34,18,16,1,1,0,0,0,0,0,0,0,45,19,26
MARTIN COUNTY,317,37 Years,82,41,41,38,22,16,0,0,0,0,0,0,1,1,0,43,18,25
MARTIN COUNTY,317,38 Years,107,57,50,42,24,18,1,1,0,0,0,0,0,0,0,64,32,32
MARTIN COUNTY,317,39 Years,99,53,46,41,23,18,1,1,0,0,0,0,0,0,0,57,29,28
MARTIN COUNTY,317,40 Years,78,44,34,38,20,18,1,1,0,0,0,0,0,0,0,39,23,16
MARTIN COUNTY,317,41 Years,56,27,29,29,11,18,0,0,0,0,0,0,1,0,1,26,16,10
MARTIN COUNTY,317,42 Years,62,32,30,31,14,17,0,0,0,0,0,0,1,0,1,30,18,12
MARTIN COUNTY,317,43 Years,64,38,26,32,17,15,0,0,0,0,0,0,0,0,0,32,21,11
MARTIN COUNTY,317,44 Years,59,29,30,30,16,14,0,0,0,0,0,0,0,0,0,29,13,16
MARTIN COUNTY,317,45 Years,54,29,25,28,17,11,0,0,0,0,0,0,0,0,0,26,12,14
MARTIN COUNTY,317,46 Years,53,29,24,27,16,11,0,0,0,0,0,0,0,0,0,26,13,13
MARTIN COUNTY,317,47 Years,54,29,25,31,17,14,0,0,0,0,0,0,0,0,0,23,12,11
MARTIN COUNTY,317,48 Years,56,27,29,26,12,14,0,0,0,0,0,0,0,0,0,30,15,15
MARTIN COUNTY,317,49 Years,61,32,29,28,12,16,0,0,0,0,0,0,0,0,0,33,20,13
MARTIN COUNTY,317,50 Years,68,33,35,30,13,17,0,0,0,0,0,0,1,0,1,37,20,17
MARTIN COUNTY,317,51 Years,66,35,31,31,13,18,2,2,0,0,0,0,0,0,0,33,20,13
MARTIN COUNTY,317,52 Years,59,31,28,34,16,18,1,1,0,0,0,0,1,0,1,23,14,9
MARTIN COUNTY,317,53 Years,51,24,27,27,14,13,0,0,0,0,0,0,0,0,0,24,10,14
MARTIN COUNTY,317,54 Years,53,23,30,24,12,12,0,0,0,0,0,0,0,0,0,29,11,18
MARTIN COUNTY,317,55 Years,51,24,27,21,10,11,3,3,0,0,0,0,0,0,0,27,11,16
MARTIN COUNTY,317,56 Years,52,25,27,23,13,10,1,1,0,0,0,0,1,0,1,27,11,16
MARTIN COUNTY,317,57 Years,50,26,24,27,15,12,0,0,0,0,0,0,1,0,1,22,11,11
MARTIN COUNTY,317,58 Years,59,33,26,33,18,15,0,0,0,0,0,0,0,0,0,26,15,11
MARTIN COUNTY,317,59 Years,58,30,28,29,15,14,0,0,0,0,0,0,0,0,0,29,15,14
MARTIN COUNTY,317,60 Years,56,27,29,32,16,16,1,1,0,0,0,0,0,0,0,23,10,13
MARTIN COUNTY,317,61 Years,52,23,29,33,16,17,1,1,0,0,0,0,1,0,1,17,6,11
MARTIN COUNTY,317,62 Years,55,22,33,34,13,21,0,0,0,0,0,0,1,0,1,20,9,11
MARTIN COUNTY,317,63 Years,47,19,28,29,11,18,0,0,0,0,0,0,0,0,0,18,8,10
MARTIN COUNTY,317,64 Years,52,22,30,33,12,21,0,0,0,0,0,0,0,0,0,19,10,9
MARTIN COUNTY,317,65 Years,54,23,31,34,14,20,0,0,0,0,0,0,0,0,0,20,9,11
MARTIN COUNTY,317,66 Years,51,23,28,30,14,16,1,1,0,0,0,0,0,0,0,20,8,12
MARTIN COUNTY,317,67 Years,47,24,23,27,14,13,1,1,0,0,0,0,0,0,0,19,9,10
MARTIN COUNTY,317,68 Years,39,21,18,25,14,11,0,0,0,0,0,0,0,0,0,14,7,7
MARTIN COUNTY,317,69 Years,34,18,16,23,12,11,0,0,0,0,0,0,1,1,0,10,5,5
MARTIN COUNTY,317,70 Years,31,15,16,19,9,10,1,0,1,0,0,0,1,1,0,10,5,5
MARTIN COUNTY,317,71 Years,29,15,14,15,7,8,0,0,0,0,0,0,2,1,1,12,7,5
MARTIN COUNTY,317,72 Years,31,17,14,18,11,7,0,0,0,0,0,0,2,0,2,11,6,5
MARTIN COUNTY,317,73 Years,29,13,16,17,9,8,0,0,0,0,0,0,2,0,2,10,4,6
MARTIN COUNTY,317,74 Years,25,10,15,15,7,8,0,0,0,0,0,0,1,0,1,9,3,6
MARTIN COUNTY,317,75 Years,23,9,14,14,7,7,0,0,0,0,0,0,1,0,1,8,2,6
MARTIN COUNTY,317,76 Years,22,9,13,12,5,7,0,0,0,0,0,0,1,1,0,9,3,6
MARTIN COUNTY,317,77 Years,25,10,15,15,5,10,0,0,0,0,0,0,0,0,0,10,5,5
MARTIN COUNTY,317,78 Years,25,12,13,15,7,8,0,0,0,0,0,0,0,0,0,10,5,5
MARTIN COUNTY,317,79 Years,22,9,13,12,4,8,0,0,0,0,0,0,0,0,0,10,5,5
MARTIN COUNTY,317,80 Years,18,7,11,12,4,8,0,0,0,0,0,0,0,0,0,6,3,3
MARTIN COUNTY,317,81 Years,13,5,8,8,3,5,0,0,0,0,0,0,0,0,0,5,2,3
MARTIN COUNTY,317,82 Years,15,6,9,9,3,6,0,0,0,0,0,0,0,0,0,6,3,3
MARTIN COUNTY,317,83 Years,12,4,8,9,3,6,0,0,0,0,0,0,0,0,0,3,1,2
MARTIN COUNTY,317,84 Years,11,4,7,8,3,5,0,0,0,0,0,0,0,0,0,3,1,2
MARTIN COUNTY,317,85 Years,9,3,6,6,2,4,0,0,0,0,0,0,0,0,0,3,1,2
MARTIN COUNTY,317,86 Years,9,3,6,6,2,4,0,0,0,0,0,0,0,0,0,3,1,2
MARTIN COUNTY,317,87 Years,7,3,4,5,2,3,0,0,0,0,0,0,0,0,0,2,1,1
MARTIN COUNTY,317,88 Years,7,3,4,6,2,4,0,0,0,0,0,0,0,0,0,1,1,0
MARTIN COUNTY,317,89 Years,4,2,2,4,2,2,0,0,0,0,0,0,0,0,0,0,0,0
MARTIN COUNTY,317,90 Years,5,3,2,5,3,2,0,0,0,0,0,0,0,0,0,0,0,0
MARTIN COUNTY,317,91 Years,4,3,1,4,3,1,0,0,0,0,0,0,0,0,0,0,0,0
MARTIN COUNTY,317,92 Years,4,2,2,3,2,1,0,0,0,0,0,0,1,0,1,0,0,0
MARTIN COUNTY,317,93 Years,2,1,1,2,1,1,0,0,0,0,0,0,0,0,0,0,0,0
MARTIN COUNTY,317,94 Years,2,1,1,2,1,1,0,0,0,0,0,0,0,0,0,0,0,0
MARTIN COUNTY,317,95 Years +,8,4,4,6,2,4,0,0,0,0,0,0,0,0,0,2,2,0
MASON COUNTY,319,All Ages,4025,2061,1964,2846,1435,1411,11,4,7,8,4,4,34,12,22,1126,606,520
MASON COUNTY,319,< 1 Year,39,19,20,20,10,10,1,0,1,0,0,0,1,0,1,17,9,8
MASON COUNTY,319,1 Years,41,23,18,22,12,10,1,1,0,0,0,0,1,1,0,17,9,8
MASON COUNTY,319,2 Years,41,23,18,23,12,11,1,1,0,0,0,0,1,1,0,16,9,7
MASON COUNTY,319,3 Years,34,18,16,21,10,11,0,0,0,0,0,0,1,0,1,12,8,4
MASON COUNTY,319,4 Years,35,21,14,21,12,9,0,0,0,0,0,0,1,0,1,13,9,4
MASON COUNTY,319,5 Years,38,22,16,22,13,9,0,0,0,0,0,0,2,0,2,14,9,5
MASON COUNTY,319,6 Years,44,26,18,25,15,10,0,0,0,0,0,0,1,0,1,18,11,7
MASON COUNTY,319,7 Years,45,27,18,25,15,10,0,0,0,0,0,0,1,0,1,19,12,7
MASON COUNTY,319,8 Years,50,28,22,28,17,11,0,0,0,0,0,0,0,0,0,22,11,11
MASON COUNTY,319,9 Years,48,27,21,27,18,9,0,0,0,0,0,0,0,0,0,21,9,12
MASON COUNTY,319,10 Years,52,28,24,30,18,12,0,0,0,0,0,0,0,0,0,22,10,12
MASON COUNTY,319,11 Years,52,29,23,31,18,13,0,0,0,0,0,0,0,0,0,21,11,10
MASON COUNTY,319,12 Years,44,27,17,27,17,10,1,1,0,0,0,0,0,0,0,16,9,7
MASON COUNTY,319,13 Years,41,25,16,29,17,12,1,1,0,0,0,0,0,0,0,11,7,4
MASON COUNTY,319,14 Years,49,26,23,31,18,13,0,0,0,0,0,0,2,0,2,16,8,8
MASON COUNTY,319,15 Years,51,30,21,34,20,14,0,0,0,0,0,0,1,0,1,16,10,6
MASON COUNTY,319,16 Years,47,31,16,32,21,11,0,0,0,0,0,0,0,0,0,15,10,5
MASON COUNTY,319,17 Years,47,28,19,30,19,11,0,0,0,1,0,1,0,0,0,16,9,7
MASON COUNTY,319,18 Years,48,25,23,33,19,14,2,0,2,0,0,0,1,0,1,12,6,6
MASON COUNTY,319,19 Years,50,27,23,28,18,10,1,0,1,0,0,0,2,1,1,19,8,11
MASON COUNTY,319,20 Years,53,30,23,33,21,12,0,0,0,0,0,0,2,1,1,18,8,10
MASON COUNTY,319,21 Years,41,19,22,24,14,10,0,0,0,0,0,0,1,0,1,16,5,11
MASON COUNTY,319,22 Years,42,22,20,21,14,7,0,0,0,0,0,0,1,0,1,20,8,12
MASON COUNTY,319,23 Years,40,20,20,25,13,12,0,0,0,0,0,0,1,1,0,14,6,8
MASON COUNTY,319,24 Years,34,17,17,24,11,13,0,0,0,0,0,0,2,1,1,8,5,3
MASON COUNTY,319,25 Years,31,17,14,18,7,11,0,0,0,3,3,0,0,0,0,10,7,3
MASON COUNTY,319,26 Years,37,20,17,22,11,11,0,0,0,1,1,0,1,0,1,13,8,5
MASON COUNTY,319,27 Years,34,20,14,19,11,8,0,0,0,0,0,0,1,0,1,14,9,5
MASON COUNTY,319,28 Years,39,21,18,24,13,11,0,0,0,0,0,0,1,0,1,14,8,6
MASON COUNTY,319,29 Years,37,23,14,22,13,9,0,0,0,0,0,0,0,0,0,15,10,5
MASON COUNTY,319,30 Years,39,21,18,24,10,14,0,0,0,0,0,0,0,0,0,15,11,4
MASON COUNTY,319,31 Years,36,21,15,21,10,11,0,0,0,0,0,0,0,0,0,15,11,4
MASON COUNTY,319,32 Years,25,15,10,15,8,7,0,0,0,0,0,0,0,0,0,10,7,3
MASON COUNTY,319,33 Years,33,19,14,17,11,6,2,0,2,0,0,0,1,1,0,13,7,6
MASON COUNTY,319,34 Years,39,21,18,22,14,8,0,0,0,0,0,0,1,1,0,16,6,10
MASON COUNTY,319,35 Years,45,24,21,26,11,15,0,0,0,0,0,0,0,0,0,19,13,6
MASON COUNTY,319,36 Years,32,17,15,17,7,10,0,0,0,0,0,0,0,0,0,15,10,5
MASON COUNTY,319,37 Years,32,14,18,15,5,10,0,0,0,0,0,0,0,0,0,17,9,8
MASON COUNTY,319,38 Years,40,22,18,24,14,10,0,0,0,0,0,0,0,0,0,16,8,8
MASON COUNTY,319,39 Years,33,19,14,20,11,9,0,0,0,0,0,0,0,0,0,13,8,5
MASON COUNTY,319,40 Years,41,18,23,26,11,15,1,0,1,0,0,0,0,0,0,14,7,7
MASON COUNTY,319,41 Years,53,26,27,37,16,21,0,0,0,0,0,0,0,0,0,16,10,6
MASON COUNTY,319,42 Years,45,22,23,32,14,18,0,0,0,0,0,0,0,0,0,13,8,5
MASON COUNTY,319,43 Years,38,19,19,27,12,15,0,0,0,0,0,0,0,0,0,11,7,4
MASON COUNTY,319,44 Years,38,14,24,30,9,21,0,0,0,0,0,0,0,0,0,8,5,3
MASON COUNTY,319,45 Years,47,19,28,36,14,22,0,0,0,0,0,0,0,0,0,11,5,6
MASON COUNTY,319,46 Years,57,27,30,40,19,21,0,0,0,0,0,0,0,0,0,17,8,9
MASON COUNTY,319,47 Years,43,25,18,27,18,9,0,0,0,0,0,0,0,0,0,16,7,9
MASON COUNTY,319,48 Years,32,17,15,21,13,8,0,0,0,0,0,0,0,0,0,11,4,7
MASON COUNTY,319,49 Years,32,14,18,23,11,12,0,0,0,0,0,0,0,0,0,9,3,6
MASON COUNTY,319,50 Years,36,15,21,30,14,16,0,0,0,0,0,0,0,0,0,6,1,5
MASON COUNTY,319,51 Years,39,16,23,26,12,14,0,0,0,0,0,0,1,0,1,12,4,8
MASON COUNTY,319,52 Years,43,19,24,28,14,14,0,0,0,0,0,0,0,0,0,15,5,10
MASON COUNTY,319,53 Years,50,28,22,35,20,15,0,0,0,0,0,0,1,1,0,14,7,7
MASON COUNTY,319,54 Years,48,27,21,35,19,16,0,0,0,0,0,0,0,0,0,13,8,5
MASON COUNTY,319,55 Years,49,25,24,33,18,15,0,0,0,0,0,0,0,0,0,16,7,9
MASON COUNTY,319,56 Years,56,34,22,37,22,15,0,0,0,0,0,0,0,0,0,19,12,7
MASON COUNTY,319,57 Years,51,26,25,33,16,17,0,0,0,0,0,0,0,0,0,18,10,8
MASON COUNTY,319,58 Years,39,17,22,26,11,15,0,0,0,0,0,0,0,0,0,13,6,7
MASON COUNTY,319,59 Years,47,19,28,29,10,19,0,0,0,1,0,1,0,0,0,17,9,8
MASON COUNTY,319,60 Years,52,23,29,36,15,21,0,0,0,0,0,0,1,0,1,15,8,7
MASON COUNTY,319,61 Years,57,31,26,38,18,20,0,0,0,0,0,0,1,1,0,18,12,6
MASON COUNTY,319,62 Years,54,31,23,38,22,16,0,0,0,0,0,0,1,1,0,15,8,7
MASON COUNTY,319,63 Years,51,31,20,41,25,16,0,0,0,0,0,0,0,0,0,10,6,4
MASON COUNTY,319,64 Years,59,30,29,46,25,21,0,0,0,0,0,0,0,0,0,13,5,8
MASON COUNTY,319,65 Years,65,33,32,54,28,26,0,0,0,0,0,0,0,0,0,11,5,6
MASON COUNTY,319,66 Years,62,31,31,45,21,24,0,0,0,0,0,0,0,0,0,17,10,7
MASON COUNTY,319,67 Years,54,27,27,41,19,22,0,0,0,0,0,0,0,0,0,13,8,5
MASON COUNTY,319,68 Years,64,31,33,51,24,27,0,0,0,0,0,0,0,0,0,13,7,6
MASON COUNTY,319,69 Years,68,30,38,55,25,30,0,0,0,0,0,0,0,0,0,13,5,8
MASON COUNTY,319,70 Years,65,30,35,56,25,31,0,0,0,0,0,0,0,0,0,9,5,4
MASON COUNTY,319,71 Years,60,27,33,51,22,29,0,0,0,0,0,0,0,0,0,9,5,4
MASON COUNTY,319,72 Years,59,28,31,52,24,28,0,0,0,0,0,0,0,0,0,7,4,3
MASON COUNTY,319,73 Years,61,25,36,55,22,33,0,0,0,0,0,0,0,0,0,6,3,3
MASON COUNTY,319,74 Years,52,25,27,47,21,26,0,0,0,0,0,0,0,0,0,5,4,1
MASON COUNTY,319,75 Years,63,34,29,56,30,26,0,0,0,0,0,0,0,0,0,7,4,3
MASON COUNTY,319,76 Years,54,27,27,46,25,21,0,0,0,0,0,0,0,0,0,8,2,6
MASON COUNTY,319,77 Years,50,25,25,44,23,21,0,0,0,0,0,0,0,0,0,6,2,4
MASON COUNTY,319,78 Years,48,22,26,44,20,24,0,0,0,0,0,0,0,0,0,4,2,2
MASON COUNTY,319,79 Years,42,16,26,39,16,23,0,0,0,1,0,1,0,0,0,2,0,2
MASON COUNTY,319,80 Years,46,20,26,42,18,24,0,0,0,1,0,1,0,0,0,3,2,1
MASON COUNTY,319,81 Years,43,22,21,39,19,20,0,0,0,0,0,0,1,1,0,3,2,1
MASON COUNTY,319,82 Years,42,19,23,38,16,22,0,0,0,0,0,0,0,0,0,4,3,1
MASON COUNTY,319,83 Years,39,18,21,36,16,20,0,0,0,0,0,0,0,0,0,3,2,1
MASON COUNTY,319,84 Years,30,12,18,27,11,16,0,0,0,0,0,0,0,0,0,3,1,2
MASON COUNTY,319,85 Years,29,14,15,26,13,13,0,0,0,0,0,0,0,0,0,3,1,2
MASON COUNTY,319,86 Years,25,13,12,20,11,9,0,0,0,0,0,0,0,0,0,5,2,3
MASON COUNTY,319,87 Years,22,10,12,19,8,11,0,0,0,0,0,0,0,0,0,3,2,1
MASON COUNTY,319,88 Years,19,11,8,18,10,8,0,0,0,0,0,0,0,0,0,1,1,0
MASON COUNTY,319,89 Years,13,7,6,11,5,6,0,0,0,0,0,0,0,0,0,2,2,0
MASON COUNTY,319,90 Years,11,3,8,11,3,8,0,0,0,0,0,0,0,0,0,0,0,0
MASON COUNTY,319,91 Years,7,2,5,7,2,5,0,0,0,0,0,0,0,0,0,0,0,0
MASON COUNTY,319,92 Years,8,3,5,8,3,5,0,0,0,0,0,0,0,0,0,0,0,0
MASON COUNTY,319,93 Years,8,2,6,7,2,5,0,0,0,0,0,0,1,0,1,0,0,0
MASON COUNTY,319,94 Years,7,3,4,6,2,4,0,0,0,0,0,0,0,0,0,1,1,0
MASON COUNTY,319,95 Years +,14,6,8,13,5,8,0,0,0,0,0,0,0,0,0,1,1,0
MATAGORDA COUNTY,321,All Ages,36298,18163,18135,15078,7427,7651,3870,1841,2029,752,399,353,524,283,241,16074,8213,7861
MATAGORDA COUNTY,321,< 1 Year,446,229,217,134,68,66,42,21,21,6,4,2,17,9,8,247,127,120
MATAGORDA COUNTY,321,1 Years,449,228,221,132,67,65,45,23,22,5,3,2,14,7,7,253,128,125
MATAGORDA COUNTY,321,2 Years,458,233,225,137,69,68,46,23,23,5,3,2,14,8,6,256,130,126
MATAGORDA COUNTY,321,3 Years,513,259,254,146,75,71,45,23,22,6,4,2,9,4,5,307,153,154
MATAGORDA COUNTY,321,4 Years,536,271,265,149,76,73,47,24,23,7,4,3,8,4,4,325,163,162
MATAGORDA COUNTY,321,5 Years,547,280,267,155,78,77,52,27,25,4,2,2,8,4,4,328,169,159
MATAGORDA COUNTY,321,6 Years,552,283,269,157,79,78,55,28,27,3,2,1,8,4,4,329,170,159
MATAGORDA COUNTY,321,7 Years,561,289,272,162,84,78,58,28,30,6,4,2,8,4,4,327,169,158
MATAGORDA COUNTY,321,8 Years,568,307,261,157,81,76,56,31,25,10,8,2,14,8,6,331,179,152
MATAGORDA COUNTY,321,9 Years,560,305,255,155,80,75,56,31,25,10,8,2,16,11,5,323,175,148
MATAGORDA COUNTY,321,10 Years,545,288,257,154,77,77,52,28,24,11,9,2,16,11,5,312,163,149
MATAGORDA COUNTY,321,11 Years,534,270,264,150,72,78,58,31,27,11,9,2,8,2,6,307,156,151
MATAGORDA COUNTY,321,12 Years,515,248,267,142,72,70,60,28,32,13,8,5,5,0,5,295,140,155
MATAGORDA COUNTY,321,13 Years,508,262,246,157,81,76,57,28,29,6,3,3,12,5,7,276,145,131
MATAGORDA COUNTY,321,14 Years,515,257,258,178,87,91,55,27,28,3,1,2,10,4,6,269,138,131
MATAGORDA COUNTY,321,15 Years,530,268,262,171,84,87,67,35,32,5,2,3,9,5,4,278,142,136
MATAGORDA COUNTY,321,16 Years,507,259,248,157,84,73,60,29,31,7,3,4,8,4,4,275,139,136
MATAGORDA COUNTY,321,17 Years,486,245,241,154,78,76,52,24,28,8,3,5,9,4,5,263,136,127
MATAGORDA COUNTY,321,18 Years,455,225,230,142,68,74,41,19,22,8,4,4,9,6,3,255,128,127
MATAGORDA COUNTY,321,19 Years,470,238,232,155,82,73,42,17,25,10,6,4,8,4,4,255,129,126
MATAGORDA COUNTY,321,20 Years,455,236,219,154,81,73,48,23,25,10,4,6,8,4,4,235,124,111
MATAGORDA COUNTY,321,21 Years,452,237,215,148,75,73,44,24,20,13,7,6,9,6,3,238,125,113
MATAGORDA COUNTY,321,22 Years,438,231,207,134,68,66,43,24,19,14,8,6,8,5,3,239,126,113
MATAGORDA COUNTY,321,23 Years,399,216,183,112,60,52,46,27,19,16,9,7,9,5,4,216,115,101
MATAGORDA COUNTY,321,24 Years,402,221,181,114,60,54,49,31,18,12,8,4,6,3,3,221,119,102
MATAGORDA COUNTY,321,25 Years,402,214,188,121,64,57,49,27,22,10,6,4,7,4,3,215,113,102
MATAGORDA COUNTY,321,26 Years,429,224,205,130,66,64,51,27,24,16,9,7,6,4,2,226,118,108
MATAGORDA COUNTY,321,27 Years,448,242,206,154,80,74,51,27,24,16,10,6,4,2,2,223,123,100
MATAGORDA COUNTY,321,28 Years,450,231,219,156,76,80,57,28,29,13,7,6,6,3,3,218,117,101
MATAGORDA COUNTY,321,29 Years,492,249,243,174,85,89,64,32,32,15,9,6,6,3,3,233,120,113
MATAGORDA COUNTY,321,30 Years,487,247,240,178,84,94,55,30,25,14,8,6,6,4,2,234,121,113
MATAGORDA COUNTY,321,31 Years,461,244,217,165,88,77,53,28,25,12,7,5,6,4,2,225,117,108
MATAGORDA COUNTY,321,32 Years,456,232,224,168,84,84,59,30,29,9,8,1,5,3,2,215,107,108
MATAGORDA COUNTY,321,33 Years,450,215,235,165,81,84,60,27,33,4,3,1,5,3,2,216,101,115
MATAGORDA COUNTY,321,34 Years,449,213,236,164,81,83,50,20,30,8,4,4,6,2,4,221,106,115
MATAGORDA COUNTY,321,35 Years,421,209,212,157,74,83,35,17,18,10,5,5,6,2,4,213,111,102
MATAGORDA COUNTY,321,36 Years,408,210,198,149,73,76,44,23,21,6,3,3,6,3,3,203,108,95
MATAGORDA COUNTY,321,37 Years,415,212,203,168,74,94,40,24,16,4,3,1,7,3,4,196,108,88
MATAGORDA COUNTY,321,38 Years,428,213,215,173,77,96,46,25,21,12,7,5,8,3,5,189,101,88
MATAGORDA COUNTY,321,39 Years,419,215,204,159,71,88,44,22,22,9,5,4,6,3,3,201,114,87
MATAGORDA COUNTY,321,40 Years,417,220,197,163,82,81,35,15,20,6,3,3,5,2,3,208,118,90
MATAGORDA COUNTY,321,41 Years,421,225,196,169,84,85,34,15,19,7,3,4,4,2,2,207,121,86
MATAGORDA COUNTY,321,42 Years,447,244,203,173,89,84,37,14,23,7,4,3,4,2,2,226,135,91
MATAGORDA COUNTY,321,43 Years,412,213,199,146,75,71,36,17,19,8,5,3,5,3,2,217,113,104
MATAGORDA COUNTY,321,44 Years,387,195,192,142,70,72,32,16,16,8,3,5,3,3,0,202,103,99
MATAGORDA COUNTY,321,45 Years,385,196,189,147,75,72,32,15,17,6,1,5,4,3,1,196,102,94
MATAGORDA COUNTY,321,46 Years,380,190,190,143,69,74,38,19,19,6,2,4,4,3,1,189,97,92
MATAGORDA COUNTY,321,47 Years,368,178,190,137,61,76,39,19,20,9,5,4,3,1,2,180,92,88
MATAGORDA COUNTY,321,48 Years,347,159,188,133,59,74,38,15,23,9,5,4,1,0,1,166,80,86
MATAGORDA COUNTY,321,49 Years,353,156,197,135,60,75,33,12,21,8,4,4,2,0,2,175,80,95
MATAGORDA COUNTY,321,50 Years,379,183,196,154,78,76,37,16,21,10,4,6,6,4,2,172,81,91
MATAGORDA COUNTY,321,51 Years,389,192,197,167,88,79,34,19,15,12,4,8,7,5,2,169,76,93
MATAGORDA COUNTY,321,52 Years,385,183,202,176,83,93,33,18,15,10,4,6,3,2,1,163,76,87
MATAGORDA COUNTY,321,53 Years,397,180,217,185,84,101,37,15,22,15,7,8,1,0,1,159,74,85
MATAGORDA COUNTY,321,54 Years,379,172,207,174,81,93,41,14,27,12,5,7,1,0,1,151,72,79
MATAGORDA COUNTY,321,55 Years,392,187,205,162,79,83,48,17,31,14,7,7,2,2,0,166,82,84
MATAGORDA COUNTY,321,56 Years,402,189,213,165,77,88,55,22,33,15,9,6,2,2,0,165,79,86
MATAGORDA COUNTY,321,57 Years,427,209,218,196,92,104,48,20,28,11,9,2,5,3,2,167,85,82
MATAGORDA COUNTY,321,58 Years,473,243,230,227,110,117,55,28,27,11,6,5,8,4,4,172,95,77
MATAGORDA COUNTY,321,59 Years,488,241,247,243,116,127,65,32,33,10,5,5,8,5,3,162,83,79
MATAGORDA COUNTY,321,60 Years,516,239,277,275,131,144,64,27,37,10,5,5,7,5,2,160,71,89
MATAGORDA COUNTY,321,61 Years,491,233,258,265,126,139,61,25,36,11,6,5,5,3,2,149,73,76
MATAGORDA COUNTY,321,62 Years,489,241,248,271,135,136,60,25,35,11,7,4,5,3,2,142,71,71
MATAGORDA COUNTY,321,63 Years,475,236,239,263,135,128,60,23,37,14,7,7,6,4,2,132,67,65
MATAGORDA COUNTY,321,64 Years,465,234,231,268,136,132,58,22,36,16,7,9,7,4,3,116,65,51
MATAGORDA COUNTY,321,65 Years,484,248,236,273,145,128,73,29,44,11,5,6,8,4,4,119,65,54
MATAGORDA COUNTY,321,66 Years,456,234,222,269,140,129,64,25,39,7,4,3,7,5,2,109,60,49
MATAGORDA COUNTY,321,67 Years,440,228,212,256,132,124,56,27,29,9,5,4,6,4,2,113,60,53
MATAGORDA COUNTY,321,68 Years,432,217,215,257,136,121,42,20,22,9,2,7,6,3,3,118,56,62
MATAGORDA COUNTY,321,69 Years,412,195,217,255,125,130,35,14,21,8,2,6,4,2,2,110,52,58
MATAGORDA COUNTY,321,70 Years,384,175,209,232,106,126,37,17,20,8,3,5,5,2,3,102,47,55
MATAGORDA COUNTY,321,71 Years,351,172,179,208,104,104,34,16,18,9,3,6,5,2,3,95,47,48
MATAGORDA COUNTY,321,72 Years,356,190,166,222,120,102,34,18,16,11,3,8,5,3,2,84,46,38
MATAGORDA COUNTY,321,73 Years,345,188,157,219,116,103,32,18,14,7,2,5,6,4,2,81,48,33
MATAGORDA COUNTY,321,74 Years,332,162,170,219,106,113,29,13,16,6,3,3,5,2,3,73,38,35
MATAGORDA COUNTY,321,75 Years,305,144,161,204,100,104,27,11,16,5,3,2,4,2,2,65,28,37
MATAGORDA COUNTY,321,76 Years,267,125,142,174,84,90,28,14,14,2,1,1,2,1,1,61,25,36
MATAGORDA COUNTY,321,77 Years,242,118,124,162,81,81,22,12,10,2,1,1,2,1,1,54,23,31
MATAGORDA COUNTY,321,78 Years,225,107,118,157,74,83,20,10,10,2,1,1,2,2,0,44,20,24
MATAGORDA COUNTY,321,79 Years,212,98,114,145,64,81,23,12,11,3,3,0,1,1,0,40,18,22
MATAGORDA COUNTY,321,80 Years,203,95,108,138,61,77,19,11,8,2,1,1,2,1,1,42,21,21
MATAGORDA COUNTY,321,81 Years,179,85,94,124,59,65,15,8,7,2,1,1,2,1,1,36,16,20
MATAGORDA COUNTY,321,82 Years,160,75,85,111,56,55,14,7,7,1,0,1,2,1,1,32,11,21
MATAGORDA COUNTY,321,83 Years,145,69,76,103,54,49,13,6,7,1,0,1,0,0,0,28,9,19
MATAGORDA COUNTY,321,84 Years,136,66,70,93,51,42,11,5,6,3,0,3,0,0,0,29,10,19
MATAGORDA COUNTY,321,85 Years,126,58,68,84,40,44,13,6,7,4,2,2,0,0,0,25,10,15
MATAGORDA COUNTY,321,86 Years,103,47,56,66,31,35,14,5,9,2,1,1,0,0,0,21,10,11
MATAGORDA COUNTY,321,87 Years,88,40,48,56,26,30,11,5,6,2,1,1,1,0,1,18,8,10
MATAGORDA COUNTY,321,88 Years,81,25,56,53,19,34,9,1,8,3,0,3,1,0,1,15,5,10
MATAGORDA COUNTY,321,89 Years,68,20,48,46,16,30,8,1,7,2,0,2,0,0,0,12,3,9
MATAGORDA COUNTY,321,90 Years,55,17,38,37,13,24,6,1,5,1,0,1,0,0,0,11,3,8
MATAGORDA COUNTY,321,91 Years,48,16,32,33,12,21,5,1,4,2,1,1,0,0,0,8,2,6
MATAGORDA COUNTY,321,92 Years,41,15,26,28,11,17,5,1,4,1,1,0,0,0,0,7,2,5
MATAGORDA COUNTY,321,93 Years,35,12,23,25,9,16,5,1,4,1,1,0,0,0,0,4,1,3
MATAGORDA COUNTY,321,94 Years,27,8,19,19,6,13,4,1,3,0,0,0,0,0,0,4,1,3
MATAGORDA COUNTY,321,95 Years +,80,21,59,44,11,33,18,4,14,3,2,1,0,0,0,15,4,11
MAVERICK COUNTY,323,All Ages,57775,29088,28687,2172,1148,1024,186,103,83,159,87,72,774,391,383,54484,27359,27125
MAVERICK COUNTY,323,< 1 Year,1786,898,888,404,201,203,118,59,59,12,5,7,59,33,26,1193,600,593
MAVERICK COUNTY,323,1 Years,925,472,453,29,14,15,1,1,0,1,1,0,11,6,5,883,450,433
MAVERICK COUNTY,323,2 Years,924,471,453,31,16,15,1,0,1,2,1,1,11,6,5,879,448,431
MAVERICK COUNTY,323,3 Years,1001,521,480,20,10,10,2,1,1,1,1,0,16,8,8,962,501,461
MAVERICK COUNTY,323,4 Years,1036,539,497,20,10,10,3,2,1,1,1,0,18,10,8,994,516,478
MAVERICK COUNTY,323,5 Years,1044,551,493,21,12,9,2,1,1,0,0,0,18,9,9,1003,529,474
MAVERICK COUNTY,323,6 Years,1067,563,504,26,15,11,1,0,1,0,0,0,17,10,7,1023,538,485
MAVERICK COUNTY,323,7 Years,1089,569,520,28,16,12,0,0,0,0,0,0,16,9,7,1045,544,501
MAVERICK COUNTY,323,8 Years,1066,540,526,36,16,20,2,2,0,2,1,1,18,11,7,1008,510,498
MAVERICK COUNTY,323,9 Years,1044,519,525,35,16,19,1,1,0,2,2,0,15,9,6,991,491,500
MAVERICK COUNTY,323,10 Years,1009,507,502,27,15,12,0,0,0,2,2,0,13,5,8,967,485,482
MAVERICK COUNTY,323,11 Years,979,495,484,22,13,9,0,0,0,2,2,0,12,5,7,943,475,468
MAVERICK COUNTY,323,12 Years,890,452,438,19,9,10,0,0,0,3,2,1,10,3,7,858,438,420
MAVERICK COUNTY,323,13 Years,827,431,396,21,11,10,1,1,0,1,0,1,10,5,5,794,414,380
MAVERICK COUNTY,323,14 Years,832,433,399,20,11,9,1,1,0,0,0,0,18,8,10,793,413,380
MAVERICK COUNTY,323,15 Years,853,433,420,22,13,9,1,1,0,1,1,0,19,9,10,810,409,401
MAVERICK COUNTY,323,16 Years,892,451,441,29,16,13,0,0,0,5,5,0,19,10,9,839,420,419
MAVERICK COUNTY,323,17 Years,910,458,452,29,16,13,1,0,1,3,3,0,22,11,11,855,428,427
MAVERICK COUNTY,323,18 Years,947,462,485,29,15,14,1,0,1,2,0,2,22,12,10,893,435,458
MAVERICK COUNTY,323,19 Years,926,452,474,28,15,13,1,0,1,3,0,3,19,14,5,875,423,452
MAVERICK COUNTY,323,20 Years,965,486,479,24,13,11,0,0,0,3,0,3,18,11,7,920,462,458
MAVERICK COUNTY,323,21 Years,937,491,446,20,9,11,1,0,1,2,0,2,19,9,10,895,473,422
MAVERICK COUNTY,323,22 Years,880,478,402,16,7,9,4,3,1,0,0,0,14,7,7,846,461,385
MAVERICK COUNTY,323,23 Years,900,499,401,22,10,12,3,2,1,2,0,2,9,5,4,864,482,382
MAVERICK COUNTY,323,24 Years,885,497,388,20,10,10,0,0,0,3,2,1,11,5,6,851,480,371
MAVERICK COUNTY,323,25 Years,880,491,389,17,11,6,1,0,1,2,2,0,14,8,6,846,470,376
MAVERICK COUNTY,323,26 Years,925,520,405,20,14,6,1,0,1,1,1,0,10,7,3,893,498,395
MAVERICK COUNTY,323,27 Years,924,513,411,26,17,9,0,0,0,2,0,2,9,6,3,887,490,397
MAVERICK COUNTY,323,28 Years,844,472,372,31,21,10,0,0,0,3,1,2,11,6,5,799,444,355
MAVERICK COUNTY,323,29 Years,871,492,379,32,19,13,2,1,1,1,1,0,9,6,3,827,465,362
MAVERICK COUNTY,323,30 Years,839,471,368,29,16,13,1,1,0,1,0,1,10,6,4,798,448,350
MAVERICK COUNTY,323,31 Years,817,459,358,28,18,10,2,1,1,2,1,1,8,4,4,777,435,342
MAVERICK COUNTY,323,32 Years,757,414,343,25,14,11,2,1,1,3,3,0,8,5,3,719,391,328
MAVERICK COUNTY,323,33 Years,717,364,353,13,5,8,0,0,0,2,1,1,8,5,3,694,353,341
MAVERICK COUNTY,323,34 Years,705,362,343,13,5,8,0,0,0,1,1,0,10,3,7,681,353,328
MAVERICK COUNTY,323,35 Years,706,394,312,23,14,9,2,1,1,1,1,0,10,3,7,670,375,295
MAVERICK COUNTY,323,36 Years,695,391,304,31,19,12,4,2,2,2,0,2,9,5,4,649,365,284
MAVERICK COUNTY,323,37 Years,676,373,303,36,22,14,3,2,1,2,0,2,9,6,3,626,343,283
MAVERICK COUNTY,323,38 Years,690,369,321,33,17,16,2,1,1,1,1,0,10,6,4,644,344,300
MAVERICK COUNTY,323,39 Years,679,348,331,27,14,13,2,2,0,1,1,0,11,4,7,638,327,311
MAVERICK COUNTY,323,40 Years,643,320,323,27,16,11,3,3,0,4,2,2,9,4,5,600,295,305
MAVERICK COUNTY,323,41 Years,643,311,332,26,15,11,2,2,0,4,1,3,6,3,3,605,290,315
MAVERICK COUNTY,323,42 Years,645,314,331,21,12,9,0,0,0,3,0,3,9,4,5,612,298,314
MAVERICK COUNTY,323,43 Years,617,316,301,23,16,7,0,0,0,9,6,3,9,5,4,576,289,287
MAVERICK COUNTY,323,44 Years,597,305,292,19,13,6,0,0,0,11,9,2,7,4,3,560,279,281
MAVERICK COUNTY,323,45 Years,590,274,316,16,10,6,0,0,0,6,2,4,8,4,4,560,258,302
MAVERICK COUNTY,323,46 Years,605,286,319,20,11,9,0,0,0,2,0,2,11,6,5,572,269,303
MAVERICK COUNTY,323,47 Years,627,294,333,19,8,11,0,0,0,6,3,3,6,4,2,596,279,317
MAVERICK COUNTY,323,48 Years,654,306,348,26,10,16,0,0,0,2,1,1,4,2,2,622,293,329
MAVERICK COUNTY,323,49 Years,671,326,345,22,13,9,1,1,0,1,1,0,6,3,3,641,308,333
MAVERICK COUNTY,323,50 Years,653,304,349,21,10,11,0,0,0,2,2,0,4,1,3,626,291,335
MAVERICK COUNTY,323,51 Years,629,283,346,22,9,13,0,0,0,2,2,0,3,1,2,602,271,331
MAVERICK COUNTY,323,52 Years,612,286,326,20,10,10,0,0,0,1,1,0,4,3,1,587,272,315
MAVERICK COUNTY,323,53 Years,605,291,314,15,7,8,1,1,0,1,0,1,8,3,5,580,280,300
MAVERICK COUNTY,323,54 Years,584,282,302,14,7,7,0,0,0,1,0,1,8,3,5,561,272,289
MAVERICK COUNTY,323,55 Years,560,263,297,14,7,7,0,0,0,3,2,1,7,2,5,536,252,284
MAVERICK COUNTY,323,56 Years,550,256,294,26,15,11,1,1,0,2,2,0,5,2,3,516,236,280
MAVERICK COUNTY,323,57 Years,545,266,279,25,16,9,2,1,1,1,1,0,5,2,3,512,246,266
MAVERICK COUNTY,323,58 Years,543,266,277,22,13,9,2,1,1,1,1,0,5,2,3,513,249,264
MAVERICK COUNTY,323,59 Years,525,247,278,18,11,7,1,0,1,2,1,1,5,3,2,499,232,267
MAVERICK COUNTY,323,60 Years,494,232,262,20,14,6,0,0,0,2,1,1,4,3,1,468,214,254
MAVERICK COUNTY,323,61 Years,489,235,254,20,12,8,0,0,0,2,1,1,6,2,4,461,220,241
MAVERICK COUNTY,323,62 Years,489,240,249,17,10,7,1,1,0,1,0,1,5,3,2,465,226,239
MAVERICK COUNTY,323,63 Years,456,214,242,13,8,5,0,0,0,1,0,1,4,1,3,438,205,233
MAVERICK COUNTY,323,64 Years,430,193,237,11,5,6,0,0,0,2,0,2,4,2,2,413,186,227
MAVERICK COUNTY,323,65 Years,428,184,244,13,4,9,0,0,0,1,0,1,2,1,1,412,179,233
MAVERICK COUNTY,323,66 Years,428,200,228,18,8,10,1,1,0,1,0,1,4,1,3,404,190,214
MAVERICK COUNTY,323,67 Years,442,204,238,19,8,11,1,1,0,1,0,1,3,0,3,418,195,223
MAVERICK COUNTY,323,68 Years,420,187,233,19,9,10,2,2,0,1,1,0,1,0,1,397,175,222
MAVERICK COUNTY,323,69 Years,406,179,227,17,8,9,0,0,0,1,1,0,2,0,2,386,170,216
MAVERICK COUNTY,323,70 Years,387,178,209,16,8,8,0,0,0,1,1,0,4,0,4,366,169,197
MAVERICK COUNTY,323,71 Years,388,178,210,17,7,10,0,0,0,0,0,0,3,1,2,368,170,198
MAVERICK COUNTY,323,72 Years,379,171,208,16,5,11,0,0,0,0,0,0,1,0,1,362,166,196
MAVERICK COUNTY,323,73 Years,340,157,183,17,9,8,0,0,0,1,0,1,0,0,0,322,148,174
MAVERICK COUNTY,323,74 Years,321,143,178,15,8,7,0,0,0,1,1,0,1,1,0,304,133,171
MAVERICK COUNTY,323,75 Years,314,141,173,14,8,6,0,0,0,0,0,0,1,0,1,299,133,166
MAVERICK COUNTY,323,76 Years,291,134,157,13,9,4,0,0,0,0,0,0,2,0,2,276,125,151
MAVERICK COUNTY,323,77 Years,272,124,148,13,7,6,0,0,0,0,0,0,2,1,1,257,116,141
MAVERICK COUNTY,323,78 Years,243,106,137,11,4,7,0,0,0,0,0,0,2,1,1,230,101,129
MAVERICK COUNTY,323,79 Years,225,98,127,10,5,5,0,0,0,0,0,0,2,1,1,213,92,121
MAVERICK COUNTY,323,80 Years,202,76,126,9,4,5,1,1,0,0,0,0,1,0,1,191,71,120
MAVERICK COUNTY,323,81 Years,189,77,112,9,5,4,0,0,0,1,1,0,2,1,1,177,70,107
MAVERICK COUNTY,323,82 Years,171,76,95,9,5,4,0,0,0,0,0,0,1,0,1,161,71,90
MAVERICK COUNTY,323,83 Years,155,65,90,7,3,4,0,0,0,0,0,0,1,0,1,147,62,85
MAVERICK COUNTY,323,84 Years,152,61,91,7,2,5,0,0,0,0,0,0,2,0,2,143,59,84
MAVERICK COUNTY,323,85 Years,142,57,85,5,2,3,0,0,0,0,0,0,2,0,2,135,55,80
MAVERICK COUNTY,323,86 Years,125,51,74,4,2,2,0,0,0,0,0,0,1,0,1,120,49,71
MAVERICK COUNTY,323,87 Years,111,46,65,4,2,2,0,0,0,0,0,0,0,0,0,107,44,63
MAVERICK COUNTY,323,88 Years,86,36,50,3,1,2,0,0,0,0,0,0,0,0,0,83,35,48
MAVERICK COUNTY,323,89 Years,65,28,37,3,1,2,0,0,0,0,0,0,0,0,0,62,27,35
MAVERICK COUNTY,323,90 Years,53,21,32,1,0,1,0,0,0,0,0,0,0,0,0,52,21,31
MAVERICK COUNTY,323,91 Years,51,21,30,1,0,1,0,0,0,0,0,0,0,0,0,50,21,29
MAVERICK COUNTY,323,92 Years,49,20,29,1,0,1,0,0,0,0,0,0,1,1,0,47,19,28
MAVERICK COUNTY,323,93 Years,40,17,23,0,0,0,0,0,0,0,0,0,0,0,0,40,17,23
MAVERICK COUNTY,323,94 Years,28,11,17,0,0,0,0,0,0,0,0,0,0,0,0,28,11,17
MAVERICK COUNTY,323,95 Years +,77,30,47,2,1,1,0,0,0,0,0,0,1,0,1,74,29,45
MEDINA COUNTY,325,All Ages,54889,28269,26620,22822,11544,11278,1068,835,233,418,231,187,779,393,386,29802,15266,14536
MEDINA COUNTY,325,< 1 Year,588,308,280,169,89,80,8,6,2,3,1,2,18,10,8,390,202,188
MEDINA COUNTY,325,1 Years,568,291,277,154,79,75,8,5,3,3,2,1,16,8,8,387,197,190
MEDINA COUNTY,325,2 Years,569,290,279,156,79,77,8,5,3,3,1,2,15,8,7,387,197,190
MEDINA COUNTY,325,3 Years,615,315,300,191,100,91,7,4,3,1,1,0,18,9,9,398,201,197
MEDINA COUNTY,325,4 Years,647,332,315,213,114,99,6,3,3,2,1,1,16,8,8,410,206,204
MEDINA COUNTY,325,5 Years,660,333,327,219,115,104,6,3,3,4,1,3,16,7,9,415,207,208
MEDINA COUNTY,325,6 Years,678,333,345,229,116,113,6,3,3,3,1,2,13,5,8,427,208,219
MEDINA COUNTY,325,7 Years,695,344,351,238,120,118,7,3,4,4,2,2,11,5,6,435,214,221
MEDINA COUNTY,325,8 Years,721,357,364,243,120,123,8,4,4,1,0,1,14,7,7,455,226,229
MEDINA COUNTY,325,9 Years,709,366,343,236,120,116,8,5,3,0,0,0,14,6,8,451,235,216
MEDINA COUNTY,325,10 Years,675,347,328,222,111,111,4,1,3,0,0,0,15,7,8,434,228,206
MEDINA COUNTY,325,11 Years,676,347,329,223,110,113,8,4,4,2,0,2,16,7,9,427,226,201
MEDINA COUNTY,325,12 Years,713,369,344,234,118,116,5,2,3,1,0,1,14,7,7,459,242,217
MEDINA COUNTY,325,13 Years,717,366,351,250,135,115,2,0,2,2,1,1,13,5,8,450,225,225
MEDINA COUNTY,325,14 Years,678,331,347,237,122,115,4,3,1,1,1,0,13,6,7,423,199,224
MEDINA COUNTY,325,15 Years,701,350,351,241,115,126,6,4,2,2,1,1,11,8,3,441,222,219
MEDINA COUNTY,325,16 Years,731,379,352,250,123,127,6,3,3,3,1,2,10,5,5,462,247,215
MEDINA COUNTY,325,17 Years,722,372,350,244,120,124,16,14,2,2,1,1,9,4,5,451,233,218
MEDINA COUNTY,325,18 Years,797,423,374,262,141,121,20,18,2,4,4,0,12,7,5,499,253,246
MEDINA COUNTY,325,19 Years,850,454,396,262,135,127,41,37,4,5,3,2,14,5,9,528,274,254
MEDINA COUNTY,325,20 Years,882,520,362,277,149,128,60,58,2,5,4,1,15,9,6,525,300,225
MEDINA COUNTY,325,21 Years,835,491,344,265,145,120,48,47,1,10,9,1,15,8,7,497,282,215
MEDINA COUNTY,325,22 Years,743,429,314,234,130,104,20,18,2,8,6,2,13,6,7,468,269,199
MEDINA COUNTY,325,23 Years,706,436,270,198,105,93,40,37,3,19,18,1,10,6,4,439,270,169
MEDINA COUNTY,325,24 Years,708,441,267,208,117,91,31,28,3,27,26,1,11,6,5,431,264,167
MEDINA COUNTY,325,25 Years,713,436,277,206,118,88,55,51,4,30,29,1,6,3,3,416,235,181
MEDINA COUNTY,325,26 Years,717,420,297,236,137,99,30,26,4,17,15,2,10,7,3,424,235,189
MEDINA COUNTY,325,27 Years,705,394,311,239,126,113,15,12,3,10,8,2,10,6,4,431,242,189
MEDINA COUNTY,325,28 Years,636,372,264,212,110,102,37,33,4,1,0,1,7,4,3,379,225,154
MEDINA COUNTY,325,29 Years,598,331,267,210,114,96,14,9,5,0,0,0,7,3,4,367,205,162
MEDINA COUNTY,325,30 Years,639,357,282,204,105,99,54,51,3,0,0,0,7,2,5,374,199,175
MEDINA COUNTY,325,31 Years,572,306,266,191,99,92,8,6,2,2,0,2,7,2,5,364,199,165
MEDINA COUNTY,325,32 Years,576,320,256,190,109,81,8,4,4,1,0,1,5,2,3,372,205,167
MEDINA COUNTY,325,33 Years,652,347,305,238,132,106,3,1,2,5,0,5,9,6,3,397,208,189
MEDINA COUNTY,325,34 Years,647,316,331,260,125,135,13,11,2,2,0,2,4,2,2,368,178,190
MEDINA COUNTY,325,35 Years,627,292,335,218,97,121,18,15,3,3,3,0,4,0,4,384,177,207
MEDINA COUNTY,325,36 Years,623,316,307,215,110,105,4,2,2,9,6,3,7,2,5,388,196,192
MEDINA COUNTY,325,37 Years,632,324,308,232,117,115,4,2,2,11,7,4,5,2,3,380,196,184
MEDINA COUNTY,325,38 Years,668,327,341,258,131,127,6,3,3,10,3,7,8,2,6,386,188,198
MEDINA COUNTY,325,39 Years,665,318,347,263,126,137,23,21,2,8,2,6,11,4,7,360,165,195
MEDINA COUNTY,325,40 Years,692,344,348,279,140,139,5,4,1,5,2,3,8,3,5,395,195,200
MEDINA COUNTY,325,41 Years,655,343,312,255,132,123,24,24,0,7,3,4,6,3,3,363,181,182
MEDINA COUNTY,325,42 Years,709,384,325,266,146,120,11,11,0,5,2,3,7,3,4,420,222,198
MEDINA COUNTY,325,43 Years,677,362,315,259,138,121,4,4,0,2,0,2,8,2,6,404,218,186
MEDINA COUNTY,325,44 Years,659,336,323,265,136,129,18,12,6,5,0,5,9,7,2,362,181,181
MEDINA COUNTY,325,45 Years,646,330,316,253,135,118,12,2,10,9,6,3,14,11,3,358,176,182
MEDINA COUNTY,325,46 Years,687,378,309,258,142,116,31,29,2,10,7,3,8,6,2,380,194,186
MEDINA COUNTY,325,47 Years,686,386,300,267,144,123,17,14,3,9,7,2,5,3,2,388,218,170
MEDINA COUNTY,325,48 Years,650,326,324,263,122,141,8,3,5,4,3,1,8,5,3,367,193,174
MEDINA COUNTY,325,49 Years,671,320,351,281,127,154,7,2,5,4,1,3,11,6,5,368,184,184
MEDINA COUNTY,325,50 Years,676,338,338,294,137,157,13,8,5,6,3,3,8,4,4,355,186,169
MEDINA COUNTY,325,51 Years,716,383,333,312,163,149,6,3,3,6,4,2,6,2,4,386,211,175
MEDINA COUNTY,325,52 Years,727,368,359,312,157,155,6,2,4,12,3,9,6,4,2,391,202,189
MEDINA COUNTY,325,53 Years,736,358,378,318,148,170,18,14,4,8,1,7,7,5,2,385,190,195
MEDINA COUNTY,325,54 Years,685,335,350,306,152,154,12,11,1,5,1,4,11,4,7,351,167,184
MEDINA COUNTY,325,55 Years,638,316,322,285,143,142,10,8,2,3,1,2,10,6,4,330,158,172
MEDINA COUNTY,325,56 Years,693,357,336,319,165,154,10,7,3,3,1,2,8,5,3,353,179,174
MEDINA COUNTY,325,57 Years,721,368,353,330,173,157,15,8,7,4,1,3,10,4,6,362,182,180
MEDINA COUNTY,325,58 Years,719,386,333,333,179,154,26,21,5,2,0,2,10,5,5,348,181,167
MEDINA COUNTY,325,59 Years,729,398,331,358,187,171,10,5,5,1,0,1,10,5,5,350,201,149
MEDINA COUNTY,325,60 Years,725,376,349,368,181,187,12,4,8,3,1,2,9,7,2,333,183,150
MEDINA COUNTY,325,61 Years,738,373,365,384,195,189,15,10,5,4,1,3,10,5,5,325,162,163
MEDINA COUNTY,325,62 Years,763,365,398,411,204,207,10,3,7,6,2,4,8,5,3,328,151,177
MEDINA COUNTY,325,63 Years,715,361,354,384,194,190,10,7,3,6,4,2,7,5,2,308,151,157
MEDINA COUNTY,325,64 Years,693,325,368,370,180,190,6,3,3,6,1,5,9,3,6,302,138,164
MEDINA COUNTY,325,65 Years,711,346,365,387,189,198,12,7,5,7,3,4,10,3,7,295,144,151
MEDINA COUNTY,325,66 Years,707,345,362,405,200,205,11,9,2,5,3,2,7,2,5,279,131,148
MEDINA COUNTY,325,67 Years,653,320,333,385,198,187,4,3,1,3,1,2,7,3,4,254,115,139
MEDINA COUNTY,325,68 Years,595,291,304,345,174,171,1,0,1,2,0,2,9,4,5,238,113,125
MEDINA COUNTY,325,69 Years,595,288,307,343,168,175,2,0,2,4,1,3,7,2,5,239,117,122
MEDINA COUNTY,325,70 Years,592,283,309,338,162,176,4,3,1,5,2,3,8,5,3,237,111,126
MEDINA COUNTY,325,71 Years,571,275,296,325,157,168,5,4,1,5,2,3,6,4,2,230,108,122
MEDINA COUNTY,325,72 Years,536,261,275,307,151,156,8,7,1,2,0,2,7,2,5,212,101,111
MEDINA COUNTY,325,73 Years,515,261,254,298,150,148,8,6,2,2,0,2,5,3,2,202,102,100
MEDINA COUNTY,325,74 Years,521,261,260,303,147,156,7,5,2,1,0,1,5,3,2,205,106,99
MEDINA COUNTY,325,75 Years,506,243,263,297,145,152,5,3,2,3,0,3,4,2,2,197,93,104
MEDINA COUNTY,325,76 Years,415,208,207,250,129,121,3,2,1,2,1,1,3,2,1,157,74,83
MEDINA COUNTY,325,77 Years,364,183,181,223,115,108,1,1,0,2,2,0,1,1,0,137,64,73
MEDINA COUNTY,325,78 Years,355,166,189,219,107,112,0,0,0,2,1,1,4,4,0,130,54,76
MEDINA COUNTY,325,79 Years,336,154,182,212,100,112,2,1,1,1,0,1,4,3,1,117,50,67
MEDINA COUNTY,325,80 Years,292,133,159,178,86,92,1,0,1,1,0,1,4,2,2,108,45,63
MEDINA COUNTY,325,81 Years,248,117,131,155,77,78,1,1,0,1,0,1,4,2,2,87,37,50
MEDINA COUNTY,325,82 Years,223,116,107,136,68,68,2,2,0,0,0,0,3,2,1,82,44,38
MEDINA COUNTY,325,83 Years,206,102,104,127,67,60,0,0,0,2,0,2,4,2,2,73,33,40
MEDINA COUNTY,325,84 Years,188,84,104,120,60,60,0,0,0,1,0,1,3,0,3,64,24,40
MEDINA COUNTY,325,85 Years,160,68,92,104,48,56,0,0,0,1,0,1,2,1,1,53,19,34
MEDINA COUNTY,325,86 Years,154,66,88,99,44,55,0,0,0,1,0,1,4,3,1,50,19,31
MEDINA COUNTY,325,87 Years,133,59,74,90,41,49,0,0,0,1,0,1,1,1,0,41,17,24
MEDINA COUNTY,325,88 Years,119,46,73,78,33,45,0,0,0,1,0,1,2,1,1,38,12,26
MEDINA COUNTY,325,89 Years,105,41,64,65,28,37,0,0,0,1,0,1,2,1,1,37,12,25
MEDINA COUNTY,325,90 Years,89,32,57,56,22,34,0,0,0,2,1,1,0,0,0,31,9,22
MEDINA COUNTY,325,91 Years,77,25,52,53,19,34,0,0,0,1,1,0,0,0,0,23,5,18
MEDINA COUNTY,325,92 Years,68,20,48,46,15,31,0,0,0,0,0,0,0,0,0,22,5,17
MEDINA COUNTY,325,93 Years,53,18,35,35,14,21,0,0,0,0,0,0,0,0,0,18,4,14
MEDINA COUNTY,325,94 Years,40,13,27,26,9,17,0,0,0,0,0,0,0,0,0,14,4,10
MEDINA COUNTY,325,95 Years +,102,28,74,60,17,43,0,0,0,0,0,0,1,1,0,41,10,31
MENARD COUNTY,327,All Ages,1940,973,967,1068,518,550,3,1,2,0,0,0,2,0,2,867,454,413
MENARD COUNTY,327,< 1 Year,20,10,10,8,4,4,0,0,0,0,0,0,0,0,0,12,6,6
MENARD COUNTY,327,1 Years,20,11,9,9,5,4,0,0,0,0,0,0,0,0,0,11,6,5
MENARD COUNTY,327,2 Years,19,10,9,8,4,4,0,0,0,0,0,0,0,0,0,11,6,5
MENARD COUNTY,327,3 Years,18,10,8,8,5,3,0,0,0,0,0,0,0,0,0,10,5,5
MENARD COUNTY,327,4 Years,18,11,7,8,5,3,0,0,0,0,0,0,0,0,0,10,6,4
MENARD COUNTY,327,5 Years,16,10,6,7,5,2,0,0,0,0,0,0,0,0,0,9,5,4
MENARD COUNTY,327,6 Years,18,11,7,8,4,4,0,0,0,0,0,0,0,0,0,10,7,3
MENARD COUNTY,327,7 Years,18,11,7,8,4,4,0,0,0,0,0,0,0,0,0,10,7,3
MENARD COUNTY,327,8 Years,24,14,10,10,4,6,0,0,0,0,0,0,0,0,0,14,10,4
MENARD COUNTY,327,9 Years,25,15,10,10,5,5,0,0,0,0,0,0,0,0,0,15,10,5
MENARD COUNTY,327,10 Years,25,13,12,11,4,7,0,0,0,0,0,0,0,0,0,14,9,5
MENARD COUNTY,327,11 Years,19,8,11,8,2,6,0,0,0,0,0,0,0,0,0,11,6,5
MENARD COUNTY,327,12 Years,19,11,8,9,5,4,0,0,0,0,0,0,0,0,0,10,6,4
MENARD COUNTY,327,13 Years,24,15,9,13,8,5,0,0,0,0,0,0,0,0,0,11,7,4
MENARD COUNTY,327,14 Years,27,13,14,14,7,7,0,0,0,0,0,0,0,0,0,13,6,7
MENARD COUNTY,327,15 Years,22,9,13,11,5,6,0,0,0,0,0,0,0,0,0,11,4,7
MENARD COUNTY,327,16 Years,23,12,11,11,7,4,0,0,0,0,0,0,0,0,0,12,5,7
MENARD COUNTY,327,17 Years,26,17,9,15,11,4,0,0,0,0,0,0,0,0,0,11,6,5
MENARD COUNTY,327,18 Years,22,15,7,11,9,2,0,0,0,0,0,0,0,0,0,11,6,5
MENARD COUNTY,327,19 Years,20,10,10,8,5,3,0,0,0,0,0,0,0,0,0,12,5,7
MENARD COUNTY,327,20 Years,19,9,10,8,4,4,0,0,0,0,0,0,0,0,0,11,5,6
MENARD COUNTY,327,21 Years,20,9,11,9,3,6,0,0,0,0,0,0,0,0,0,11,6,5
MENARD COUNTY,327,22 Years,19,9,10,8,4,4,0,0,0,0,0,0,0,0,0,11,5,6
MENARD COUNTY,327,23 Years,17,7,10,6,3,3,0,0,0,0,0,0,0,0,0,11,4,7
MENARD COUNTY,327,24 Years,17,10,7,8,4,4,0,0,0,0,0,0,0,0,0,9,6,3
MENARD COUNTY,327,25 Years,14,10,4,6,3,3,0,0,0,0,0,0,0,0,0,8,7,1
MENARD COUNTY,327,26 Years,15,6,9,6,2,4,0,0,0,0,0,0,0,0,0,9,4,5
MENARD COUNTY,327,27 Years,18,9,9,6,3,3,0,0,0,0,0,0,0,0,0,12,6,6
MENARD COUNTY,327,28 Years,15,9,6,7,4,3,0,0,0,0,0,0,0,0,0,8,5,3
MENARD COUNTY,327,29 Years,19,11,8,8,4,4,0,0,0,0,0,0,0,0,0,11,7,4
MENARD COUNTY,327,30 Years,19,10,9,7,3,4,0,0,0,0,0,0,0,0,0,12,7,5
MENARD COUNTY,327,31 Years,18,9,9,8,4,4,0,0,0,0,0,0,0,0,0,10,5,5
MENARD COUNTY,327,32 Years,15,10,5,7,5,2,0,0,0,0,0,0,0,0,0,8,5,3
MENARD COUNTY,327,33 Years,15,10,5,5,4,1,1,0,1,0,0,0,0,0,0,9,6,3
MENARD COUNTY,327,34 Years,12,7,5,4,1,3,1,0,1,0,0,0,0,0,0,7,6,1
MENARD COUNTY,327,35 Years,14,6,8,8,2,6,0,0,0,0,0,0,0,0,0,6,4,2
MENARD COUNTY,327,36 Years,12,6,6,6,2,4,0,0,0,0,0,0,0,0,0,6,4,2
MENARD COUNTY,327,37 Years,12,8,4,6,3,3,0,0,0,0,0,0,0,0,0,6,5,1
MENARD COUNTY,327,38 Years,17,9,8,9,4,5,0,0,0,0,0,0,0,0,0,8,5,3
MENARD COUNTY,327,39 Years,18,9,9,10,4,6,0,0,0,0,0,0,0,0,0,8,5,3
MENARD COUNTY,327,40 Years,16,8,8,7,4,3,0,0,0,0,0,0,0,0,0,9,4,5
MENARD COUNTY,327,41 Years,20,9,11,10,5,5,0,0,0,0,0,0,0,0,0,10,4,6
MENARD COUNTY,327,42 Years,19,7,12,8,2,6,0,0,0,0,0,0,0,0,0,11,5,6
MENARD COUNTY,327,43 Years,16,5,11,5,2,3,0,0,0,0,0,0,0,0,0,11,3,8
MENARD COUNTY,327,44 Years,15,7,8,5,3,2,0,0,0,0,0,0,0,0,0,10,4,6
MENARD COUNTY,327,45 Years,17,7,10,6,4,2,0,0,0,0,0,0,0,0,0,11,3,8
MENARD COUNTY,327,46 Years,20,7,13,8,4,4,0,0,0,0,0,0,0,0,0,12,3,9
MENARD COUNTY,327,47 Years,21,9,12,9,5,4,0,0,0,0,0,0,0,0,0,12,4,8
MENARD COUNTY,327,48 Years,18,7,11,10,5,5,0,0,0,0,0,0,0,0,0,8,2,6
MENARD COUNTY,327,49 Years,17,5,12,11,5,6,0,0,0,0,0,0,0,0,0,6,0,6
MENARD COUNTY,327,50 Years,16,4,12,11,3,8,0,0,0,0,0,0,0,0,0,5,1,4
MENARD COUNTY,327,51 Years,18,6,12,10,2,8,0,0,0,0,0,0,0,0,0,8,4,4
MENARD COUNTY,327,52 Years,23,9,14,7,2,5,0,0,0,0,0,0,0,0,0,16,7,9
MENARD COUNTY,327,53 Years,25,14,11,10,6,4,0,0,0,0,0,0,0,0,0,15,8,7
MENARD COUNTY,327,54 Years,26,15,11,10,5,5,0,0,0,0,0,0,0,0,0,16,10,6
MENARD COUNTY,327,55 Years,26,15,11,15,8,7,0,0,0,0,0,0,0,0,0,11,7,4
MENARD COUNTY,327,56 Years,22,11,11,11,5,6,0,0,0,0,0,0,0,0,0,11,6,5
MENARD COUNTY,327,57 Years,21,11,10,8,3,5,0,0,0,0,0,0,0,0,0,13,8,5
MENARD COUNTY,327,58 Years,20,13,7,8,4,4,0,0,0,0,0,0,0,0,0,12,9,3
MENARD COUNTY,327,59 Years,25,10,15,12,4,8,0,0,0,0,0,0,0,0,0,13,6,7
MENARD COUNTY,327,60 Years,32,14,18,17,6,11,0,0,0,0,0,0,0,0,0,15,8,7
MENARD COUNTY,327,61 Years,31,16,15,19,9,10,0,0,0,0,0,0,0,0,0,12,7,5
MENARD COUNTY,327,62 Years,29,14,15,20,9,11,0,0,0,0,0,0,0,0,0,9,5,4
MENARD COUNTY,327,63 Years,36,16,20,24,10,14,0,0,0,0,0,0,0,0,0,12,6,6
MENARD COUNTY,327,64 Years,33,14,19,22,9,13,1,1,0,0,0,0,0,0,0,10,4,6
MENARD COUNTY,327,65 Years,30,11,19,23,8,15,0,0,0,0,0,0,0,0,0,7,3,4
MENARD COUNTY,327,66 Years,30,14,16,20,10,10,0,0,0,0,0,0,0,0,0,10,4,6
MENARD COUNTY,327,67 Years,31,14,17,21,10,11,0,0,0,0,0,0,0,0,0,10,4,6
MENARD COUNTY,327,68 Years,32,16,16,21,9,12,0,0,0,0,0,0,0,0,0,11,7,4
MENARD COUNTY,327,69 Years,30,15,15,21,9,12,0,0,0,0,0,0,1,0,1,8,6,2
MENARD COUNTY,327,70 Years,28,16,12,18,10,8,0,0,0,0,0,0,1,0,1,9,6,3
MENARD COUNTY,327,71 Years,31,18,13,22,12,10,0,0,0,0,0,0,0,0,0,9,6,3
MENARD COUNTY,327,72 Years,32,14,18,24,10,14,0,0,0,0,0,0,0,0,0,8,4,4
MENARD COUNTY,327,73 Years,35,15,20,23,9,14,0,0,0,0,0,0,0,0,0,12,6,6
MENARD COUNTY,327,74 Years,33,18,15,21,11,10,0,0,0,0,0,0,0,0,0,12,7,5
MENARD COUNTY,327,75 Years,30,16,14,21,10,11,0,0,0,0,0,0,0,0,0,9,6,3
MENARD COUNTY,327,76 Years,25,12,13,18,9,9,0,0,0,0,0,0,0,0,0,7,3,4
MENARD COUNTY,327,77 Years,24,13,11,18,11,7,0,0,0,0,0,0,0,0,0,6,2,4
MENARD COUNTY,327,78 Years,29,18,11,20,13,7,0,0,0,0,0,0,0,0,0,9,5,4
MENARD COUNTY,327,79 Years,30,18,12,22,14,8,0,0,0,0,0,0,0,0,0,8,4,4
MENARD COUNTY,327,80 Years,26,14,12,19,11,8,0,0,0,0,0,0,0,0,0,7,3,4
MENARD COUNTY,327,81 Years,21,10,11,14,7,7,0,0,0,0,0,0,0,0,0,7,3,4
MENARD COUNTY,327,82 Years,20,10,10,16,8,8,0,0,0,0,0,0,0,0,0,4,2,2
MENARD COUNTY,327,83 Years,14,7,7,12,6,6,0,0,0,0,0,0,0,0,0,2,1,1
MENARD COUNTY,327,84 Years,13,7,6,9,5,4,0,0,0,0,0,0,0,0,0,4,2,2
MENARD COUNTY,327,85 Years,13,5,8,8,3,5,0,0,0,0,0,0,0,0,0,5,2,3
MENARD COUNTY,327,86 Years,11,3,8,8,3,5,0,0,0,0,0,0,0,0,0,3,0,3
MENARD COUNTY,327,87 Years,9,3,6,7,3,4,0,0,0,0,0,0,0,0,0,2,0,2
MENARD COUNTY,327,88 Years,9,5,4,7,4,3,0,0,0,0,0,0,0,0,0,2,1,1
MENARD COUNTY,327,89 Years,9,3,6,6,2,4,0,0,0,0,0,0,0,0,0,3,1,2
MENARD COUNTY,327,90 Years,6,3,3,6,3,3,0,0,0,0,0,0,0,0,0,0,0,0
MENARD COUNTY,327,91 Years,6,3,3,5,2,3,0,0,0,0,0,0,0,0,0,1,1,0
MENARD COUNTY,327,92 Years,4,2,2,3,1,2,0,0,0,0,0,0,0,0,0,1,1,0
MENARD COUNTY,327,93 Years,3,2,1,3,2,1,0,0,0,0,0,0,0,0,0,0,0,0
MENARD COUNTY,327,94 Years,4,1,3,3,1,2,0,0,0,0,0,0,0,0,0,1,0,1
MENARD COUNTY,327,95 Years +,12,5,7,9,4,5,0,0,0,0,0,0,0,0,0,3,1,2
MIDLAND COUNTY,329,All Ages,177539,90869,86670,73258,37136,36122,10775,5554,5221,3510,1796,1714,3425,1804,1621,86571,44579,41992
MIDLAND COUNTY,329,< 1 Year,2664,1359,1305,841,427,414,149,76,73,42,21,21,114,58,56,1518,777,741
MIDLAND COUNTY,329,1 Years,2496,1272,1224,780,398,382,146,74,72,42,21,21,83,42,41,1445,737,708
MIDLAND COUNTY,329,2 Years,2475,1265,1210,784,401,383,142,72,70,42,22,20,81,41,40,1426,729,697
MIDLAND COUNTY,329,3 Years,2763,1417,1346,954,487,467,183,100,83,34,16,18,85,44,41,1507,770,737
MIDLAND COUNTY,329,4 Years,2882,1495,1387,1020,524,496,191,109,82,35,20,15,87,48,39,1549,794,755
MIDLAND COUNTY,329,5 Years,2947,1532,1415,1041,540,501,188,107,81,40,21,19,90,47,43,1588,817,771
MIDLAND COUNTY,329,6 Years,3090,1618,1472,1081,565,516,186,106,80,55,29,26,100,55,45,1668,863,805
MIDLAND COUNTY,329,7 Years,3248,1692,1556,1103,574,529,185,104,81,71,36,35,103,56,47,1786,922,864
MIDLAND COUNTY,329,8 Years,3236,1646,1590,1118,568,550,190,102,88,66,29,37,105,52,53,1757,895,862
MIDLAND COUNTY,329,9 Years,3127,1580,1547,1085,541,544,186,101,85,60,24,36,96,45,51,1700,869,831
MIDLAND COUNTY,329,10 Years,3005,1520,1485,1034,514,520,174,92,82,61,27,34,91,45,46,1645,842,803
MIDLAND COUNTY,329,11 Years,2895,1482,1413,975,488,487,171,91,80,58,26,32,78,39,39,1613,838,775
MIDLAND COUNTY,329,12 Years,2764,1419,1345,904,468,436,167,84,83,48,20,28,69,32,37,1576,815,761
MIDLAND COUNTY,329,13 Years,2746,1398,1348,906,466,440,164,78,86,38,24,14,69,33,36,1569,797,772
MIDLAND COUNTY,329,14 Years,2773,1386,1387,914,471,443,171,70,101,39,21,18,67,30,37,1582,794,788
MIDLAND COUNTY,329,15 Years,2711,1351,1360,857,436,421,182,70,112,38,15,23,67,31,36,1567,799,768
MIDLAND COUNTY,329,16 Years,2569,1293,1276,812,419,393,181,86,95,45,20,25,61,28,33,1470,740,730
MIDLAND COUNTY,329,17 Years,2448,1223,1225,773,409,364,169,78,91,45,19,26,59,31,28,1402,686,716
MIDLAND COUNTY,329,18 Years,2247,1146,1101,698,369,329,145,74,71,46,17,29,48,29,19,1310,657,653
MIDLAND COUNTY,329,19 Years,2145,1103,1042,659,339,320,137,74,63,36,13,23,36,23,13,1277,654,623
MIDLAND COUNTY,329,20 Years,2176,1116,1060,671,351,320,135,74,61,39,20,19,40,21,19,1291,650,641
MIDLAND COUNTY,329,21 Years,2217,1134,1083,692,356,336,133,68,65,46,22,24,47,23,24,1299,665,634
MIDLAND COUNTY,329,22 Years,2183,1118,1065,682,353,329,137,69,68,47,19,28,40,22,18,1277,655,622
MIDLAND COUNTY,329,23 Years,2079,1077,1002,633,336,297,146,72,74,50,23,27,46,26,20,1204,620,584
MIDLAND COUNTY,329,24 Years,2091,1085,1006,639,347,292,134,64,70,46,24,22,46,25,21,1226,625,601
MIDLAND COUNTY,329,25 Years,2198,1160,1038,718,392,326,147,73,74,53,32,21,39,17,22,1241,646,595
MIDLAND COUNTY,329,26 Years,2381,1273,1108,853,452,401,141,70,71,50,29,21,44,20,24,1293,702,591
MIDLAND COUNTY,329,27 Years,2661,1405,1256,1028,550,478,144,74,70,42,24,18,43,24,19,1404,733,671
MIDLAND COUNTY,329,28 Years,3015,1618,1397,1197,641,556,146,83,63,99,67,32,48,31,17,1525,796,729
MIDLAND COUNTY,329,29 Years,3145,1688,1457,1260,678,582,167,97,70,94,63,31,52,33,19,1572,817,755
MIDLAND COUNTY,329,30 Years,3301,1750,1551,1342,724,618,193,102,91,91,56,35,58,33,25,1617,835,782
MIDLAND COUNTY,329,31 Years,3509,1859,1650,1401,751,650,230,114,116,95,57,38,74,34,40,1709,903,806
MIDLAND COUNTY,329,32 Years,3355,1735,1620,1343,701,642,225,122,103,71,30,41,58,22,36,1658,860,798
MIDLAND COUNTY,329,33 Years,3281,1731,1550,1355,700,655,182,108,74,54,29,25,59,35,24,1631,859,772
MIDLAND COUNTY,329,34 Years,3206,1732,1474,1316,692,624,166,104,62,71,42,29,54,31,23,1599,863,736
MIDLAND COUNTY,329,35 Years,3277,1785,1492,1344,709,635,191,107,84,85,45,40,61,37,24,1596,887,709
MIDLAND COUNTY,329,36 Years,3258,1748,1510,1391,739,652,215,110,105,87,45,42,50,30,20,1515,824,691
MIDLAND COUNTY,329,37 Years,3117,1674,1443,1335,717,618,194,104,90,104,57,47,42,21,21,1442,775,667
MIDLAND COUNTY,329,38 Years,3040,1669,1371,1247,665,582,185,107,78,96,47,49,36,16,20,1476,834,642
MIDLAND COUNTY,329,39 Years,3000,1629,1371,1234,661,573,170,102,68,102,56,46,31,14,17,1463,796,667
MIDLAND COUNTY,329,40 Years,2896,1542,1354,1166,619,547,172,97,75,75,40,35,43,23,20,1440,763,677
MIDLAND COUNTY,329,41 Years,2688,1434,1254,1077,568,509,157,81,76,63,30,33,43,28,15,1348,727,621
MIDLAND COUNTY,329,42 Years,2561,1388,1173,1042,569,473,164,82,82,64,33,31,31,23,8,1260,681,579
MIDLAND COUNTY,329,43 Years,2354,1266,1088,976,548,428,168,84,84,54,26,28,27,16,11,1129,592,537
MIDLAND COUNTY,329,44 Years,2249,1181,1068,915,495,420,147,82,65,53,23,30,26,12,14,1108,569,539
MIDLAND COUNTY,329,45 Years,2160,1157,1003,848,440,408,143,84,59,51,25,26,32,23,9,1086,585,501
MIDLAND COUNTY,329,46 Years,2016,1097,919,773,408,365,149,83,66,59,33,26,35,24,11,1000,549,451
MIDLAND COUNTY,329,47 Years,2005,1066,939,784,405,379,143,73,70,50,26,24,32,20,12,996,542,454
MIDLAND COUNTY,329,48 Years,1887,977,910,749,383,366,98,52,46,40,23,17,27,18,9,973,501,472
MIDLAND COUNTY,329,49 Years,1811,939,872,732,374,358,100,58,42,28,13,15,20,11,9,931,483,448
MIDLAND COUNTY,329,50 Years,1826,947,879,765,389,376,105,64,41,28,12,16,17,8,9,911,474,437
MIDLAND COUNTY,329,51 Years,1804,883,921,782,378,404,104,48,56,43,18,25,21,12,9,854,427,427
MIDLAND COUNTY,329,52 Years,1748,877,871,773,394,379,105,49,56,54,27,27,26,14,12,790,393,397
MIDLAND COUNTY,329,53 Years,1707,866,841,745,383,362,104,53,51,44,20,24,26,8,18,788,402,386
MIDLAND COUNTY,329,54 Years,1630,824,806,697,350,347,107,57,50,31,14,17,22,8,14,773,395,378
MIDLAND COUNTY,329,55 Years,1551,784,767,680,334,346,102,55,47,28,13,15,19,11,8,722,371,351
MIDLAND COUNTY,329,56 Years,1543,790,753,678,341,337,101,54,47,31,16,15,17,13,4,716,366,350
MIDLAND COUNTY,329,57 Years,1558,806,752,697,353,344,103,55,48,27,17,10,18,10,8,713,371,342
MIDLAND COUNTY,329,58 Years,1602,804,798,756,365,391,114,56,58,20,13,7,22,13,9,690,357,333
MIDLAND COUNTY,329,59 Years,1688,848,840,847,417,430,117,55,62,17,9,8,25,14,11,682,353,329
MIDLAND COUNTY,329,60 Years,1721,854,867,922,456,466,109,52,57,16,8,8,20,11,9,654,327,327
MIDLAND COUNTY,329,61 Years,1693,812,881,934,439,495,112,53,59,17,9,8,22,13,9,608,298,310
MIDLAND COUNTY,329,62 Years,1676,823,853,948,459,489,106,51,55,23,12,11,23,12,11,576,289,287
MIDLAND COUNTY,329,63 Years,1620,804,816,974,478,496,86,42,44,19,11,8,19,8,11,522,265,257
MIDLAND COUNTY,329,64 Years,1563,783,780,972,480,492,81,41,40,12,8,4,17,8,9,481,246,235
MIDLAND COUNTY,329,65 Years,1536,781,755,943,478,465,81,39,42,15,7,8,21,13,8,476,244,232
MIDLAND COUNTY,329,66 Years,1472,723,749,892,443,449,77,35,42,18,7,11,20,12,8,465,226,239
MIDLAND COUNTY,329,67 Years,1353,657,696,852,418,434,69,30,39,18,7,11,17,9,8,397,193,204
MIDLAND COUNTY,329,68 Years,1242,604,638,792,386,406,70,34,36,16,6,10,18,10,8,346,168,178
MIDLAND COUNTY,329,69 Years,1137,545,592,731,360,371,62,31,31,15,6,9,19,10,9,310,138,172
MIDLAND COUNTY,329,70 Years,1033,492,541,672,327,345,62,29,33,9,3,6,16,7,9,274,126,148
MIDLAND COUNTY,329,71 Years,953,442,511,621,294,327,57,25,32,10,5,5,17,7,10,248,111,137
MIDLAND COUNTY,329,72 Years,886,400,486,566,264,302,46,19,27,12,5,7,15,5,10,247,107,140
MIDLAND COUNTY,329,73 Years,814,372,442,516,244,272,44,22,22,15,8,7,10,4,6,229,94,135
MIDLAND COUNTY,329,74 Years,753,339,414,483,228,255,43,16,27,12,6,6,8,4,4,207,85,122
MIDLAND COUNTY,329,75 Years,722,318,404,482,219,263,37,14,23,7,3,4,11,4,7,185,78,107
MIDLAND COUNTY,329,76 Years,612,274,338,401,183,218,34,17,17,8,4,4,8,3,5,161,67,94
MIDLAND COUNTY,329,77 Years,539,224,315,351,152,199,31,12,19,6,3,3,6,3,3,145,54,91
MIDLAND COUNTY,329,78 Years,518,220,298,352,153,199,26,9,17,4,2,2,6,4,2,130,52,78
MIDLAND COUNTY,329,79 Years,492,210,282,338,149,189,26,11,15,3,1,2,5,2,3,120,47,73
MIDLAND COUNTY,329,80 Years,452,184,268,310,127,183,25,10,15,5,3,2,5,2,3,107,42,65
MIDLAND COUNTY,329,81 Years,399,160,239,266,106,160,23,7,16,4,3,1,4,2,2,102,42,60
MIDLAND COUNTY,329,82 Years,365,137,228,251,94,157,21,6,15,4,2,2,5,3,2,84,32,52
MIDLAND COUNTY,329,83 Years,339,118,221,234,81,153,18,8,10,5,2,3,5,4,1,77,23,54
MIDLAND COUNTY,329,84 Years,325,109,216,233,76,157,15,8,7,3,1,2,4,2,2,70,22,48
MIDLAND COUNTY,329,85 Years,306,108,198,221,77,144,18,6,12,2,1,1,3,1,2,62,23,39
MIDLAND COUNTY,329,86 Years,282,104,178,203,73,130,16,6,10,3,1,2,2,1,1,58,23,35
MIDLAND COUNTY,329,87 Years,264,102,162,187,71,116,15,6,9,2,1,1,3,2,1,57,22,35
MIDLAND COUNTY,329,88 Years,248,94,154,183,72,111,11,2,9,2,1,1,1,1,0,51,18,33
MIDLAND COUNTY,329,89 Years,221,81,140,168,65,103,11,3,8,0,0,0,1,1,0,41,12,29
MIDLAND COUNTY,329,90 Years,202,69,133,153,53,100,11,3,8,0,0,0,2,1,1,36,12,24
MIDLAND COUNTY,329,91 Years,176,61,115,134,44,90,10,3,7,0,0,0,2,1,1,30,13,17
MIDLAND COUNTY,329,92 Years,143,50,93,110,38,72,6,2,4,0,0,0,1,0,1,26,10,16
MIDLAND COUNTY,329,93 Years,125,40,85,94,31,63,6,1,5,0,0,0,1,1,0,24,7,17
MIDLAND COUNTY,329,94 Years,103,33,70,81,27,54,4,1,3,0,0,0,0,0,0,18,5,13
MIDLAND COUNTY,329,95 Years +,249,83,166,186,59,127,15,6,9,2,1,1,2,0,2,44,17,27
MILAM COUNTY,331,All Ages,25941,12852,13089,15222,7509,7713,2303,1105,1198,123,47,76,453,242,211,7840,3949,3891
MILAM COUNTY,331,< 1 Year,296,155,141,130,69,61,25,13,12,2,1,1,12,6,6,127,66,61
MILAM COUNTY,331,1 Years,282,146,136,116,60,56,25,13,12,2,1,1,10,6,4,129,66,63
MILAM COUNTY,331,2 Years,284,146,138,119,61,58,25,13,12,2,1,1,10,6,4,128,65,63
MILAM COUNTY,331,3 Years,274,142,132,114,59,55,21,11,10,2,1,1,9,6,3,128,65,63
MILAM COUNTY,331,4 Years,272,143,129,116,60,56,20,11,9,1,1,0,11,7,4,124,64,60
MILAM COUNTY,331,5 Years,289,149,140,124,67,57,23,12,11,1,0,1,10,6,4,131,64,67
MILAM COUNTY,331,6 Years,312,162,150,134,73,61,27,14,13,1,1,0,9,5,4,141,69,72
MILAM COUNTY,331,7 Years,331,170,161,136,72,64,31,17,14,2,1,1,11,7,4,151,73,78
MILAM COUNTY,331,8 Years,343,174,169,147,73,74,33,18,15,1,1,0,16,8,8,146,74,72
MILAM COUNTY,331,9 Years,340,172,168,145,70,75,33,18,15,1,1,0,15,7,8,146,76,70
MILAM COUNTY,331,10 Years,334,170,164,142,71,71,31,14,17,1,1,0,11,6,5,149,78,71
MILAM COUNTY,331,11 Years,328,169,159,137,71,66,30,13,17,1,1,0,10,6,4,150,78,72
MILAM COUNTY,331,12 Years,336,177,159,136,80,56,31,15,16,1,1,0,10,6,4,158,75,83
MILAM COUNTY,331,13 Years,361,195,166,149,91,58,36,18,18,1,0,1,9,4,5,166,82,84
MILAM COUNTY,331,14 Years,374,207,167,163,96,67,42,21,21,2,2,0,8,4,4,159,84,75
MILAM COUNTY,331,15 Years,417,232,185,192,116,76,46,24,22,3,2,1,10,7,3,166,83,83
MILAM COUNTY,331,16 Years,381,216,165,184,108,76,40,24,16,1,0,1,11,6,5,145,78,67
MILAM COUNTY,331,17 Years,389,219,170,192,112,80,35,21,14,3,2,1,8,3,5,151,81,70
MILAM COUNTY,331,18 Years,367,188,179,172,88,84,28,16,12,1,0,1,6,3,3,160,81,79
MILAM COUNTY,331,19 Years,331,169,162,149,77,72,27,13,14,0,0,0,5,3,2,150,76,74
MILAM COUNTY,331,20 Years,334,175,159,154,81,73,28,15,13,0,0,0,6,2,4,146,77,69
MILAM COUNTY,331,21 Years,331,168,163,153,80,73,31,17,14,0,0,0,6,2,4,141,69,72
MILAM COUNTY,331,22 Years,298,158,140,137,76,61,32,19,13,0,0,0,4,2,2,125,61,64
MILAM COUNTY,331,23 Years,255,143,112,117,69,48,23,13,10,0,0,0,5,2,3,110,59,51
MILAM COUNTY,331,24 Years,242,134,108,113,66,47,23,11,12,0,0,0,5,4,1,101,53,48
MILAM COUNTY,331,25 Years,271,142,129,130,73,57,29,15,14,0,0,0,6,4,2,106,50,56
MILAM COUNTY,331,26 Years,292,157,135,142,77,65,33,20,13,1,0,1,6,4,2,110,56,54
MILAM COUNTY,331,27 Years,307,163,144,146,73,73,41,23,18,3,1,2,5,4,1,112,62,50
MILAM COUNTY,331,28 Years,277,140,137,133,63,70,37,24,13,5,1,4,7,4,3,95,48,47
MILAM COUNTY,331,29 Years,270,140,130,134,67,67,35,23,12,3,2,1,7,3,4,91,45,46
MILAM COUNTY,331,30 Years,271,139,132,150,75,75,27,14,13,1,1,0,6,4,2,87,45,42
MILAM COUNTY,331,31 Years,253,123,130,144,69,75,22,10,12,1,1,0,4,2,2,82,41,41
MILAM COUNTY,331,32 Years,235,117,118,130,64,66,22,11,11,2,2,0,4,3,1,77,37,40
MILAM COUNTY,331,33 Years,269,126,143,133,61,72,28,12,16,5,2,3,4,2,2,99,49,50
MILAM COUNTY,331,34 Years,273,132,141,145,68,77,27,12,15,5,2,3,3,1,2,93,49,44
MILAM COUNTY,331,35 Years,255,127,128,138,69,69,28,15,13,5,2,3,4,2,2,80,39,41
MILAM COUNTY,331,36 Years,258,132,126,137,68,69,24,13,11,4,1,3,3,3,0,90,47,43
MILAM COUNTY,331,37 Years,273,135,138,137,68,69,24,13,11,4,0,4,3,3,0,105,51,54
MILAM COUNTY,331,38 Years,295,153,142,149,86,63,20,9,11,2,0,2,1,1,0,123,57,66
MILAM COUNTY,331,39 Years,321,160,161,173,92,81,20,8,12,3,1,2,4,1,3,121,58,63
MILAM COUNTY,331,40 Years,298,148,150,167,79,88,20,9,11,1,0,1,2,1,1,108,59,49
MILAM COUNTY,331,41 Years,290,139,151,168,77,91,19,7,12,1,0,1,3,0,3,99,55,44
MILAM COUNTY,331,42 Years,293,140,153,170,78,92,22,10,12,0,0,0,6,2,4,95,50,45
MILAM COUNTY,331,43 Years,270,123,147,156,65,91,20,8,12,0,0,0,6,5,1,88,45,43
MILAM COUNTY,331,44 Years,270,123,147,158,69,89,19,5,14,2,2,0,3,3,0,88,44,44
MILAM COUNTY,331,45 Years,270,125,145,154,73,81,22,7,15,1,1,0,1,1,0,92,43,49
MILAM COUNTY,331,46 Years,299,148,151,161,82,79,31,14,17,1,1,0,2,2,0,104,49,55
MILAM COUNTY,331,47 Years,282,134,148,160,76,84,28,12,16,3,0,3,2,1,1,89,45,44
MILAM COUNTY,331,48 Years,286,130,156,156,70,86,28,13,15,4,0,4,2,1,1,96,46,50
MILAM COUNTY,331,49 Years,278,130,148,165,78,87,25,10,15,1,0,1,1,0,1,86,42,44
MILAM COUNTY,331,50 Years,292,142,150,184,87,97,27,14,13,3,0,3,2,1,1,76,40,36
MILAM COUNTY,331,51 Years,319,168,151,194,105,89,29,16,13,3,0,3,3,2,1,90,45,45
MILAM COUNTY,331,52 Years,323,162,161,187,98,89,28,13,15,9,0,9,3,2,1,96,49,47
MILAM COUNTY,331,53 Years,296,135,161,184,84,100,22,10,12,3,0,3,4,2,2,83,39,44
MILAM COUNTY,331,54 Years,287,135,152,192,90,102,16,8,8,1,0,1,4,2,2,74,35,39
MILAM COUNTY,331,55 Years,296,143,153,198,96,102,24,10,14,1,0,1,3,2,1,70,35,35
MILAM COUNTY,331,56 Years,312,141,171,203,94,109,30,11,19,0,0,0,4,1,3,75,35,40
MILAM COUNTY,331,57 Years,319,154,165,211,101,110,26,12,14,1,0,1,3,0,3,78,41,37
MILAM COUNTY,331,58 Years,328,161,167,225,112,113,26,11,15,0,0,0,1,0,1,76,38,38
MILAM COUNTY,331,59 Years,369,177,192,256,126,130,26,9,17,3,1,2,6,3,3,78,38,40
MILAM COUNTY,331,60 Years,354,172,182,248,119,129,29,11,18,3,1,2,8,4,4,66,37,29
MILAM COUNTY,331,61 Years,357,179,178,248,124,124,35,19,16,1,0,1,6,2,4,67,34,33
MILAM COUNTY,331,62 Years,376,180,196,262,128,134,41,19,22,1,1,0,5,3,2,67,29,38
MILAM COUNTY,331,63 Years,352,173,179,248,120,128,41,21,20,0,0,0,6,3,3,57,29,28
MILAM COUNTY,331,64 Years,361,178,183,248,117,131,34,19,15,1,1,0,7,3,4,71,38,33
MILAM COUNTY,331,65 Years,372,178,194,268,126,142,31,16,15,1,1,0,5,3,2,67,32,35
MILAM COUNTY,331,66 Years,385,197,188,279,136,143,31,17,14,2,2,0,6,4,2,67,38,29
MILAM COUNTY,331,67 Years,372,179,193,271,132,139,32,12,20,1,0,1,8,3,5,60,32,28
MILAM COUNTY,331,68 Years,359,168,191,269,131,138,33,12,21,0,0,0,5,2,3,52,23,29
MILAM COUNTY,331,69 Years,336,154,182,258,116,142,25,9,16,0,0,0,3,2,1,50,27,23
MILAM COUNTY,331,70 Years,325,150,175,250,113,137,22,7,15,0,0,0,4,3,1,49,27,22
MILAM COUNTY,331,71 Years,336,152,184,260,116,144,23,9,14,1,1,0,5,3,2,47,23,24
MILAM COUNTY,331,72 Years,311,144,167,241,113,128,23,10,13,1,1,0,3,1,2,43,19,24
MILAM COUNTY,331,73 Years,278,132,146,219,104,115,22,11,11,0,0,0,2,0,2,35,17,18
MILAM COUNTY,331,74 Years,269,133,136,214,104,110,22,11,11,0,0,0,2,0,2,31,18,13
MILAM COUNTY,331,75 Years,291,136,155,235,108,127,22,11,11,0,0,0,2,0,2,32,17,15
MILAM COUNTY,331,76 Years,246,122,124,198,99,99,20,10,10,0,0,0,0,0,0,28,13,15
MILAM COUNTY,331,77 Years,230,115,115,182,92,90,17,7,10,0,0,0,2,2,0,29,14,15
MILAM COUNTY,331,78 Years,209,101,108,167,82,85,15,6,9,0,0,0,3,2,1,24,11,13
MILAM COUNTY,331,79 Years,192,92,100,159,78,81,14,5,9,0,0,0,3,2,1,16,7,9
MILAM COUNTY,331,80 Years,171,83,88,142,71,71,13,5,8,0,0,0,2,1,1,14,6,8
MILAM COUNTY,331,81 Years,154,72,82,125,63,62,12,4,8,0,0,0,1,0,1,16,5,11
MILAM COUNTY,331,82 Years,136,64,72,110,54,56,10,3,7,0,0,0,1,0,1,15,7,8
MILAM COUNTY,331,83 Years,122,53,69,98,43,55,10,3,7,0,0,0,1,0,1,13,7,6
MILAM COUNTY,331,84 Years,120,50,70,94,41,53,10,4,6,0,0,0,2,0,2,14,5,9
MILAM COUNTY,331,85 Years,111,42,69,89,37,52,9,3,6,0,0,0,2,0,2,11,2,9
MILAM COUNTY,331,86 Years,99,42,57,78,33,45,8,3,5,0,0,0,2,1,1,11,5,6
MILAM COUNTY,331,87 Years,84,38,46,65,28,37,8,4,4,0,0,0,0,0,0,11,6,5
MILAM COUNTY,331,88 Years,77,28,49,64,23,41,6,2,4,0,0,0,0,0,0,7,3,4
MILAM COUNTY,331,89 Years,66,25,41,58,22,36,4,1,3,0,0,0,0,0,0,4,2,2
MILAM COUNTY,331,90 Years,61,21,40,51,18,33,5,1,4,0,0,0,1,1,0,4,1,3
MILAM COUNTY,331,91 Years,51,18,33,42,15,27,5,2,3,0,0,0,0,0,0,4,1,3
MILAM COUNTY,331,92 Years,43,16,27,35,11,24,4,2,2,0,0,0,0,0,0,4,3,1
MILAM COUNTY,331,93 Years,36,11,25,30,10,20,3,0,3,0,0,0,0,0,0,3,1,2
MILAM COUNTY,331,94 Years,29,9,20,23,7,16,3,0,3,0,0,0,0,0,0,3,2,1
MILAM COUNTY,331,95 Years +,72,22,50,53,16,37,10,1,9,0,0,0,1,1,0,8,4,4
MILLS COUNTY,333,All Ages,4501,2254,2247,3434,1704,1730,20,12,8,0,0,0,71,33,38,976,505,471
MILLS COUNTY,333,< 1 Year,49,24,25,30,15,15,1,0,1,0,0,0,2,1,1,16,8,8
MILLS COUNTY,333,1 Years,48,24,24,28,14,14,1,1,0,0,0,0,2,1,1,17,8,9
MILLS COUNTY,333,2 Years,50,26,24,29,15,14,1,1,0,0,0,0,2,1,1,18,9,9
MILLS COUNTY,333,3 Years,42,21,21,25,14,11,1,0,1,0,0,0,1,0,1,15,7,8
MILLS COUNTY,333,4 Years,39,19,20,24,13,11,0,0,0,0,0,0,2,0,2,13,6,7
MILLS COUNTY,333,5 Years,41,20,21,26,15,11,0,0,0,0,0,0,2,0,2,13,5,8
MILLS COUNTY,333,6 Years,40,20,20,26,15,11,0,0,0,0,0,0,2,0,2,12,5,7
MILLS COUNTY,333,7 Years,43,22,21,28,16,12,0,0,0,0,0,0,2,0,2,13,6,7
MILLS COUNTY,333,8 Years,45,27,18,31,20,11,0,0,0,0,0,0,1,0,1,13,7,6
MILLS COUNTY,333,9 Years,47,28,19,33,20,13,0,0,0,0,0,0,1,0,1,13,8,5
MILLS COUNTY,333,10 Years,43,29,14,31,21,10,0,0,0,0,0,0,0,0,0,12,8,4
MILLS COUNTY,333,11 Years,42,26,16,29,18,11,0,0,0,0,0,0,0,0,0,13,8,5
MILLS COUNTY,333,12 Years,46,25,21,31,16,15,0,0,0,0,0,0,0,0,0,15,9,6
MILLS COUNTY,333,13 Years,60,36,24,37,22,15,1,0,1,0,0,0,1,1,0,21,13,8
MILLS COUNTY,333,14 Years,73,36,37,44,22,22,2,1,1,0,0,0,1,1,0,26,12,14
MILLS COUNTY,333,15 Years,96,51,45,61,35,26,8,7,1,0,0,0,3,1,2,24,8,16
MILLS COUNTY,333,16 Years,93,55,38,68,44,24,2,1,1,0,0,0,2,1,1,21,9,12
MILLS COUNTY,333,17 Years,81,48,33,61,38,23,1,0,1,0,0,0,1,1,0,18,9,9
MILLS COUNTY,333,18 Years,47,23,24,27,11,16,1,1,0,0,0,0,1,1,0,18,10,8
MILLS COUNTY,333,19 Years,34,12,22,17,3,14,0,0,0,0,0,0,2,2,0,15,7,8
MILLS COUNTY,333,20 Years,29,12,17,16,3,13,0,0,0,0,0,0,1,1,0,12,8,4
MILLS COUNTY,333,21 Years,46,24,22,32,15,17,0,0,0,0,0,0,1,1,0,13,8,5
MILLS COUNTY,333,22 Years,52,25,27,35,17,18,0,0,0,0,0,0,1,1,0,16,7,9
MILLS COUNTY,333,23 Years,46,27,19,34,21,13,0,0,0,0,0,0,0,0,0,12,6,6
MILLS COUNTY,333,24 Years,36,18,18,26,14,12,1,0,1,0,0,0,0,0,0,9,4,5
MILLS COUNTY,333,25 Years,40,23,17,29,17,12,0,0,0,0,0,0,0,0,0,11,6,5
MILLS COUNTY,333,26 Years,43,25,18,26,15,11,0,0,0,0,0,0,0,0,0,17,10,7
MILLS COUNTY,333,27 Years,47,26,21,30,16,14,0,0,0,0,0,0,2,0,2,15,10,5
MILLS COUNTY,333,28 Years,41,22,19,26,13,13,0,0,0,0,0,0,1,1,0,14,8,6
MILLS COUNTY,333,29 Years,41,24,17,27,15,12,0,0,0,0,0,0,1,1,0,13,8,5
MILLS COUNTY,333,30 Years,41,24,17,30,17,13,0,0,0,0,0,0,0,0,0,11,7,4
MILLS COUNTY,333,31 Years,33,17,16,24,11,13,0,0,0,0,0,0,0,0,0,9,6,3
MILLS COUNTY,333,32 Years,28,15,13,18,9,9,0,0,0,0,0,0,1,0,1,9,6,3
MILLS COUNTY,333,33 Years,31,14,17,21,9,12,0,0,0,0,0,0,1,0,1,9,5,4
MILLS COUNTY,333,34 Years,35,13,22,24,9,15,0,0,0,0,0,0,1,0,1,10,4,6
MILLS COUNTY,333,35 Years,33,15,18,23,11,12,0,0,0,0,0,0,0,0,0,10,4,6
MILLS COUNTY,333,36 Years,29,14,15,21,12,9,0,0,0,0,0,0,0,0,0,8,2,6
MILLS COUNTY,333,37 Years,33,15,18,25,12,13,0,0,0,0,0,0,0,0,0,8,3,5
MILLS COUNTY,333,38 Years,32,17,15,23,12,11,0,0,0,0,0,0,0,0,0,9,5,4
MILLS COUNTY,333,39 Years,35,14,21,24,8,16,0,0,0,0,0,0,1,0,1,10,6,4
MILLS COUNTY,333,40 Years,36,13,23,29,9,20,0,0,0,0,0,0,0,0,0,7,4,3
MILLS COUNTY,333,41 Years,38,15,23,31,11,20,0,0,0,0,0,0,0,0,0,7,4,3
MILLS COUNTY,333,42 Years,41,19,22,34,16,18,0,0,0,0,0,0,0,0,0,7,3,4
MILLS COUNTY,333,43 Years,51,26,25,37,17,20,0,0,0,0,0,0,0,0,0,14,9,5
MILLS COUNTY,333,44 Years,49,24,25,35,16,19,0,0,0,0,0,0,0,0,0,14,8,6
MILLS COUNTY,333,45 Years,48,24,24,37,19,18,0,0,0,0,0,0,0,0,0,11,5,6
MILLS COUNTY,333,46 Years,49,22,27,36,18,18,0,0,0,0,0,0,2,0,2,11,4,7
MILLS COUNTY,333,47 Years,39,19,20,27,14,13,0,0,0,0,0,0,1,0,1,11,5,6
MILLS COUNTY,333,48 Years,40,21,19,27,14,13,0,0,0,0,0,0,1,1,0,12,6,6
MILLS COUNTY,333,49 Years,43,21,22,30,14,16,0,0,0,0,0,0,1,1,0,12,6,6
MILLS COUNTY,333,50 Years,44,19,25,28,12,16,0,0,0,0,0,0,0,0,0,16,7,9
MILLS COUNTY,333,51 Years,54,20,34,36,12,24,0,0,0,0,0,0,1,1,0,17,7,10
MILLS COUNTY,333,52 Years,59,27,32,42,18,24,0,0,0,0,0,0,1,1,0,16,8,8
MILLS COUNTY,333,53 Years,52,28,24,41,22,19,0,0,0,0,0,0,1,1,0,10,5,5
MILLS COUNTY,333,54 Years,46,23,23,38,19,19,0,0,0,0,0,0,1,0,1,7,4,3
MILLS COUNTY,333,55 Years,51,25,26,41,19,22,0,0,0,0,0,0,0,0,0,10,6,4
MILLS COUNTY,333,56 Years,55,26,29,41,20,21,0,0,0,0,0,0,0,0,0,14,6,8
MILLS COUNTY,333,57 Years,62,31,31,45,21,24,0,0,0,0,0,0,1,1,0,16,9,7
MILLS COUNTY,333,58 Years,68,36,32,51,25,26,0,0,0,0,0,0,1,1,0,16,10,6
MILLS COUNTY,333,59 Years,69,36,33,51,24,27,0,0,0,0,0,0,1,0,1,17,12,5
MILLS COUNTY,333,60 Years,73,38,35,56,26,30,0,0,0,0,0,0,3,2,1,14,10,4
MILLS COUNTY,333,61 Years,83,41,42,65,31,34,0,0,0,0,0,0,2,1,1,16,9,7
MILLS COUNTY,333,62 Years,74,37,37,62,31,31,0,0,0,0,0,0,0,0,0,12,6,6
MILLS COUNTY,333,63 Years,55,24,31,49,22,27,0,0,0,0,0,0,0,0,0,6,2,4
MILLS COUNTY,333,64 Years,59,26,33,53,23,30,0,0,0,0,0,0,1,0,1,5,3,2
MILLS COUNTY,333,65 Years,64,29,35,55,24,31,0,0,0,0,0,0,2,1,1,7,4,3
MILLS COUNTY,333,66 Years,73,32,41,62,26,36,0,0,0,0,0,0,2,1,1,9,5,4
MILLS COUNTY,333,67 Years,76,38,38,66,33,33,0,0,0,0,0,0,1,0,1,9,5,4
MILLS COUNTY,333,68 Years,74,38,36,67,34,33,0,0,0,0,0,0,0,0,0,7,4,3
MILLS COUNTY,333,69 Years,75,35,40,67,32,35,0,0,0,0,0,0,1,0,1,7,3,4
MILLS COUNTY,333,70 Years,70,30,40,61,27,34,0,0,0,0,0,0,0,0,0,9,3,6
MILLS COUNTY,333,71 Years,75,38,37,66,35,31,0,0,0,0,0,0,1,1,0,8,2,6
MILLS COUNTY,333,72 Years,77,39,38,69,36,33,0,0,0,0,0,0,1,1,0,7,2,5
MILLS COUNTY,333,73 Years,70,30,40,62,28,34,0,0,0,0,0,0,1,0,1,7,2,5
MILLS COUNTY,333,74 Years,60,30,30,54,28,26,0,0,0,0,0,0,1,0,1,5,2,3
MILLS COUNTY,333,75 Years,57,32,25,53,29,24,0,0,0,0,0,0,0,0,0,4,3,1
MILLS COUNTY,333,76 Years,56,30,26,52,28,24,0,0,0,0,0,0,2,1,1,2,1,1
MILLS COUNTY,333,77 Years,56,28,28,51,25,26,0,0,0,0,0,0,0,0,0,5,3,2
MILLS COUNTY,333,78 Years,58,30,28,55,28,27,0,0,0,0,0,0,0,0,0,3,2,1
MILLS COUNTY,333,79 Years,56,30,26,52,28,24,0,0,0,0,0,0,0,0,0,4,2,2
MILLS COUNTY,333,80 Years,50,25,25,47,24,23,0,0,0,0,0,0,0,0,0,3,1,2
MILLS COUNTY,333,81 Years,42,24,18,38,22,16,0,0,0,0,0,0,0,0,0,4,2,2
MILLS COUNTY,333,82 Years,32,19,13,29,17,12,0,0,0,0,0,0,0,0,0,3,2,1
MILLS COUNTY,333,83 Years,35,16,19,30,13,17,0,0,0,0,0,0,0,0,0,5,3,2
MILLS COUNTY,333,84 Years,32,14,18,28,11,17,0,0,0,0,0,0,1,1,0,3,2,1
MILLS COUNTY,333,85 Years,24,12,12,22,10,12,0,0,0,0,0,0,1,1,0,1,1,0
MILLS COUNTY,333,86 Years,22,12,10,20,10,10,0,0,0,0,0,0,0,0,0,2,2,0
MILLS COUNTY,333,87 Years,14,6,8,13,5,8,0,0,0,0,0,0,0,0,0,1,1,0
MILLS COUNTY,333,88 Years,13,4,9,12,4,8,0,0,0,0,0,0,0,0,0,1,0,1
MILLS COUNTY,333,89 Years,17,8,9,15,7,8,0,0,0,0,0,0,0,0,0,2,1,1
MILLS COUNTY,333,90 Years,16,8,8,14,7,7,0,0,0,0,0,0,0,0,0,2,1,1
MILLS COUNTY,333,91 Years,15,6,9,13,5,8,0,0,0,0,0,0,0,0,0,2,1,1
MILLS COUNTY,333,92 Years,10,2,8,9,2,7,0,0,0,0,0,0,0,0,0,1,0,1
MILLS COUNTY,333,93 Years,6,2,4,6,2,4,0,0,0,0,0,0,0,0,0,0,0,0
MILLS COUNTY,333,94 Years,6,1,5,5,0,5,0,0,0,0,0,0,0,0,0,1,1,0
MILLS COUNTY,333,95 Years +,22,9,13,19,8,11,0,0,0,0,0,0,0,0,0,3,1,2
MITCHELL COUNTY,335,All Ages,9077,5386,3691,4261,2229,2032,1014,868,146,28,11,17,135,77,58,3639,2201,1438
MITCHELL COUNTY,335,< 1 Year,88,45,43,36,19,17,3,1,2,0,0,0,4,2,2,45,23,22
MITCHELL COUNTY,335,1 Years,95,49,46,41,21,20,3,2,1,0,0,0,3,2,1,48,24,24
MITCHELL COUNTY,335,2 Years,96,47,49,42,21,21,3,1,2,0,0,0,3,1,2,48,24,24
MITCHELL COUNTY,335,3 Years,104,57,47,43,20,23,6,3,3,0,0,0,4,2,2,51,32,19
MITCHELL COUNTY,335,4 Years,108,61,47,43,23,20,7,4,3,0,0,0,4,2,2,54,32,22
MITCHELL COUNTY,335,5 Years,115,63,52,44,24,20,7,4,3,0,0,0,5,3,2,59,32,27
MITCHELL COUNTY,335,6 Years,113,57,56,46,26,20,6,3,3,0,0,0,4,1,3,57,27,30
MITCHELL COUNTY,335,7 Years,109,54,55,48,25,23,6,3,3,0,0,0,1,1,0,54,25,29
MITCHELL COUNTY,335,8 Years,109,51,58,50,26,24,6,2,4,0,0,0,1,0,1,52,23,29
MITCHELL COUNTY,335,9 Years,115,56,59,51,27,24,6,2,4,0,0,0,3,1,2,55,26,29
MITCHELL COUNTY,335,10 Years,122,62,60,52,30,22,6,2,4,0,0,0,6,2,4,58,28,30
MITCHELL COUNTY,335,11 Years,124,61,63,54,29,25,6,2,4,1,0,1,4,2,2,59,28,31
MITCHELL COUNTY,335,12 Years,112,56,56,51,21,30,6,2,4,0,0,0,3,1,2,52,32,20
MITCHELL COUNTY,335,13 Years,115,58,57,54,24,30,4,2,2,1,0,1,2,1,1,54,31,23
MITCHELL COUNTY,335,14 Years,117,59,58,54,27,27,2,1,1,1,0,1,5,2,3,55,29,26
MITCHELL COUNTY,335,15 Years,118,65,53,56,32,24,2,0,2,2,1,1,3,2,1,55,30,25
MITCHELL COUNTY,335,16 Years,111,62,49,55,30,25,3,2,1,2,1,1,0,0,0,51,29,22
MITCHELL COUNTY,335,17 Years,99,63,36,41,25,16,7,6,1,0,0,0,3,2,1,48,30,18
MITCHELL COUNTY,335,18 Years,119,78,41,47,29,18,14,11,3,0,0,0,4,3,1,54,35,19
MITCHELL COUNTY,335,19 Years,124,82,42,44,27,17,23,19,4,0,0,0,1,0,1,56,36,20
MITCHELL COUNTY,335,20 Years,166,123,43,54,35,19,32,30,2,1,0,1,2,1,1,77,57,20
MITCHELL COUNTY,335,21 Years,200,151,49,63,41,22,57,55,2,0,0,0,1,0,1,79,55,24
MITCHELL COUNTY,335,22 Years,211,168,43,68,47,21,56,55,1,0,0,0,3,2,1,84,64,20
MITCHELL COUNTY,335,23 Years,174,141,33,52,39,13,48,45,3,0,0,0,1,1,0,73,56,17
MITCHELL COUNTY,335,24 Years,170,138,32,55,42,13,43,40,3,1,1,0,1,1,0,70,54,16
MITCHELL COUNTY,335,25 Years,153,125,28,44,28,16,55,54,1,1,1,0,0,0,0,53,42,11
MITCHELL COUNTY,335,26 Years,154,122,32,38,23,15,43,43,0,0,0,0,4,2,2,69,54,15
MITCHELL COUNTY,335,27 Years,145,105,40,43,24,19,30,29,1,1,1,0,1,0,1,70,51,19
MITCHELL COUNTY,335,28 Years,179,130,49,63,35,28,37,35,2,0,0,0,0,0,0,79,60,19
MITCHELL COUNTY,335,29 Years,159,119,40,61,39,22,27,25,2,0,0,0,3,3,0,68,52,16
MITCHELL COUNTY,335,30 Years,131,94,37,43,23,20,31,29,2,0,0,0,2,2,0,55,40,15
MITCHELL COUNTY,335,31 Years,136,101,35,53,33,20,23,22,1,0,0,0,2,1,1,58,45,13
MITCHELL COUNTY,335,32 Years,120,84,36,41,23,18,22,20,2,0,0,0,0,0,0,57,41,16
MITCHELL COUNTY,335,33 Years,122,86,36,41,23,18,23,21,2,1,1,0,2,2,0,55,39,16
MITCHELL COUNTY,335,34 Years,128,94,34,39,25,14,20,19,1,1,1,0,0,0,0,68,49,19
MITCHELL COUNTY,335,35 Years,122,89,33,41,25,16,18,18,0,0,0,0,3,3,0,60,43,17
MITCHELL COUNTY,335,36 Years,117,86,31,44,26,18,21,21,0,0,0,0,1,1,0,51,38,13
MITCHELL COUNTY,335,37 Years,117,77,40,45,25,20,18,17,1,0,0,0,1,1,0,53,34,19
MITCHELL COUNTY,335,38 Years,120,73,47,46,26,20,14,14,0,3,0,3,1,0,1,56,33,23
MITCHELL COUNTY,335,39 Years,110,65,45,49,25,24,7,7,0,3,2,1,1,1,0,50,30,20
MITCHELL COUNTY,335,40 Years,100,56,44,48,24,24,10,8,2,1,1,0,0,0,0,41,23,18
MITCHELL COUNTY,335,41 Years,112,62,50,53,22,31,12,12,0,0,0,0,2,2,0,45,26,19
MITCHELL COUNTY,335,42 Years,125,69,56,63,27,36,16,15,1,0,0,0,2,1,1,44,26,18
MITCHELL COUNTY,335,43 Years,122,73,49,55,26,29,20,18,2,0,0,0,3,1,2,44,28,16
MITCHELL COUNTY,335,44 Years,111,73,38,54,30,24,15,13,2,0,0,0,0,0,0,42,30,12
MITCHELL COUNTY,335,45 Years,94,56,38,49,24,25,8,8,0,0,0,0,0,0,0,37,24,13
MITCHELL COUNTY,335,46 Years,85,51,34,39,20,19,7,7,0,0,0,0,0,0,0,39,24,15
MITCHELL COUNTY,335,47 Years,97,62,35,45,25,20,6,6,0,1,1,0,1,1,0,44,29,15
MITCHELL COUNTY,335,48 Years,100,66,34,53,31,22,12,10,2,1,0,1,0,0,0,34,25,9
MITCHELL COUNTY,335,49 Years,95,61,34,48,26,22,8,7,1,1,0,1,0,0,0,38,28,10
MITCHELL COUNTY,335,50 Years,98,63,35,44,26,18,11,10,1,1,0,1,2,2,0,40,25,15
MITCHELL COUNTY,335,51 Years,105,59,46,52,28,24,6,5,1,1,0,1,1,1,0,45,25,20
MITCHELL COUNTY,335,52 Years,114,63,51,58,31,27,12,10,2,1,0,1,1,1,0,42,21,21
MITCHELL COUNTY,335,53 Years,106,61,45,53,26,27,11,9,2,0,0,0,2,2,0,40,24,16
MITCHELL COUNTY,335,54 Years,90,54,36,44,24,20,8,7,1,0,0,0,1,0,1,37,23,14
MITCHELL COUNTY,335,55 Years,88,43,45,46,22,24,3,1,2,0,0,0,2,1,1,37,19,18
MITCHELL COUNTY,335,56 Years,94,46,48,53,27,26,4,2,2,1,0,1,0,0,0,36,17,19
MITCHELL COUNTY,335,57 Years,97,47,50,56,28,28,3,1,2,1,0,1,0,0,0,37,18,19
MITCHELL COUNTY,335,58 Years,90,48,42,51,26,25,8,6,2,0,0,0,1,1,0,30,15,15
MITCHELL COUNTY,335,59 Years,95,51,44,58,30,28,7,6,1,0,0,0,1,1,0,29,14,15
MITCHELL COUNTY,335,60 Years,98,51,47,64,32,32,10,7,3,0,0,0,0,0,0,24,12,12
MITCHELL COUNTY,335,61 Years,85,40,45,54,26,28,3,1,2,0,0,0,1,1,0,27,12,15
MITCHELL COUNTY,335,62 Years,95,48,47,68,35,33,1,0,1,0,0,0,0,0,0,26,13,13
MITCHELL COUNTY,335,63 Years,102,51,51,67,35,32,3,1,2,0,0,0,2,1,1,30,14,16
MITCHELL COUNTY,335,64 Years,105,48,57,65,30,35,3,2,1,0,0,0,3,3,0,34,13,21
MITCHELL COUNTY,335,65 Years,88,37,51,59,24,35,3,2,1,0,0,0,0,0,0,26,11,15
MITCHELL COUNTY,335,66 Years,85,37,48,56,24,32,5,2,3,0,0,0,1,1,0,23,10,13
MITCHELL COUNTY,335,67 Years,94,44,50,62,29,33,4,1,3,0,0,0,2,2,0,26,12,14
MITCHELL COUNTY,335,68 Years,90,42,48,64,29,35,3,2,1,0,0,0,0,0,0,23,11,12
MITCHELL COUNTY,335,69 Years,86,41,45,59,28,31,2,1,1,0,0,0,0,0,0,25,12,13
MITCHELL COUNTY,335,70 Years,85,43,42,57,28,29,3,1,2,0,0,0,0,0,0,25,14,11
MITCHELL COUNTY,335,71 Years,84,34,50,54,24,30,3,1,2,0,0,0,2,0,2,25,9,16
MITCHELL COUNTY,335,72 Years,77,33,44,52,23,29,2,0,2,0,0,0,1,0,1,22,10,12
MITCHELL COUNTY,335,73 Years,66,31,35,42,19,23,3,1,2,0,0,0,1,1,0,20,10,10
MITCHELL COUNTY,335,74 Years,61,29,32,40,19,21,2,1,1,0,0,0,0,0,0,19,9,10
MITCHELL COUNTY,335,75 Years,62,31,31,44,21,23,1,1,0,0,0,0,0,0,0,17,9,8
MITCHELL COUNTY,335,76 Years,56,27,29,40,17,23,1,1,0,0,0,0,1,0,1,14,9,5
MITCHELL COUNTY,335,77 Years,54,25,29,37,17,20,3,1,2,0,0,0,1,0,1,13,7,6
MITCHELL COUNTY,335,78 Years,54,25,29,37,17,20,4,1,3,0,0,0,1,1,0,12,6,6
MITCHELL COUNTY,335,79 Years,48,20,28,32,13,19,3,2,1,0,0,0,0,0,0,13,5,8
MITCHELL COUNTY,335,80 Years,48,24,24,35,20,15,2,1,1,0,0,0,0,0,0,11,3,8
MITCHELL COUNTY,335,81 Years,44,19,25,30,14,16,2,1,1,0,0,0,1,1,0,11,3,8
MITCHELL COUNTY,335,82 Years,34,13,21,23,9,14,1,1,0,0,0,0,1,0,1,9,3,6
MITCHELL COUNTY,335,83 Years,28,11,17,22,8,14,1,1,0,0,0,0,0,0,0,5,2,3
MITCHELL COUNTY,335,84 Years,27,9,18,22,8,14,0,0,0,0,0,0,0,0,0,5,1,4
MITCHELL COUNTY,335,85 Years,29,11,18,22,9,13,2,1,1,0,0,0,0,0,0,5,1,4
MITCHELL COUNTY,335,86 Years,26,11,15,17,8,9,3,1,2,0,0,0,1,1,0,5,1,4
MITCHELL COUNTY,335,87 Years,21,7,14,16,5,11,2,1,1,0,0,0,1,0,1,2,1,1
MITCHELL COUNTY,335,88 Years,12,3,9,10,3,7,0,0,0,0,0,0,1,0,1,1,0,1
MITCHELL COUNTY,335,89 Years,10,3,7,7,3,4,0,0,0,0,0,0,1,0,1,2,0,2
MITCHELL COUNTY,335,90 Years,10,4,6,8,4,4,0,0,0,0,0,0,1,0,1,1,0,1
MITCHELL COUNTY,335,91 Years,12,3,9,9,3,6,0,0,0,0,0,0,1,0,1,2,0,2
MITCHELL COUNTY,335,92 Years,7,2,5,7,2,5,0,0,0,0,0,0,0,0,0,0,0,0
MITCHELL COUNTY,335,93 Years,5,1,4,5,1,4,0,0,0,0,0,0,0,0,0,0,0,0
MITCHELL COUNTY,335,94 Years,6,3,3,5,3,2,0,0,0,0,0,0,0,0,0,1,0,1
MITCHELL COUNTY,335,95 Years +,18,4,14,13,3,10,1,0,1,0,0,0,0,0,0,4,1,3
MONTAGUE COUNTY,337,All Ages,21522,10561,10961,18171,8901,9270,80,50,30,76,38,38,467,245,222,2728,1327,1401
MONTAGUE COUNTY,337,< 1 Year,231,116,115,157,79,78,3,1,2,1,0,1,13,8,5,57,28,29
MONTAGUE COUNTY,337,1 Years,226,117,109,149,76,73,3,2,1,1,1,0,10,5,5,63,33,30
MONTAGUE COUNTY,337,2 Years,230,118,112,153,77,76,4,2,2,1,1,0,10,6,4,62,32,30
MONTAGUE COUNTY,337,3 Years,226,112,114,168,84,84,1,0,1,2,1,1,9,6,3,46,21,25
MONTAGUE COUNTY,337,4 Years,226,112,114,174,86,88,2,1,1,1,0,1,10,7,3,39,18,21
MONTAGUE COUNTY,337,5 Years,237,115,122,182,89,93,2,1,1,1,0,1,8,4,4,44,21,23
MONTAGUE COUNTY,337,6 Years,255,121,134,195,94,101,2,1,1,0,0,0,7,3,4,51,23,28
MONTAGUE COUNTY,337,7 Years,266,130,136,199,97,102,1,1,0,0,0,0,9,7,2,57,25,32
MONTAGUE COUNTY,337,8 Years,266,123,143,195,90,105,0,0,0,1,1,0,10,6,4,60,26,34
MONTAGUE COUNTY,337,9 Years,266,126,140,196,90,106,3,2,1,1,1,0,10,7,3,56,26,30
MONTAGUE COUNTY,337,10 Years,263,122,141,194,90,104,3,2,1,2,1,1,7,3,4,57,26,31
MONTAGUE COUNTY,337,11 Years,272,131,141,204,100,104,1,0,1,2,2,0,5,3,2,60,26,34
MONTAGUE COUNTY,337,12 Years,291,139,152,214,111,103,1,0,1,2,2,0,5,3,2,69,23,46
MONTAGUE COUNTY,337,13 Years,297,146,151,223,115,108,3,3,0,0,0,0,5,2,3,66,26,40
MONTAGUE COUNTY,337,14 Years,299,147,152,235,117,118,1,1,0,0,0,0,7,2,5,56,27,29
MONTAGUE COUNTY,337,15 Years,294,152,142,234,120,114,1,1,0,1,0,1,7,3,4,51,28,23
MONTAGUE COUNTY,337,16 Years,267,140,127,204,107,97,3,1,2,3,3,0,6,2,4,51,27,24
MONTAGUE COUNTY,337,17 Years,265,138,127,202,105,97,2,1,1,1,1,0,5,2,3,55,29,26
MONTAGUE COUNTY,337,18 Years,280,150,130,213,111,102,1,0,1,3,2,1,8,4,4,55,33,22
MONTAGUE COUNTY,337,19 Years,260,146,114,199,109,90,0,0,0,3,3,0,6,2,4,52,32,20
MONTAGUE COUNTY,337,20 Years,264,154,110,199,115,84,3,3,0,1,0,1,7,3,4,54,33,21
MONTAGUE COUNTY,337,21 Years,256,136,120,203,108,95,1,1,0,1,0,1,7,3,4,44,24,20
MONTAGUE COUNTY,337,22 Years,211,103,108,167,86,81,3,2,1,0,0,0,4,2,2,37,13,24
MONTAGUE COUNTY,337,23 Years,209,107,102,158,83,75,1,0,1,1,1,0,7,5,2,42,18,24
MONTAGUE COUNTY,337,24 Years,218,108,110,174,87,87,2,0,2,0,0,0,5,4,1,37,17,20
MONTAGUE COUNTY,337,25 Years,219,105,114,175,85,90,2,1,1,1,1,0,6,5,1,35,13,22
MONTAGUE COUNTY,337,26 Years,216,100,116,174,84,90,2,1,1,1,1,0,6,4,2,33,10,23
MONTAGUE COUNTY,337,27 Years,223,106,117,179,85,94,2,1,1,0,0,0,7,5,2,35,15,20
MONTAGUE COUNTY,337,28 Years,204,98,106,161,77,84,1,1,0,0,0,0,4,3,1,38,17,21
MONTAGUE COUNTY,337,29 Years,212,105,107,169,81,88,0,0,0,0,0,0,9,6,3,34,18,16
MONTAGUE COUNTY,337,30 Years,228,111,117,187,90,97,1,1,0,0,0,0,8,6,2,32,14,18
MONTAGUE COUNTY,337,31 Years,215,109,106,168,88,80,2,2,0,0,0,0,5,4,1,40,15,25
MONTAGUE COUNTY,337,32 Years,233,113,120,193,94,99,0,0,0,0,0,0,2,1,1,38,18,20
MONTAGUE COUNTY,337,33 Years,255,123,132,215,105,110,0,0,0,1,0,1,1,1,0,38,17,21
MONTAGUE COUNTY,337,34 Years,245,112,133,206,92,114,0,0,0,1,0,1,3,2,1,35,18,17
MONTAGUE COUNTY,337,35 Years,227,105,122,188,85,103,0,0,0,0,0,0,4,2,2,35,18,17
MONTAGUE COUNTY,337,36 Years,234,128,106,197,106,91,0,0,0,0,0,0,7,4,3,30,18,12
MONTAGUE COUNTY,337,37 Years,219,123,96,179,98,81,3,3,0,0,0,0,1,1,0,36,21,15
MONTAGUE COUNTY,337,38 Years,232,112,120,182,85,97,2,2,0,1,0,1,1,1,0,46,24,22
MONTAGUE COUNTY,337,39 Years,240,116,124,188,89,99,1,1,0,0,0,0,7,5,2,44,21,23
MONTAGUE COUNTY,337,40 Years,237,114,123,185,88,97,0,0,0,1,0,1,6,5,1,45,21,24
MONTAGUE COUNTY,337,41 Years,240,112,128,199,94,105,0,0,0,1,0,1,4,2,2,36,16,20
MONTAGUE COUNTY,337,42 Years,242,123,119,199,102,97,0,0,0,1,0,1,4,2,2,38,19,19
MONTAGUE COUNTY,337,43 Years,217,116,101,183,99,84,1,0,1,0,0,0,3,1,2,30,16,14
MONTAGUE COUNTY,337,44 Years,223,119,104,191,101,90,1,0,1,2,0,2,3,2,1,26,16,10
MONTAGUE COUNTY,337,45 Years,217,107,110,186,90,96,1,0,1,1,0,1,2,1,1,27,16,11
MONTAGUE COUNTY,337,46 Years,214,106,108,183,91,92,1,0,1,1,0,1,5,3,2,24,12,12
MONTAGUE COUNTY,337,47 Years,230,108,122,192,93,99,1,0,1,2,0,2,5,4,1,30,11,19
MONTAGUE COUNTY,337,48 Years,247,116,131,202,98,104,1,1,0,2,1,1,6,2,4,36,14,22
MONTAGUE COUNTY,337,49 Years,260,141,119,216,123,93,1,1,0,2,1,1,5,1,4,36,15,21
MONTAGUE COUNTY,337,50 Years,250,133,117,212,115,97,1,1,0,2,1,1,5,3,2,30,13,17
MONTAGUE COUNTY,337,51 Years,264,134,130,230,120,110,0,0,0,4,1,3,4,1,3,26,12,14
MONTAGUE COUNTY,337,52 Years,253,126,127,225,112,113,0,0,0,2,1,1,3,1,2,23,12,11
MONTAGUE COUNTY,337,53 Years,246,113,133,215,101,114,0,0,0,3,1,2,3,1,2,25,10,15
MONTAGUE COUNTY,337,54 Years,229,104,125,199,91,108,1,1,0,3,1,2,4,2,2,22,9,13
MONTAGUE COUNTY,337,55 Years,248,126,122,225,112,113,0,0,0,2,1,1,2,2,0,19,11,8
MONTAGUE COUNTY,337,56 Years,280,144,136,256,131,125,0,0,0,1,1,0,4,2,2,19,10,9
MONTAGUE COUNTY,337,57 Years,289,144,145,259,130,129,0,0,0,1,1,0,6,2,4,23,11,12
MONTAGUE COUNTY,337,58 Years,266,129,137,238,120,118,0,0,0,0,0,0,3,0,3,25,9,16
MONTAGUE COUNTY,337,59 Years,276,138,138,248,126,122,0,0,0,0,0,0,5,2,3,23,10,13
MONTAGUE COUNTY,337,60 Years,304,160,144,268,141,127,0,0,0,2,1,1,10,5,5,24,13,11
MONTAGUE COUNTY,337,61 Years,320,159,161,283,141,142,0,0,0,2,0,2,9,3,6,26,15,11
MONTAGUE COUNTY,337,62 Years,332,166,166,297,147,150,0,0,0,1,1,0,7,3,4,27,15,12
MONTAGUE COUNTY,337,63 Years,311,153,158,283,138,145,0,0,0,0,0,0,7,2,5,21,13,8
MONTAGUE COUNTY,337,64 Years,313,153,160,287,140,147,1,0,1,0,0,0,4,1,3,21,12,9
MONTAGUE COUNTY,337,65 Years,327,159,168,293,141,152,3,3,0,1,0,1,7,2,5,23,13,10
MONTAGUE COUNTY,337,66 Years,300,147,153,274,131,143,1,1,0,0,0,0,6,2,4,19,13,6
MONTAGUE COUNTY,337,67 Years,296,142,154,275,130,145,0,0,0,0,0,0,5,2,3,16,10,6
MONTAGUE COUNTY,337,68 Years,300,140,160,279,128,151,1,1,0,0,0,0,7,3,4,13,8,5
MONTAGUE COUNTY,337,69 Years,274,124,150,258,116,142,1,1,0,1,0,1,6,3,3,8,4,4
MONTAGUE COUNTY,337,70 Years,267,129,138,255,121,134,0,0,0,0,0,0,5,3,2,7,5,2
MONTAGUE COUNTY,337,71 Years,264,131,133,252,123,129,1,1,0,0,0,0,4,3,1,7,4,3
MONTAGUE COUNTY,337,72 Years,263,120,143,253,117,136,0,0,0,0,0,0,3,1,2,7,2,5
MONTAGUE COUNTY,337,73 Years,271,119,152,260,114,146,0,0,0,1,1,0,4,2,2,6,2,4
MONTAGUE COUNTY,337,74 Years,274,126,148,263,122,141,0,0,0,1,1,0,4,1,3,6,2,4
MONTAGUE COUNTY,337,75 Years,261,131,130,248,124,124,0,0,0,1,1,0,5,2,3,7,4,3
MONTAGUE COUNTY,337,76 Years,229,110,119,217,104,113,0,0,0,1,1,0,4,2,2,7,3,4
MONTAGUE COUNTY,337,77 Years,206,91,115,199,87,112,0,0,0,0,0,0,3,1,2,4,3,1
MONTAGUE COUNTY,337,78 Years,207,93,114,199,88,111,0,0,0,0,0,0,3,2,1,5,3,2
MONTAGUE COUNTY,337,79 Years,198,87,111,191,82,109,0,0,0,0,0,0,3,2,1,4,3,1
MONTAGUE COUNTY,337,80 Years,182,81,101,174,74,100,0,0,0,0,0,0,3,2,1,5,5,0
MONTAGUE COUNTY,337,81 Years,152,76,76,147,73,74,0,0,0,0,0,0,3,1,2,2,2,0
MONTAGUE COUNTY,337,82 Years,122,62,60,117,59,58,0,0,0,0,0,0,2,1,1,3,2,1
MONTAGUE COUNTY,337,83 Years,108,56,52,105,54,51,0,0,0,0,0,0,0,0,0,3,2,1
MONTAGUE COUNTY,337,84 Years,111,54,57,108,52,56,0,0,0,0,0,0,1,1,0,2,1,1
MONTAGUE COUNTY,337,85 Years,105,52,53,103,51,52,0,0,0,0,0,0,1,0,1,1,1,0
MONTAGUE COUNTY,337,86 Years,93,42,51,87,39,48,0,0,0,0,0,0,2,1,1,4,2,2
MONTAGUE COUNTY,337,87 Years,77,32,45,72,31,41,0,0,0,0,0,0,2,0,2,3,1,2
MONTAGUE COUNTY,337,88 Years,66,28,38,64,28,36,0,0,0,0,0,0,1,0,1,1,0,1
MONTAGUE COUNTY,337,89 Years,60,25,35,57,24,33,0,0,0,0,0,0,1,0,1,2,1,1
MONTAGUE COUNTY,337,90 Years,51,21,30,47,19,28,0,0,0,0,0,0,1,0,1,3,2,1
MONTAGUE COUNTY,337,91 Years,42,17,25,38,14,24,0,0,0,0,0,0,1,1,0,3,2,1
MONTAGUE COUNTY,337,92 Years,32,12,20,29,10,19,0,0,0,0,0,0,1,1,0,2,1,1
MONTAGUE COUNTY,337,93 Years,27,12,15,25,10,15,0,0,0,0,0,0,1,1,0,1,1,0
MONTAGUE COUNTY,337,94 Years,21,8,13,20,7,13,0,0,0,0,0,0,0,0,0,1,1,0
MONTAGUE COUNTY,337,95 Years +,51,15,36,49,14,35,0,0,0,0,0,0,1,0,1,1,1,0
MONTGOMERY COUNTY,339,All Ages,711365,351118,360247,449502,221436,228066,35718,17286,18432,22502,10637,11865,16952,8256,8696,186691,93503,93188
MONTGOMERY COUNTY,339,< 1 Year,8308,4241,4067,3781,1919,1862,555,287,268,254,135,119,538,281,257,3180,1619,1561
MONTGOMERY COUNTY,339,1 Years,7593,3868,3725,3510,1789,1721,486,247,239,215,109,106,373,189,184,3009,1534,1475
MONTGOMERY COUNTY,339,2 Years,7489,3814,3675,3490,1778,1712,479,244,235,209,106,103,364,185,179,2947,1501,1446
MONTGOMERY COUNTY,339,3 Years,8272,4198,4074,4085,2098,1987,497,249,248,197,98,99,396,197,199,3097,1556,1541
MONTGOMERY COUNTY,339,4 Years,8707,4414,4293,4381,2238,2143,501,248,253,200,99,101,414,204,210,3211,1625,1586
MONTGOMERY COUNTY,339,5 Years,8994,4556,4438,4579,2344,2235,498,246,252,206,104,102,410,204,206,3301,1658,1643
MONTGOMERY COUNTY,339,6 Years,9466,4825,4641,4893,2504,2389,492,241,251,235,122,113,431,213,218,3415,1745,1670
MONTGOMERY COUNTY,339,7 Years,9946,5094,4852,5211,2669,2542,492,245,247,268,139,129,458,226,232,3517,1815,1702
MONTGOMERY COUNTY,339,8 Years,10389,5276,5113,5549,2817,2732,532,270,262,328,171,157,453,229,224,3527,1789,1738
MONTGOMERY COUNTY,339,9 Years,10349,5210,5139,5580,2817,2763,533,274,259,322,164,158,431,223,208,3483,1732,1751
MONTGOMERY COUNTY,339,10 Years,10280,5165,5115,5594,2819,2775,519,269,250,305,152,153,406,210,196,3456,1715,1741
MONTGOMERY COUNTY,339,11 Years,10450,5238,5212,5674,2843,2831,533,280,253,299,140,159,374,186,188,3570,1789,1781
MONTGOMERY COUNTY,339,12 Years,10437,5366,5071,5636,2939,2697,535,262,273,299,154,145,336,170,166,3631,1841,1790
MONTGOMERY COUNTY,339,13 Years,10627,5459,5168,5714,2966,2748,509,247,262,300,164,136,348,179,169,3756,1903,1853
MONTGOMERY COUNTY,339,14 Years,10914,5569,5345,5886,3038,2848,549,270,279,308,166,142,354,177,177,3817,1918,1899
MONTGOMERY COUNTY,339,15 Years,10977,5558,5419,5928,3012,2916,557,289,268,318,174,144,340,173,167,3834,1910,1924
MONTGOMERY COUNTY,339,16 Years,10783,5507,5276,5802,2991,2811,576,277,299,327,166,161,340,179,161,3738,1894,1844
MONTGOMERY COUNTY,339,17 Years,10483,5325,5158,5652,2880,2772,523,263,260,302,164,138,357,170,187,3649,1848,1801
MONTGOMERY COUNTY,339,18 Years,10167,5207,4960,5556,2875,2681,471,241,230,290,168,122,348,171,177,3502,1752,1750
MONTGOMERY COUNTY,339,19 Years,9909,5100,4809,5457,2838,2619,485,242,243,280,150,130,313,164,149,3374,1706,1668
MONTGOMERY COUNTY,339,20 Years,9808,5012,4796,5394,2797,2597,502,247,255,281,141,140,304,170,134,3327,1657,1670
MONTGOMERY COUNTY,339,21 Years,9501,4856,4645,5172,2678,2494,497,264,233,293,145,148,299,160,139,3240,1609,1631
MONTGOMERY COUNTY,339,22 Years,8787,4479,4308,4795,2491,2304,470,241,229,274,143,131,281,140,141,2967,1464,1503
MONTGOMERY COUNTY,339,23 Years,8021,4131,3890,4320,2249,2071,465,224,241,223,110,113,237,116,121,2776,1432,1344
MONTGOMERY COUNTY,339,24 Years,7813,4014,3799,4279,2196,2083,467,229,238,226,112,114,215,107,108,2626,1370,1256
MONTGOMERY COUNTY,339,25 Years,8110,4143,3967,4519,2338,2181,460,224,236,252,117,135,221,111,110,2658,1353,1305
MONTGOMERY COUNTY,339,26 Years,8623,4312,4311,4940,2503,2437,482,232,250,294,139,155,238,123,115,2669,1315,1354
MONTGOMERY COUNTY,339,27 Years,9059,4462,4597,5426,2708,2718,462,221,241,304,143,161,241,115,126,2626,1275,1351
MONTGOMERY COUNTY,339,28 Years,8903,4359,4544,5242,2572,2670,547,260,287,289,130,159,225,100,125,2600,1297,1303
MONTGOMERY COUNTY,339,29 Years,9086,4482,4604,5353,2625,2728,600,299,301,309,155,154,210,84,126,2614,1319,1295
MONTGOMERY COUNTY,339,30 Years,9044,4484,4560,5451,2713,2738,578,280,298,273,140,133,188,82,106,2554,1269,1285
MONTGOMERY COUNTY,339,31 Years,8666,4317,4349,5140,2568,2572,542,268,274,258,132,126,173,89,84,2553,1260,1293
MONTGOMERY COUNTY,339,32 Years,8577,4283,4294,5095,2561,2534,511,239,272,293,133,160,148,68,80,2530,1282,1248
MONTGOMERY COUNTY,339,33 Years,9033,4461,4572,5369,2680,2689,544,260,284,378,132,246,159,73,86,2583,1316,1267
MONTGOMERY COUNTY,339,34 Years,9074,4438,4636,5459,2675,2784,520,253,267,376,154,222,211,94,117,2508,1262,1246
MONTGOMERY COUNTY,339,35 Years,9227,4497,4730,5655,2715,2940,519,241,278,367,174,193,215,95,120,2471,1272,1199
MONTGOMERY COUNTY,339,36 Years,9231,4500,4731,5611,2692,2919,539,256,283,337,179,158,177,82,95,2567,1291,1276
MONTGOMERY COUNTY,339,37 Years,9276,4622,4654,5500,2713,2787,594,311,283,365,191,174,173,81,92,2644,1326,1318
MONTGOMERY COUNTY,339,38 Years,9576,4721,4855,5819,2851,2968,566,284,282,409,189,220,181,88,93,2601,1309,1292
MONTGOMERY COUNTY,339,39 Years,9856,4829,5027,5960,2918,3042,549,257,292,446,209,237,171,85,86,2730,1360,1370
MONTGOMERY COUNTY,339,40 Years,10091,4958,5133,6038,2948,3090,554,276,278,471,229,242,169,81,88,2859,1424,1435
MONTGOMERY COUNTY,339,41 Years,10073,4956,5117,5984,2924,3060,618,325,293,459,195,264,180,85,95,2832,1427,1405
MONTGOMERY COUNTY,339,42 Years,10003,4936,5067,5969,2911,3058,651,314,337,427,193,234,196,89,107,2760,1429,1331
MONTGOMERY COUNTY,339,43 Years,9710,4832,4878,5912,2920,2992,587,275,312,418,206,212,180,96,84,2613,1335,1278
MONTGOMERY COUNTY,339,44 Years,9462,4600,4862,5766,2799,2967,561,274,287,406,182,224,151,73,78,2578,1272,1306
MONTGOMERY COUNTY,339,45 Years,9446,4620,4826,5722,2825,2897,565,266,299,433,201,232,156,79,77,2570,1249,1321
MONTGOMERY COUNTY,339,46 Years,9341,4624,4717,5642,2821,2821,544,249,295,387,188,199,159,76,83,2609,1290,1319
MONTGOMERY COUNTY,339,47 Years,9401,4680,4721,5760,2902,2858,513,244,269,369,160,209,146,64,82,2613,1310,1303
MONTGOMERY COUNTY,339,48 Years,9362,4625,4737,5789,2901,2888,491,234,257,390,150,240,147,58,89,2545,1282,1263
MONTGOMERY COUNTY,339,49 Years,9330,4579,4751,5718,2851,2867,486,223,263,425,184,241,133,58,75,2568,1263,1305
MONTGOMERY COUNTY,339,50 Years,9627,4756,4871,6107,3039,3068,480,237,243,441,202,239,131,52,79,2468,1226,1242
MONTGOMERY COUNTY,339,51 Years,9960,4947,5013,6559,3283,3276,485,232,253,408,179,229,147,67,80,2361,1186,1175
MONTGOMERY COUNTY,339,52 Years,9976,4965,5011,6654,3326,3328,474,234,240,374,161,213,173,82,91,2301,1162,1139
MONTGOMERY COUNTY,339,53 Years,9493,4728,4765,6373,3186,3187,440,214,226,360,169,191,164,78,86,2156,1081,1075
MONTGOMERY COUNTY,339,54 Years,9067,4512,4555,6095,3051,3044,430,203,227,341,157,184,154,76,78,2047,1025,1022
MONTGOMERY COUNTY,339,55 Years,8841,4462,4379,6026,3038,2988,410,206,204,310,149,161,131,64,67,1964,1005,959
MONTGOMERY COUNTY,339,56 Years,8698,4363,4335,6038,2997,3041,408,196,212,299,143,156,121,57,64,1832,970,862
MONTGOMERY COUNTY,339,57 Years,8884,4394,4490,6248,3084,3164,413,189,224,301,131,170,126,57,69,1796,933,863
MONTGOMERY COUNTY,339,58 Years,8985,4414,4571,6443,3163,3280,394,183,211,300,123,177,126,61,65,1722,884,838
MONTGOMERY COUNTY,339,59 Years,8956,4368,4588,6566,3219,3347,397,165,232,278,120,158,117,53,64,1598,811,787
MONTGOMERY COUNTY,339,60 Years,8883,4348,4535,6640,3268,3372,375,156,219,259,111,148,121,51,70,1488,762,726
MONTGOMERY COUNTY,339,61 Years,8825,4296,4529,6656,3245,3411,369,168,201,243,101,142,128,60,68,1429,722,707
MONTGOMERY COUNTY,339,62 Years,8657,4245,4412,6635,3258,3377,349,161,188,230,110,120,128,65,63,1315,651,664
MONTGOMERY COUNTY,339,63 Years,8301,4067,4234,6498,3194,3304,304,144,160,200,95,105,119,59,60,1180,575,605
MONTGOMERY COUNTY,339,64 Years,8249,4064,4185,6528,3219,3309,294,138,156,195,82,113,109,58,51,1123,567,556
MONTGOMERY COUNTY,339,65 Years,7976,3968,4008,6327,3146,3181,310,151,159,198,80,118,101,52,49,1040,539,501
MONTGOMERY COUNTY,339,66 Years,7633,3737,3896,6054,2979,3075,320,160,160,175,75,100,116,51,65,968,472,496
MONTGOMERY COUNTY,339,67 Years,7282,3477,3805,5816,2785,3031,297,147,150,150,68,82,103,45,58,916,432,484
MONTGOMERY COUNTY,339,68 Years,6780,3209,3571,5508,2610,2898,253,116,137,137,70,67,90,42,48,792,371,421
MONTGOMERY COUNTY,339,69 Years,6433,3037,3396,5244,2483,2761,233,101,132,149,74,75,97,41,56,710,338,372
MONTGOMERY COUNTY,339,70 Years,6208,2893,3315,5113,2393,2720,227,95,132,145,65,80,87,38,49,636,302,334
MONTGOMERY COUNTY,339,71 Years,5831,2685,3146,4831,2236,2595,208,86,122,133,53,80,76,37,39,583,273,310
MONTGOMERY COUNTY,339,72 Years,5513,2556,2957,4586,2131,2455,194,84,110,122,55,67,66,30,36,545,256,289
MONTGOMERY COUNTY,339,73 Years,5328,2476,2852,4495,2091,2404,159,71,88,91,44,47,66,28,38,517,242,275
MONTGOMERY COUNTY,339,74 Years,5366,2480,2886,4581,2129,2452,156,78,78,90,39,51,57,23,34,482,211,271
MONTGOMERY COUNTY,339,75 Years,5184,2434,2750,4458,2101,2357,153,74,79,85,40,45,54,26,28,434,193,241
MONTGOMERY COUNTY,339,76 Years,4240,1968,2272,3652,1706,1946,115,52,63,70,34,36,49,21,28,354,155,199
MONTGOMERY COUNTY,339,77 Years,3775,1709,2066,3243,1483,1760,98,44,54,68,29,39,38,15,23,328,138,190
MONTGOMERY COUNTY,339,78 Years,3568,1599,1969,3103,1412,1691,87,37,50,74,27,47,32,13,19,272,110,162
MONTGOMERY COUNTY,339,79 Years,3366,1488,1878,2958,1329,1629,81,33,48,58,19,39,32,14,18,237,93,144
MONTGOMERY COUNTY,339,80 Years,3073,1314,1759,2715,1176,1539,72,30,42,46,13,33,29,13,16,211,82,129
MONTGOMERY COUNTY,339,81 Years,2684,1165,1519,2370,1036,1334,66,27,39,39,13,26,24,11,13,185,78,107
MONTGOMERY COUNTY,339,82 Years,2306,1006,1300,2028,888,1140,51,19,32,38,16,22,21,9,12,168,74,94
MONTGOMERY COUNTY,339,83 Years,2006,872,1134,1724,751,973,43,18,25,41,20,21,23,8,15,175,75,100
MONTGOMERY COUNTY,339,84 Years,1777,755,1022,1544,657,887,35,15,20,29,14,15,19,7,12,150,62,88
MONTGOMERY COUNTY,339,85 Years,1571,652,919,1385,577,808,28,8,20,23,10,13,14,6,8,121,51,70
MONTGOMERY COUNTY,339,86 Years,1365,552,813,1194,489,705,25,7,18,17,7,10,13,5,8,116,44,72
MONTGOMERY COUNTY,339,87 Years,1217,482,735,1068,428,640,25,9,16,13,5,8,10,4,6,101,36,65
MONTGOMERY COUNTY,339,88 Years,1057,402,655,911,355,556,31,8,23,14,4,10,15,5,10,86,30,56
MONTGOMERY COUNTY,339,89 Years,880,319,561,761,279,482,28,6,22,13,6,7,14,4,10,64,24,40
MONTGOMERY COUNTY,339,90 Years,754,280,474,650,244,406,21,6,15,11,5,6,11,4,7,61,21,40
MONTGOMERY COUNTY,339,91 Years,632,232,400,544,203,341,16,4,12,9,5,4,7,3,4,56,17,39
MONTGOMERY COUNTY,339,92 Years,544,182,362,467,159,308,13,4,9,7,3,4,6,2,4,51,14,37
MONTGOMERY COUNTY,339,93 Years,429,140,289,366,120,246,11,3,8,4,2,2,5,2,3,43,13,30
MONTGOMERY COUNTY,339,94 Years,340,107,233,292,93,199,9,2,7,4,2,2,4,1,3,31,9,22
MONTGOMERY COUNTY,339,95 Years +,815,211,604,691,178,513,25,4,21,16,6,10,10,4,6,73,19,54
MOORE COUNTY,341,All Ages,21148,10887,10261,6298,3108,3190,466,350,116,2123,1124,999,406,205,201,11855,6100,5755
MOORE COUNTY,341,< 1 Year,316,159,157,64,32,32,7,3,4,16,8,8,10,5,5,219,111,108
MOORE COUNTY,341,1 Years,301,153,148,66,34,32,4,2,2,21,11,10,8,4,4,202,102,100
MOORE COUNTY,341,2 Years,303,154,149,68,34,34,4,2,2,20,11,9,8,4,4,203,103,100
MOORE COUNTY,341,3 Years,353,180,173,59,30,29,6,3,3,15,7,8,6,5,1,267,135,132
MOORE COUNTY,341,4 Years,356,179,177,61,31,30,8,5,3,13,7,6,5,2,3,269,134,135
MOORE COUNTY,341,5 Years,364,178,186,66,32,34,7,4,3,12,6,6,8,2,6,271,134,137
MOORE COUNTY,341,6 Years,402,200,202,73,33,40,7,4,3,45,24,21,8,2,6,269,137,132
MOORE COUNTY,341,7 Years,468,230,238,78,34,44,5,2,3,102,50,52,10,4,6,273,140,133
MOORE COUNTY,341,8 Years,431,206,225,80,35,45,8,5,3,76,29,47,11,4,7,256,133,123
MOORE COUNTY,341,9 Years,404,188,216,76,35,41,9,5,4,65,24,41,9,3,6,245,121,124
MOORE COUNTY,341,10 Years,380,180,200,75,35,40,10,5,5,53,23,30,9,3,6,233,114,119
MOORE COUNTY,341,11 Years,357,175,182,72,33,39,7,4,3,45,23,22,8,4,4,225,111,114
MOORE COUNTY,341,12 Years,329,174,155,70,37,33,4,2,2,38,29,9,7,4,3,210,102,108
MOORE COUNTY,341,13 Years,336,183,153,79,40,39,7,3,4,39,28,11,4,3,1,207,109,98
MOORE COUNTY,341,14 Years,364,195,169,72,38,34,7,4,3,51,37,14,8,3,5,226,113,113
MOORE COUNTY,341,15 Years,364,203,161,81,44,37,4,3,1,54,40,14,10,2,8,215,114,101
MOORE COUNTY,341,16 Years,348,191,157,85,47,38,4,3,1,41,27,14,11,4,7,207,110,97
MOORE COUNTY,341,17 Years,349,189,160,83,46,37,6,4,2,42,31,11,8,3,5,210,105,105
MOORE COUNTY,341,18 Years,339,175,164,77,41,36,5,2,3,36,23,13,6,5,1,215,104,111
MOORE COUNTY,341,19 Years,329,167,162,75,40,35,3,2,1,32,19,13,5,3,2,214,103,111
MOORE COUNTY,341,20 Years,318,164,154,77,42,35,4,4,0,34,19,15,4,2,2,199,97,102
MOORE COUNTY,341,21 Years,315,167,148,74,41,33,5,2,3,36,19,17,5,2,3,195,103,92
MOORE COUNTY,341,22 Years,289,153,136,66,40,26,3,0,3,31,16,15,5,3,2,184,94,90
MOORE COUNTY,341,23 Years,258,138,120,60,35,25,5,3,2,25,11,14,4,3,1,164,86,78
MOORE COUNTY,341,24 Years,254,139,115,60,31,29,6,5,1,21,9,12,4,3,1,163,91,72
MOORE COUNTY,341,25 Years,271,147,124,62,32,30,11,8,3,29,16,13,3,2,1,166,89,77
MOORE COUNTY,341,26 Years,277,156,121,65,37,28,14,11,3,24,16,8,1,1,0,173,91,82
MOORE COUNTY,341,27 Years,296,165,131,73,40,33,18,15,3,23,13,10,2,1,1,180,96,84
MOORE COUNTY,341,28 Years,299,158,141,71,36,35,13,11,2,33,16,17,6,4,2,176,91,85
MOORE COUNTY,341,29 Years,299,156,143,75,37,38,8,8,0,29,12,17,7,5,2,180,94,86
MOORE COUNTY,341,30 Years,304,156,148,82,40,42,7,7,0,32,16,16,7,3,4,176,90,86
MOORE COUNTY,341,31 Years,300,158,142,80,40,40,9,7,2,41,24,17,3,2,1,167,85,82
MOORE COUNTY,341,32 Years,315,169,146,71,39,32,10,8,2,55,34,21,5,3,2,174,85,89
MOORE COUNTY,341,33 Years,296,162,134,70,35,35,5,4,1,52,30,22,3,1,2,166,92,74
MOORE COUNTY,341,34 Years,273,165,108,69,36,33,5,5,0,49,33,16,3,3,0,147,88,59
MOORE COUNTY,341,35 Years,272,148,124,66,32,34,6,5,1,52,23,29,3,3,0,145,85,60
MOORE COUNTY,341,36 Years,255,133,122,62,29,33,6,3,3,34,11,23,5,4,1,148,86,62
MOORE COUNTY,341,37 Years,250,131,119,59,28,31,5,4,1,38,13,25,3,3,0,145,83,62
MOORE COUNTY,341,38 Years,263,143,120,65,34,31,8,7,1,33,17,16,4,2,2,153,83,70
MOORE COUNTY,341,39 Years,280,151,129,72,34,38,9,8,1,40,28,12,6,2,4,153,79,74
MOORE COUNTY,341,40 Years,286,153,133,79,40,39,14,12,2,39,28,11,6,2,4,148,71,77
MOORE COUNTY,341,41 Years,260,143,117,69,31,38,20,19,1,30,19,11,4,2,2,137,72,65
MOORE COUNTY,341,42 Years,241,133,108,65,28,37,17,17,0,30,18,12,4,4,0,125,66,59
MOORE COUNTY,341,43 Years,233,125,108,72,37,35,14,14,0,23,11,12,5,2,3,119,61,58
MOORE COUNTY,341,44 Years,249,128,121,75,37,38,13,13,0,23,12,11,6,2,4,132,64,68
MOORE COUNTY,341,45 Years,238,128,110,69,33,36,12,12,0,26,15,11,4,2,2,127,66,61
MOORE COUNTY,341,46 Years,227,119,108,70,36,34,7,6,1,26,13,13,3,2,1,121,62,59
MOORE COUNTY,341,47 Years,239,123,116,68,35,33,8,6,2,27,14,13,3,2,1,133,66,67
MOORE COUNTY,341,48 Years,218,113,105,67,35,32,4,4,0,20,11,9,4,1,3,123,62,61
MOORE COUNTY,341,49 Years,219,112,107,64,33,31,5,3,2,23,11,12,4,1,3,123,64,59
MOORE COUNTY,341,50 Years,210,111,99,70,37,33,4,3,1,20,11,9,5,2,3,111,58,53
MOORE COUNTY,341,51 Years,224,116,108,78,41,37,2,2,0,22,8,14,4,2,2,118,63,55
MOORE COUNTY,341,52 Years,240,126,114,89,47,42,5,3,2,18,8,10,2,1,1,126,67,59
MOORE COUNTY,341,53 Years,231,123,108,89,43,46,4,3,1,12,7,5,1,1,0,125,69,56
MOORE COUNTY,341,54 Years,217,112,105,75,33,42,4,3,1,13,8,5,3,3,0,122,65,57
MOORE COUNTY,341,55 Years,209,111,98,69,35,34,4,3,1,11,6,5,4,4,0,121,63,58
MOORE COUNTY,341,56 Years,211,124,87,74,44,30,5,3,2,8,4,4,3,3,0,121,70,51
MOORE COUNTY,341,57 Years,214,125,89,77,44,33,3,2,1,10,7,3,4,3,1,120,69,51
MOORE COUNTY,341,58 Years,214,111,103,79,39,40,3,2,1,18,9,9,5,3,2,109,58,51
MOORE COUNTY,341,59 Years,222,112,110,78,37,41,3,2,1,16,7,9,2,2,0,123,64,59
MOORE COUNTY,341,60 Years,205,105,100,78,41,37,3,2,1,12,6,6,3,1,2,109,55,54
MOORE COUNTY,341,61 Years,191,98,93,81,40,41,4,3,1,11,6,5,5,1,4,90,48,42
MOORE COUNTY,341,62 Years,196,100,96,87,40,47,6,5,1,10,7,3,6,2,4,87,46,41
MOORE COUNTY,341,63 Years,194,91,103,92,43,49,2,1,1,12,6,6,6,4,2,82,37,45
MOORE COUNTY,341,64 Years,198,96,102,101,51,50,2,1,1,11,4,7,5,3,2,79,37,42
MOORE COUNTY,341,65 Years,194,95,99,99,49,50,2,1,1,8,2,6,5,2,3,80,41,39
MOORE COUNTY,341,66 Years,190,88,102,94,44,50,1,1,0,7,2,5,5,2,3,83,39,44
MOORE COUNTY,341,67 Years,195,93,102,98,47,51,1,1,0,9,3,6,5,2,3,82,40,42
MOORE COUNTY,341,68 Years,181,89,92,90,41,49,1,1,0,11,4,7,7,4,3,72,39,33
MOORE COUNTY,341,69 Years,158,76,82,86,39,47,1,1,0,8,3,5,5,2,3,58,31,27
MOORE COUNTY,341,70 Years,158,69,89,86,39,47,1,1,0,12,3,9,3,1,2,56,25,31
MOORE COUNTY,341,71 Years,152,64,88,86,39,47,1,1,0,14,2,12,3,1,2,48,21,27
MOORE COUNTY,341,72 Years,141,66,75,74,33,41,1,1,0,8,3,5,3,2,1,55,27,28
MOORE COUNTY,341,73 Years,130,63,67,70,31,39,2,2,0,3,2,1,2,1,1,53,27,26
MOORE COUNTY,341,74 Years,123,58,65,69,29,40,1,1,0,1,1,0,4,3,1,48,24,24
MOORE COUNTY,341,75 Years,112,53,59,64,30,34,0,0,0,2,1,1,4,3,1,42,19,23
MOORE COUNTY,341,76 Years,94,43,51,52,26,26,0,0,0,3,0,3,3,1,2,36,16,20
MOORE COUNTY,341,77 Years,84,41,43,49,24,25,1,1,0,2,1,1,1,0,1,31,15,16
MOORE COUNTY,341,78 Years,80,36,44,55,26,29,0,0,0,2,0,2,1,0,1,22,10,12
MOORE COUNTY,341,79 Years,69,30,39,47,21,26,0,0,0,4,1,3,0,0,0,18,8,10
MOORE COUNTY,341,80 Years,68,28,40,46,20,26,1,0,1,4,1,3,0,0,0,17,7,10
MOORE COUNTY,341,81 Years,66,26,40,44,19,25,1,0,1,3,1,2,2,0,2,16,6,10
MOORE COUNTY,341,82 Years,65,30,35,41,19,22,1,1,0,3,0,3,2,1,1,18,9,9
MOORE COUNTY,341,83 Years,59,26,33,41,18,23,1,1,0,3,1,2,0,0,0,14,6,8
MOORE COUNTY,341,84 Years,53,19,34,38,15,23,0,0,0,3,0,3,0,0,0,12,4,8
MOORE COUNTY,341,85 Years,47,18,29,33,14,19,1,0,1,2,0,2,0,0,0,11,4,7
MOORE COUNTY,341,86 Years,41,17,24,27,11,16,1,0,1,2,0,2,0,0,0,11,6,5
MOORE COUNTY,341,87 Years,40,17,23,27,11,16,0,0,0,3,0,3,1,0,1,9,6,3
MOORE COUNTY,341,88 Years,32,17,15,22,10,12,0,0,0,1,1,0,1,1,0,8,5,3
MOORE COUNTY,341,89 Years,27,13,14,20,9,11,0,0,0,1,1,0,0,0,0,6,3,3
MOORE COUNTY,341,90 Years,27,14,13,20,9,11,0,0,0,1,1,0,1,0,1,5,4,1
MOORE COUNTY,341,91 Years,23,11,12,16,7,9,0,0,0,1,0,1,1,0,1,5,4,1
MOORE COUNTY,341,92 Years,21,9,12,13,5,8,0,0,0,2,0,2,1,1,0,5,3,2
MOORE COUNTY,341,93 Years,14,6,8,10,4,6,0,0,0,1,0,1,1,1,0,2,1,1
MOORE COUNTY,341,94 Years,13,5,8,9,4,5,0,0,0,0,0,0,1,0,1,3,1,2
MOORE COUNTY,341,95 Years +,28,11,17,18,6,12,0,0,0,1,1,0,1,1,0,8,3,5
MORRIS COUNTY,343,All Ages,12071,5801,6270,7645,3682,3963,2665,1242,1423,43,16,27,445,222,223,1273,639,634
MORRIS COUNTY,343,< 1 Year,139,70,69,71,38,33,29,14,15,1,0,1,10,5,5,28,13,15
MORRIS COUNTY,343,1 Years,137,72,65,69,36,33,31,16,15,1,1,0,7,4,3,29,15,14
MORRIS COUNTY,343,2 Years,141,72,69,71,36,35,32,16,16,1,1,0,7,4,3,30,15,15
MORRIS COUNTY,343,3 Years,146,78,68,74,41,33,29,13,16,1,0,1,10,8,2,32,16,16
MORRIS COUNTY,343,4 Years,150,80,70,75,41,34,30,15,15,1,1,0,12,8,4,32,15,17
MORRIS COUNTY,343,5 Years,149,81,68,74,41,33,31,16,15,1,1,0,12,8,4,31,15,16
MORRIS COUNTY,343,6 Years,151,84,67,76,41,35,33,20,13,1,1,0,14,8,6,27,14,13
MORRIS COUNTY,343,7 Years,147,82,65,73,38,35,33,21,12,1,1,0,15,8,7,25,14,11
MORRIS COUNTY,343,8 Years,146,76,70,73,36,37,32,19,13,1,0,1,16,9,7,24,12,12
MORRIS COUNTY,343,9 Years,146,72,74,75,35,40,32,19,13,1,0,1,13,7,6,25,11,14
MORRIS COUNTY,343,10 Years,149,75,74,81,39,42,35,21,14,1,0,1,8,4,4,24,11,13
MORRIS COUNTY,343,11 Years,148,79,69,82,40,42,34,22,12,1,0,1,7,5,2,24,12,12
MORRIS COUNTY,343,12 Years,156,79,77,84,40,44,35,21,14,1,0,1,10,7,3,26,11,15
MORRIS COUNTY,343,13 Years,163,84,79,83,40,43,36,21,15,0,0,0,14,9,5,30,14,16
MORRIS COUNTY,343,14 Years,157,81,76,82,41,41,35,19,16,2,0,2,12,7,5,26,14,12
MORRIS COUNTY,343,15 Years,169,85,84,93,45,48,36,19,17,1,0,1,11,6,5,28,15,13
MORRIS COUNTY,343,16 Years,178,82,96,103,49,54,29,11,18,0,0,0,11,4,7,35,18,17
MORRIS COUNTY,343,17 Years,149,65,84,83,40,43,34,14,20,0,0,0,6,1,5,26,10,16
MORRIS COUNTY,343,18 Years,164,80,84,97,50,47,36,16,20,1,1,0,7,4,3,23,9,14
MORRIS COUNTY,343,19 Years,154,84,70,85,46,39,38,21,17,1,1,0,5,3,2,25,13,12
MORRIS COUNTY,343,20 Years,133,69,64,74,40,34,31,15,16,0,0,0,8,3,5,20,11,9
MORRIS COUNTY,343,21 Years,128,69,59,77,42,35,31,18,13,0,0,0,5,1,4,15,8,7
MORRIS COUNTY,343,22 Years,124,64,60,69,36,33,28,14,14,1,1,0,6,2,4,20,11,9
MORRIS COUNTY,343,23 Years,117,60,57,58,32,26,24,11,13,1,1,0,10,3,7,24,13,11
MORRIS COUNTY,343,24 Years,121,66,55,65,36,29,28,16,12,0,0,0,8,4,4,20,10,10
MORRIS COUNTY,343,25 Years,121,60,61,63,32,31,32,16,16,1,0,1,6,3,3,19,9,10
MORRIS COUNTY,343,26 Years,135,65,70,69,36,33,43,18,25,3,0,3,5,3,2,15,8,7
MORRIS COUNTY,343,27 Years,142,70,72,71,38,33,50,22,28,1,0,1,3,1,2,17,9,8
MORRIS COUNTY,343,28 Years,127,64,63,63,31,32,40,20,20,0,0,0,4,2,2,20,11,9
MORRIS COUNTY,343,29 Years,124,62,62,63,30,33,37,20,17,0,0,0,4,3,1,20,9,11
MORRIS COUNTY,343,30 Years,140,73,67,76,38,38,40,22,18,0,0,0,3,2,1,21,11,10
MORRIS COUNTY,343,31 Years,138,68,70,78,38,40,36,18,18,1,0,1,4,2,2,19,10,9
MORRIS COUNTY,343,32 Years,127,59,68,74,35,39,38,18,20,0,0,0,2,1,1,13,5,8
MORRIS COUNTY,343,33 Years,146,67,79,85,34,51,39,20,19,2,2,0,3,1,2,17,10,7
MORRIS COUNTY,343,34 Years,141,74,67,87,44,43,33,19,14,1,1,0,4,1,3,16,9,7
MORRIS COUNTY,343,35 Years,124,68,56,80,44,36,30,18,12,0,0,0,3,1,2,11,5,6
MORRIS COUNTY,343,36 Years,119,56,63,78,36,42,28,14,14,0,0,0,2,1,1,11,5,6
MORRIS COUNTY,343,37 Years,119,57,62,79,34,45,26,14,12,0,0,0,1,1,0,13,8,5
MORRIS COUNTY,343,38 Years,123,59,64,80,36,44,26,14,12,0,0,0,2,2,0,15,7,8
MORRIS COUNTY,343,39 Years,131,63,68,84,38,46,27,13,14,0,0,0,4,3,1,16,9,7
MORRIS COUNTY,343,40 Years,130,66,64,82,40,42,31,15,16,0,0,0,4,3,1,13,8,5
MORRIS COUNTY,343,41 Years,135,68,67,84,43,41,34,15,19,1,1,0,4,2,2,12,7,5
MORRIS COUNTY,343,42 Years,126,59,67,80,39,41,30,12,18,1,1,0,2,0,2,13,7,6
MORRIS COUNTY,343,43 Years,127,64,63,84,46,38,32,13,19,0,0,0,1,0,1,10,5,5
MORRIS COUNTY,343,44 Years,126,59,67,83,40,43,31,14,17,0,0,0,2,1,1,10,4,6
MORRIS COUNTY,343,45 Years,113,51,62,76,35,41,24,12,12,0,0,0,1,0,1,12,4,8
MORRIS COUNTY,343,46 Years,119,51,68,77,34,43,28,11,17,0,0,0,1,1,0,13,5,8
MORRIS COUNTY,343,47 Years,139,60,79,86,40,46,32,12,20,0,0,0,4,1,3,17,7,10
MORRIS COUNTY,343,48 Years,130,54,76,86,38,48,28,9,19,0,0,0,2,0,2,14,7,7
MORRIS COUNTY,343,49 Years,131,57,74,86,38,48,25,8,17,0,0,0,5,5,0,15,6,9
MORRIS COUNTY,343,50 Years,130,58,72,86,35,51,26,12,14,0,0,0,5,3,2,13,8,5
MORRIS COUNTY,343,51 Years,133,67,66,87,43,44,30,15,15,0,0,0,5,3,2,11,6,5
MORRIS COUNTY,343,52 Years,147,68,79,98,43,55,32,16,16,0,0,0,5,3,2,12,6,6
MORRIS COUNTY,343,53 Years,151,65,86,98,41,57,34,17,17,0,0,0,3,1,2,16,6,10
MORRIS COUNTY,343,54 Years,140,58,82,91,42,49,28,10,18,2,0,2,4,1,3,15,5,10
MORRIS COUNTY,343,55 Years,132,62,70,82,40,42,28,11,17,0,0,0,8,5,3,14,6,8
MORRIS COUNTY,343,56 Years,137,65,72,93,46,47,28,10,18,0,0,0,7,3,4,9,6,3
MORRIS COUNTY,343,57 Years,153,72,81,110,56,54,32,11,21,0,0,0,4,0,4,7,5,2
MORRIS COUNTY,343,58 Years,155,76,79,111,57,54,32,13,19,1,0,1,4,2,2,7,4,3
MORRIS COUNTY,343,59 Years,155,77,78,109,54,55,31,15,16,1,0,1,2,2,0,12,6,6
MORRIS COUNTY,343,60 Years,159,72,87,108,50,58,36,15,21,0,0,0,6,2,4,9,5,4
MORRIS COUNTY,343,61 Years,172,75,97,118,52,66,40,15,25,1,1,0,5,2,3,8,5,3
MORRIS COUNTY,343,62 Years,175,81,94,126,61,65,40,17,23,0,0,0,3,1,2,6,2,4
MORRIS COUNTY,343,63 Years,190,86,104,124,61,63,50,20,30,0,0,0,4,0,4,12,5,7
MORRIS COUNTY,343,64 Years,180,81,99,115,56,59,54,21,33,0,0,0,3,1,2,8,3,5
MORRIS COUNTY,343,65 Years,174,73,101,119,51,68,45,19,26,0,0,0,4,0,4,6,3,3
MORRIS COUNTY,343,66 Years,183,80,103,125,55,70,40,17,23,1,0,1,5,1,4,12,7,5
MORRIS COUNTY,343,67 Years,183,82,101,134,62,72,36,13,23,0,0,0,4,2,2,9,5,4
MORRIS COUNTY,343,68 Years,173,80,93,130,59,71,31,13,18,1,0,1,4,3,1,7,5,2
MORRIS COUNTY,343,69 Years,170,89,81,126,66,60,31,14,17,0,0,0,3,1,2,10,8,2
MORRIS COUNTY,343,70 Years,169,81,88,126,61,65,32,12,20,0,0,0,4,3,1,7,5,2
MORRIS COUNTY,343,71 Years,155,72,83,115,53,62,29,12,17,0,0,0,4,3,1,7,4,3
MORRIS COUNTY,343,72 Years,137,63,74,104,50,54,26,11,15,0,0,0,2,0,2,5,2,3
MORRIS COUNTY,343,73 Years,141,63,78,105,49,56,25,9,16,0,0,0,5,2,3,6,3,3
MORRIS COUNTY,343,74 Years,139,62,77,105,49,56,28,11,17,0,0,0,4,1,3,2,1,1
MORRIS COUNTY,343,75 Years,127,61,66,97,48,49,22,9,13,1,0,1,3,1,2,4,3,1
MORRIS COUNTY,343,76 Years,107,52,55,82,42,40,20,7,13,1,0,1,0,0,0,4,3,1
MORRIS COUNTY,343,77 Years,105,44,61,84,38,46,16,6,10,1,0,1,1,0,1,3,0,3
MORRIS COUNTY,343,78 Years,98,43,55,81,36,45,14,6,8,0,0,0,2,0,2,1,1,0
MORRIS COUNTY,343,79 Years,93,45,48,77,36,41,14,8,6,0,0,0,1,0,1,1,1,0
MORRIS COUNTY,343,80 Years,87,43,44,71,34,37,14,8,6,0,0,0,1,0,1,1,1,0
MORRIS COUNTY,343,81 Years,83,40,43,69,33,36,11,5,6,0,0,0,2,1,1,1,1,0
MORRIS COUNTY,343,82 Years,70,31,39,57,26,31,9,3,6,0,0,0,2,1,1,2,1,1
MORRIS COUNTY,343,83 Years,65,26,39,55,23,32,8,2,6,1,0,1,1,1,0,0,0,0
MORRIS COUNTY,343,84 Years,62,24,38,53,22,31,8,2,6,1,0,1,0,0,0,0,0,0
MORRIS COUNTY,343,85 Years,63,26,37,54,23,31,7,2,5,0,0,0,1,1,0,1,0,1
MORRIS COUNTY,343,86 Years,55,26,29,48,24,24,7,2,5,0,0,0,0,0,0,0,0,0
MORRIS COUNTY,343,87 Years,45,20,25,37,18,19,6,2,4,0,0,0,1,0,1,1,0,1
MORRIS COUNTY,343,88 Years,34,14,20,26,11,15,5,2,3,0,0,0,1,0,1,2,1,1
MORRIS COUNTY,343,89 Years,29,10,19,23,9,14,5,1,4,0,0,0,1,0,1,0,0,0
MORRIS COUNTY,343,90 Years,26,9,17,20,8,12,5,1,4,0,0,0,1,0,1,0,0,0
MORRIS COUNTY,343,91 Years,19,8,11,15,6,9,3,1,2,0,0,0,0,0,0,1,1,0
MORRIS COUNTY,343,92 Years,16,6,10,12,4,8,4,2,2,0,0,0,0,0,0,0,0,0
MORRIS COUNTY,343,93 Years,12,5,7,8,3,5,4,2,2,0,0,0,0,0,0,0,0,0
MORRIS COUNTY,343,94 Years,13,6,7,9,4,5,4,2,2,0,0,0,0,0,0,0,0,0
MORRIS COUNTY,343,95 Years +,34,11,23,21,6,15,13,5,8,0,0,0,0,0,0,0,0,0
MOTLEY COUNTY,345,All Ages,1020,507,513,821,399,422,13,6,7,0,0,0,1,1,0,185,101,84
MOTLEY COUNTY,345,< 1 Year,11,6,5,8,5,3,0,0,0,0,0,0,0,0,0,3,1,2
MOTLEY COUNTY,345,1 Years,10,6,4,7,4,3,0,0,0,0,0,0,0,0,0,3,2,1
MOTLEY COUNTY,345,2 Years,10,6,4,7,4,3,0,0,0,0,0,0,0,0,0,3,2,1
MOTLEY COUNTY,345,3 Years,14,7,7,10,5,5,0,0,0,0,0,0,0,0,0,4,2,2
MOTLEY COUNTY,345,4 Years,14,7,7,10,5,5,0,0,0,0,0,0,0,0,0,4,2,2
MOTLEY COUNTY,345,5 Years,13,6,7,9,4,5,0,0,0,0,0,0,0,0,0,4,2,2
MOTLEY COUNTY,345,6 Years,11,4,7,7,2,5,0,0,0,0,0,0,0,0,0,4,2,2
MOTLEY COUNTY,345,7 Years,9,4,5,5,2,3,0,0,0,0,0,0,0,0,0,4,2,2
MOTLEY COUNTY,345,8 Years,7,3,4,4,2,2,0,0,0,0,0,0,0,0,0,3,1,2
MOTLEY COUNTY,345,9 Years,9,4,5,6,3,3,0,0,0,0,0,0,0,0,0,3,1,2
MOTLEY COUNTY,345,10 Years,10,5,5,6,3,3,0,0,0,0,0,0,0,0,0,4,2,2
MOTLEY COUNTY,345,11 Years,10,5,5,8,4,4,0,0,0,0,0,0,0,0,0,2,1,1
MOTLEY COUNTY,345,12 Years,11,8,3,7,5,2,0,0,0,0,0,0,0,0,0,4,3,1
MOTLEY COUNTY,345,13 Years,9,6,3,4,2,2,0,0,0,0,0,0,0,0,0,5,4,1
MOTLEY COUNTY,345,14 Years,13,5,8,8,3,5,0,0,0,0,0,0,0,0,0,5,2,3
MOTLEY COUNTY,345,15 Years,19,9,10,13,6,7,0,0,0,0,0,0,0,0,0,6,3,3
MOTLEY COUNTY,345,16 Years,15,8,7,12,6,6,0,0,0,0,0,0,0,0,0,3,2,1
MOTLEY COUNTY,345,17 Years,14,9,5,10,7,3,1,0,1,0,0,0,0,0,0,3,2,1
MOTLEY COUNTY,345,18 Years,9,7,2,7,5,2,0,0,0,0,0,0,0,0,0,2,2,0
MOTLEY COUNTY,345,19 Years,13,7,6,9,5,4,0,0,0,0,0,0,0,0,0,4,2,2
MOTLEY COUNTY,345,20 Years,12,5,7,8,3,5,0,0,0,0,0,0,0,0,0,4,2,2
MOTLEY COUNTY,345,21 Years,10,5,5,7,3,4,0,0,0,0,0,0,0,0,0,3,2,1
MOTLEY COUNTY,345,22 Years,9,5,4,6,3,3,0,0,0,0,0,0,0,0,0,3,2,1
MOTLEY COUNTY,345,23 Years,8,3,5,6,2,4,0,0,0,0,0,0,0,0,0,2,1,1
MOTLEY COUNTY,345,24 Years,8,4,4,6,3,3,0,0,0,0,0,0,0,0,0,2,1,1
MOTLEY COUNTY,345,25 Years,9,4,5,7,3,4,0,0,0,0,0,0,0,0,0,2,1,1
MOTLEY COUNTY,345,26 Years,8,4,4,6,3,3,0,0,0,0,0,0,0,0,0,2,1,1
MOTLEY COUNTY,345,27 Years,8,4,4,6,2,4,0,0,0,0,0,0,0,0,0,2,2,0
MOTLEY COUNTY,345,28 Years,9,6,3,7,4,3,0,0,0,0,0,0,0,0,0,2,2,0
MOTLEY COUNTY,345,29 Years,11,7,4,9,5,4,1,1,0,0,0,0,0,0,0,1,1,0
MOTLEY COUNTY,345,30 Years,9,4,5,7,3,4,0,0,0,0,0,0,0,0,0,2,1,1
MOTLEY COUNTY,345,31 Years,8,3,5,6,2,4,0,0,0,0,0,0,0,0,0,2,1,1
MOTLEY COUNTY,345,32 Years,6,3,3,4,2,2,0,0,0,0,0,0,0,0,0,2,1,1
MOTLEY COUNTY,345,33 Years,8,5,3,4,2,2,0,0,0,0,0,0,0,0,0,4,3,1
MOTLEY COUNTY,345,34 Years,7,5,2,4,3,1,0,0,0,0,0,0,0,0,0,3,2,1
MOTLEY COUNTY,345,35 Years,16,9,7,11,5,6,2,2,0,0,0,0,0,0,0,3,2,1
MOTLEY COUNTY,345,36 Years,13,6,7,11,5,6,1,1,0,0,0,0,0,0,0,1,0,1
MOTLEY COUNTY,345,37 Years,11,4,7,8,3,5,1,1,0,0,0,0,0,0,0,2,0,2
MOTLEY COUNTY,345,38 Years,7,4,3,4,2,2,0,0,0,0,0,0,0,0,0,3,2,1
MOTLEY COUNTY,345,39 Years,6,3,3,3,1,2,0,0,0,0,0,0,0,0,0,3,2,1
MOTLEY COUNTY,345,40 Years,5,2,3,3,1,2,0,0,0,0,0,0,0,0,0,2,1,1
MOTLEY COUNTY,345,41 Years,7,3,4,5,2,3,0,0,0,0,0,0,0,0,0,2,1,1
MOTLEY COUNTY,345,42 Years,10,4,6,8,3,5,0,0,0,0,0,0,0,0,0,2,1,1
MOTLEY COUNTY,345,43 Years,8,3,5,6,2,4,0,0,0,0,0,0,0,0,0,2,1,1
MOTLEY COUNTY,345,44 Years,7,4,3,6,3,3,0,0,0,0,0,0,0,0,0,1,1,0
MOTLEY COUNTY,345,45 Years,8,1,7,6,1,5,0,0,0,0,0,0,0,0,0,2,0,2
MOTLEY COUNTY,345,46 Years,7,3,4,6,3,3,0,0,0,0,0,0,0,0,0,1,0,1
MOTLEY COUNTY,345,47 Years,9,4,5,7,4,3,0,0,0,0,0,0,0,0,0,2,0,2
MOTLEY COUNTY,345,48 Years,13,6,7,11,5,6,0,0,0,0,0,0,0,0,0,2,1,1
MOTLEY COUNTY,345,49 Years,12,5,7,10,4,6,0,0,0,0,0,0,0,0,0,2,1,1
MOTLEY COUNTY,345,50 Years,13,8,5,11,7,4,0,0,0,0,0,0,0,0,0,2,1,1
MOTLEY COUNTY,345,51 Years,18,10,8,14,7,7,0,0,0,0,0,0,0,0,0,4,3,1
MOTLEY COUNTY,345,52 Years,12,5,7,10,4,6,0,0,0,0,0,0,0,0,0,2,1,1
MOTLEY COUNTY,345,53 Years,10,6,4,7,5,2,0,0,0,0,0,0,0,0,0,3,1,2
MOTLEY COUNTY,345,54 Years,6,4,2,4,3,1,0,0,0,0,0,0,0,0,0,2,1,1
MOTLEY COUNTY,345,55 Years,6,2,4,3,1,2,1,0,1,0,0,0,0,0,0,2,1,1
MOTLEY COUNTY,345,56 Years,8,6,2,6,5,1,1,0,1,0,0,0,0,0,0,1,1,0
MOTLEY COUNTY,345,57 Years,10,6,4,9,5,4,0,0,0,0,0,0,1,1,0,0,0,0
MOTLEY COUNTY,345,58 Years,12,8,4,11,7,4,0,0,0,0,0,0,0,0,0,1,1,0
MOTLEY COUNTY,345,59 Years,13,8,5,11,7,4,0,0,0,0,0,0,0,0,0,2,1,1
MOTLEY COUNTY,345,60 Years,17,10,7,14,9,5,0,0,0,0,0,0,0,0,0,3,1,2
MOTLEY COUNTY,345,61 Years,16,10,6,14,9,5,0,0,0,0,0,0,0,0,0,2,1,1
MOTLEY COUNTY,345,62 Years,14,9,5,13,8,5,0,0,0,0,0,0,0,0,0,1,1,0
MOTLEY COUNTY,345,63 Years,15,10,5,15,10,5,0,0,0,0,0,0,0,0,0,0,0,0
MOTLEY COUNTY,345,64 Years,16,7,9,15,7,8,0,0,0,0,0,0,0,0,0,1,0,1
MOTLEY COUNTY,345,65 Years,15,7,8,14,7,7,0,0,0,0,0,0,0,0,0,1,0,1
MOTLEY COUNTY,345,66 Years,18,6,12,17,6,11,0,0,0,0,0,0,0,0,0,1,0,1
MOTLEY COUNTY,345,67 Years,17,7,10,17,7,10,0,0,0,0,0,0,0,0,0,0,0,0
MOTLEY COUNTY,345,68 Years,14,7,7,13,6,7,0,0,0,0,0,0,0,0,0,1,1,0
MOTLEY COUNTY,345,69 Years,20,7,13,18,7,11,1,0,1,0,0,0,0,0,0,1,0,1
MOTLEY COUNTY,345,70 Years,28,9,19,26,9,17,1,0,1,0,0,0,0,0,0,1,0,1
MOTLEY COUNTY,345,71 Years,22,7,15,20,6,14,0,0,0,0,0,0,0,0,0,2,1,1
MOTLEY COUNTY,345,72 Years,18,7,11,17,6,11,0,0,0,0,0,0,0,0,0,1,1,0
MOTLEY COUNTY,345,73 Years,18,10,8,15,8,7,0,0,0,0,0,0,0,0,0,3,2,1
MOTLEY COUNTY,345,74 Years,11,7,4,9,5,4,0,0,0,0,0,0,0,0,0,2,2,0
MOTLEY COUNTY,345,75 Years,12,6,6,11,5,6,0,0,0,0,0,0,0,0,0,1,1,0
MOTLEY COUNTY,345,76 Years,13,8,5,12,7,5,0,0,0,0,0,0,0,0,0,1,1,0
MOTLEY COUNTY,345,77 Years,16,11,5,14,9,5,1,1,0,0,0,0,0,0,0,1,1,0
MOTLEY COUNTY,345,78 Years,17,9,8,16,9,7,0,0,0,0,0,0,0,0,0,1,0,1
MOTLEY COUNTY,345,79 Years,17,8,9,16,8,8,0,0,0,0,0,0,0,0,0,1,0,1
MOTLEY COUNTY,345,80 Years,14,5,9,13,5,8,1,0,1,0,0,0,0,0,0,0,0,0
MOTLEY COUNTY,345,81 Years,10,3,7,9,3,6,1,0,1,0,0,0,0,0,0,0,0,0
MOTLEY COUNTY,345,82 Years,9,3,6,8,3,5,0,0,0,0,0,0,0,0,0,1,0,1
MOTLEY COUNTY,345,83 Years,8,4,4,7,3,4,0,0,0,0,0,0,0,0,0,1,1,0
MOTLEY COUNTY,345,84 Years,5,2,3,5,2,3,0,0,0,0,0,0,0,0,0,0,0,0
MOTLEY COUNTY,345,85 Years,5,2,3,5,2,3,0,0,0,0,0,0,0,0,0,0,0,0
MOTLEY COUNTY,345,86 Years,5,2,3,5,2,3,0,0,0,0,0,0,0,0,0,0,0,0
MOTLEY COUNTY,345,87 Years,3,1,2,3,1,2,0,0,0,0,0,0,0,0,0,0,0,0
MOTLEY COUNTY,345,88 Years,3,2,1,3,2,1,0,0,0,0,0,0,0,0,0,0,0,0
MOTLEY COUNTY,345,89 Years,2,1,1,2,1,1,0,0,0,0,0,0,0,0,0,0,0,0
MOTLEY COUNTY,345,90 Years,3,1,2,3,1,2,0,0,0,0,0,0,0,0,0,0,0,0
MOTLEY COUNTY,345,91 Years,2,1,1,2,1,1,0,0,0,0,0,0,0,0,0,0,0,0
MOTLEY COUNTY,345,92 Years,2,1,1,2,1,1,0,0,0,0,0,0,0,0,0,0,0,0
MOTLEY COUNTY,345,93 Years,3,1,2,3,1,2,0,0,0,0,0,0,0,0,0,0,0,0
MOTLEY COUNTY,345,94 Years,0,0,0,0,0,0,0,0,0,0,0,0,0,0,0,0,0,0
MOTLEY COUNTY,345,95 Years +,4,3,1,4,3,1,0,0,0,0,0,0,0,0,0,0,0,0
NACOGDOCHES COUNTY,347,All Ages,65441,31277,34164,37830,18109,19721,11511,5178,6333,1084,454,630,1702,822,880,13314,6714,6600
NACOGDOCHES COUNTY,347,< 1 Year,1013,519,494,478,245,233,173,90,83,9,5,4,55,29,26,298,150,148
NACOGDOCHES COUNTY,347,1 Years,1042,531,511,495,253,242,186,94,92,11,6,5,45,22,23,305,156,149
NACOGDOCHES COUNTY,347,2 Years,991,506,485,470,240,230,175,90,85,10,5,5,43,22,21,293,149,144
NACOGDOCHES COUNTY,347,3 Years,853,435,418,370,194,176,152,76,76,7,3,4,45,21,24,279,141,138
NACOGDOCHES COUNTY,347,4 Years,804,410,394,329,176,153,146,75,71,6,3,3,49,21,28,274,135,139
NACOGDOCHES COUNTY,347,5 Years,803,416,387,330,178,152,145,79,66,6,3,3,52,24,28,270,132,138
NACOGDOCHES COUNTY,347,6 Years,811,425,386,330,174,156,151,83,68,9,4,5,58,32,26,263,132,131
NACOGDOCHES COUNTY,347,7 Years,833,429,404,337,170,167,154,80,74,12,6,6,64,35,29,266,138,128
NACOGDOCHES COUNTY,347,8 Years,842,433,409,353,176,177,146,73,73,14,9,5,57,28,29,272,147,125
NACOGDOCHES COUNTY,347,9 Years,841,434,407,355,176,179,142,72,70,13,9,4,49,24,25,282,153,129
NACOGDOCHES COUNTY,347,10 Years,841,431,410,353,171,182,143,73,70,11,8,3,44,23,21,290,156,134
NACOGDOCHES COUNTY,347,11 Years,843,429,414,349,171,178,152,79,73,11,5,6,38,18,20,293,156,137
NACOGDOCHES COUNTY,347,12 Years,817,404,413,341,172,169,152,74,78,13,3,10,33,17,16,278,138,140
NACOGDOCHES COUNTY,347,13 Years,889,417,472,383,173,210,194,91,103,14,4,10,35,19,16,263,130,133
NACOGDOCHES COUNTY,347,14 Years,896,436,460,390,186,204,194,88,106,10,5,5,25,12,13,277,145,132
NACOGDOCHES COUNTY,347,15 Years,799,404,395,366,187,179,147,71,76,9,4,5,23,9,14,254,133,121
NACOGDOCHES COUNTY,347,16 Years,768,399,369,358,188,170,127,69,58,11,6,5,23,8,15,249,128,121
NACOGDOCHES COUNTY,347,17 Years,761,398,363,343,190,153,120,63,57,14,8,6,25,12,13,259,125,134
NACOGDOCHES COUNTY,347,18 Years,954,458,496,448,226,222,178,77,101,13,6,7,37,18,19,278,131,147
NACOGDOCHES COUNTY,347,19 Years,1235,578,657,614,292,322,258,119,139,18,6,12,42,19,23,303,142,161
NACOGDOCHES COUNTY,347,20 Years,1170,527,643,601,279,322,241,107,134,30,6,24,35,15,20,263,120,143
NACOGDOCHES COUNTY,347,21 Years,1734,734,1000,916,393,523,418,164,254,32,12,20,42,21,21,326,144,182
NACOGDOCHES COUNTY,347,22 Years,2436,1036,1400,1285,542,743,625,259,366,40,12,28,52,22,30,434,201,233
NACOGDOCHES COUNTY,347,23 Years,2170,931,1239,1230,521,709,460,199,261,33,9,24,59,22,37,388,180,208
NACOGDOCHES COUNTY,347,24 Years,1946,882,1064,1176,519,657,331,149,182,31,11,20,58,33,25,350,170,180
NACOGDOCHES COUNTY,347,25 Years,1744,838,906,1081,522,559,263,124,139,28,10,18,50,25,25,322,157,165
NACOGDOCHES COUNTY,347,26 Years,1364,698,666,851,457,394,193,87,106,22,6,16,35,19,16,263,129,134
NACOGDOCHES COUNTY,347,27 Years,1090,562,528,674,360,314,161,68,93,21,8,13,26,19,7,208,107,101
NACOGDOCHES COUNTY,347,28 Years,909,434,475,482,241,241,196,72,124,19,11,8,24,11,13,188,99,89
NACOGDOCHES COUNTY,347,29 Years,835,392,443,437,205,232,186,73,113,10,7,3,20,10,10,182,97,85
NACOGDOCHES COUNTY,347,30 Years,776,380,396,418,212,206,166,72,94,11,7,4,13,6,7,168,83,85
NACOGDOCHES COUNTY,347,31 Years,591,320,271,323,181,142,96,51,45,13,7,6,9,6,3,150,75,75
NACOGDOCHES COUNTY,347,32 Years,512,303,209,272,159,113,90,56,34,11,6,5,9,6,3,130,76,54
NACOGDOCHES COUNTY,347,33 Years,518,301,217,298,176,122,97,55,42,11,5,6,5,2,3,107,63,44
NACOGDOCHES COUNTY,347,34 Years,490,257,233,262,138,124,103,49,54,13,7,6,7,3,4,105,60,45
NACOGDOCHES COUNTY,347,35 Years,515,253,262,259,122,137,115,54,61,10,5,5,11,8,3,120,64,56
NACOGDOCHES COUNTY,347,36 Years,552,261,291,290,128,162,116,53,63,11,6,5,10,6,4,125,68,57
NACOGDOCHES COUNTY,347,37 Years,608,295,313,345,170,175,115,54,61,10,5,5,10,5,5,128,61,67
NACOGDOCHES COUNTY,347,38 Years,604,289,315,331,161,170,116,51,65,16,6,10,15,10,5,126,61,65
NACOGDOCHES COUNTY,347,39 Years,601,293,308,342,164,178,105,49,56,15,7,8,15,8,7,124,65,59
NACOGDOCHES COUNTY,347,40 Years,649,306,343,379,174,205,118,57,61,14,4,10,13,5,8,125,66,59
NACOGDOCHES COUNTY,347,41 Years,652,310,342,376,175,201,119,55,64,14,6,8,11,5,6,132,69,63
NACOGDOCHES COUNTY,347,42 Years,627,306,321,377,186,191,104,46,58,11,7,4,6,4,2,129,63,66
NACOGDOCHES COUNTY,347,43 Years,624,298,326,367,179,188,118,52,66,7,3,4,8,3,5,124,61,63
NACOGDOCHES COUNTY,347,44 Years,604,283,321,337,164,173,124,52,72,7,3,4,11,4,7,125,60,65
NACOGDOCHES COUNTY,347,45 Years,566,256,310,315,150,165,105,41,64,6,2,4,11,4,7,129,59,70
NACOGDOCHES COUNTY,347,46 Years,572,262,310,335,157,178,99,38,61,6,3,3,7,2,5,125,62,63
NACOGDOCHES COUNTY,347,47 Years,584,281,303,350,172,178,91,43,48,13,2,11,5,2,3,125,62,63
NACOGDOCHES COUNTY,347,48 Years,552,265,287,325,161,164,80,39,41,18,6,12,4,2,2,125,57,68
NACOGDOCHES COUNTY,347,49 Years,573,265,308,337,162,175,86,40,46,24,5,19,5,3,2,121,55,66
NACOGDOCHES COUNTY,347,50 Years,606,285,321,363,179,184,85,38,47,31,7,24,3,2,1,124,59,65
NACOGDOCHES COUNTY,347,51 Years,645,310,335,398,195,203,99,43,56,18,5,13,6,5,1,124,62,62
NACOGDOCHES COUNTY,347,52 Years,644,305,339,392,184,208,103,46,57,11,4,7,6,4,2,132,67,65
NACOGDOCHES COUNTY,347,53 Years,623,298,325,388,189,199,92,37,55,10,3,7,8,3,5,125,66,59
NACOGDOCHES COUNTY,347,54 Years,608,314,294,382,204,178,97,44,53,8,5,3,11,4,7,110,57,53
NACOGDOCHES COUNTY,347,55 Years,600,302,298,377,197,180,107,49,58,4,3,1,8,3,5,104,50,54
NACOGDOCHES COUNTY,347,56 Years,598,291,307,382,185,197,106,46,60,4,2,2,8,3,5,98,55,43
NACOGDOCHES COUNTY,347,57 Years,647,302,345,412,187,225,115,50,65,9,4,5,7,4,3,104,57,47
NACOGDOCHES COUNTY,347,58 Years,691,328,363,440,204,236,121,53,68,24,15,9,9,3,6,97,53,44
NACOGDOCHES COUNTY,347,59 Years,711,339,372,466,218,248,109,47,62,16,10,6,12,4,8,108,60,48
NACOGDOCHES COUNTY,347,60 Years,709,359,350,465,237,228,106,44,62,18,13,5,10,3,7,110,62,48
NACOGDOCHES COUNTY,347,61 Years,727,350,377,495,241,254,106,41,65,14,9,5,14,4,10,98,55,43
NACOGDOCHES COUNTY,347,62 Years,709,334,375,482,223,259,118,52,66,11,7,4,11,3,8,87,49,38
NACOGDOCHES COUNTY,347,63 Years,675,312,363,466,222,244,113,42,71,8,6,2,12,6,6,76,36,40
NACOGDOCHES COUNTY,347,64 Years,707,320,387,494,230,264,109,36,73,9,4,5,12,8,4,83,42,41
NACOGDOCHES COUNTY,347,65 Years,725,332,393,519,238,281,109,46,63,9,5,4,13,7,6,75,36,39
NACOGDOCHES COUNTY,347,66 Years,678,320,358,476,230,246,110,49,61,18,5,13,13,6,7,61,30,31
NACOGDOCHES COUNTY,347,67 Years,670,305,365,471,224,247,110,46,64,20,2,18,13,3,10,56,30,26
NACOGDOCHES COUNTY,347,68 Years,663,307,356,480,229,251,100,41,59,19,3,16,9,3,6,55,31,24
NACOGDOCHES COUNTY,347,69 Years,651,312,339,485,237,248,96,41,55,13,4,9,9,5,4,48,25,23
NACOGDOCHES COUNTY,347,70 Years,629,301,328,473,226,247,90,41,49,10,4,6,9,4,5,47,26,21
NACOGDOCHES COUNTY,347,71 Years,603,286,317,459,224,235,87,35,52,9,2,7,6,2,4,42,23,19
NACOGDOCHES COUNTY,347,72 Years,587,282,305,453,221,232,81,33,48,8,2,6,3,1,2,42,25,17
NACOGDOCHES COUNTY,347,73 Years,535,255,280,417,200,217,75,30,45,7,3,4,2,1,1,34,21,13
NACOGDOCHES COUNTY,347,74 Years,515,253,262,394,193,201,74,30,44,8,5,3,6,5,1,33,20,13
NACOGDOCHES COUNTY,347,75 Years,501,248,253,395,198,197,65,27,38,8,5,3,7,6,1,26,12,14
NACOGDOCHES COUNTY,347,76 Years,422,195,227,344,160,184,50,22,28,4,3,1,6,4,2,18,6,12
NACOGDOCHES COUNTY,347,77 Years,396,179,217,322,145,177,47,19,28,2,2,0,5,3,2,20,10,10
NACOGDOCHES COUNTY,347,78 Years,384,172,212,308,139,169,51,20,31,2,0,2,5,3,2,18,10,8
NACOGDOCHES COUNTY,347,79 Years,352,155,197,289,129,160,40,16,24,2,1,1,4,1,3,17,8,9
NACOGDOCHES COUNTY,347,80 Years,316,140,176,261,116,145,32,13,19,3,3,0,3,2,1,17,6,11
NACOGDOCHES COUNTY,347,81 Years,274,120,154,223,101,122,32,11,21,2,1,1,2,1,1,15,6,9
NACOGDOCHES COUNTY,347,82 Years,237,95,142,194,80,114,29,9,20,2,1,1,1,0,1,11,5,6
NACOGDOCHES COUNTY,347,83 Years,208,77,131,171,65,106,24,7,17,1,0,1,1,0,1,11,5,6
NACOGDOCHES COUNTY,347,84 Years,205,79,126,166,66,100,22,7,15,2,1,1,2,0,2,13,5,8
NACOGDOCHES COUNTY,347,85 Years,181,68,113,146,55,91,21,6,15,2,1,1,1,0,1,11,6,5
NACOGDOCHES COUNTY,347,86 Years,154,55,99,126,45,81,17,6,11,2,1,1,2,0,2,7,3,4
NACOGDOCHES COUNTY,347,87 Years,143,54,89,119,43,76,13,6,7,1,0,1,4,1,3,6,4,2
NACOGDOCHES COUNTY,347,88 Years,130,43,87,109,35,74,12,4,8,1,0,1,3,1,2,5,3,2
NACOGDOCHES COUNTY,347,89 Years,110,37,73,90,31,59,14,4,10,0,0,0,2,0,2,4,2,2
NACOGDOCHES COUNTY,347,90 Years,96,32,64,79,27,52,11,3,8,1,0,1,1,0,1,4,2,2
NACOGDOCHES COUNTY,347,91 Years,83,28,55,68,22,46,8,2,6,1,0,1,1,0,1,5,4,1
NACOGDOCHES COUNTY,347,92 Years,67,23,44,55,18,37,5,2,3,1,0,1,1,0,1,5,3,2
NACOGDOCHES COUNTY,347,93 Years,54,18,36,45,15,30,5,2,3,0,0,0,1,0,1,3,1,2
NACOGDOCHES COUNTY,347,94 Years,47,12,35,37,10,27,5,1,4,1,0,1,1,0,1,3,1,2
NACOGDOCHES COUNTY,347,95 Years +,121,35,86,91,24,67,18,6,12,2,1,1,1,0,1,9,4,5
NAVARRO COUNTY,349,All Ages,55836,27271,28565,30677,14846,15831,7179,3370,3809,332,158,174,1809,891,918,15839,8006,7833
NAVARRO COUNTY,349,< 1 Year,700,354,346,265,134,131,79,40,39,11,6,5,45,25,20,300,149,151
NAVARRO COUNTY,349,1 Years,669,342,327,263,134,129,85,44,41,4,2,2,33,16,17,284,146,138
NAVARRO COUNTY,349,2 Years,672,343,329,268,137,131,86,44,42,4,2,2,33,16,17,281,144,137
NAVARRO COUNTY,349,3 Years,747,381,366,276,135,141,85,45,40,6,2,4,55,25,30,325,174,151
NAVARRO COUNTY,349,4 Years,783,395,388,279,138,141,87,46,41,6,3,3,69,31,38,342,177,165
NAVARRO COUNTY,349,5 Years,797,403,394,295,150,145,92,45,47,4,2,2,60,27,33,346,179,167
NAVARRO COUNTY,349,6 Years,807,399,408,297,153,144,103,48,55,4,2,2,57,26,31,346,170,176
NAVARRO COUNTY,349,7 Years,826,410,416,315,163,152,109,50,59,4,2,2,52,25,27,346,170,176
NAVARRO COUNTY,349,8 Years,853,428,425,334,165,169,108,50,58,6,4,2,60,33,27,345,176,169
NAVARRO COUNTY,349,9 Years,871,444,427,353,175,178,108,52,56,7,5,2,62,34,28,341,178,163
NAVARRO COUNTY,349,10 Years,849,429,420,340,164,176,108,52,56,7,5,2,58,32,26,336,176,160
NAVARRO COUNTY,349,11 Years,837,425,412,338,167,171,102,50,52,7,5,2,55,29,26,335,174,161
NAVARRO COUNTY,349,12 Years,811,419,392,326,173,153,102,45,57,5,1,4,48,26,22,330,174,156
NAVARRO COUNTY,349,13 Years,804,410,394,349,181,168,105,50,55,1,0,1,44,20,24,305,159,146
NAVARRO COUNTY,349,14 Years,819,414,405,354,181,173,96,44,52,0,0,0,41,19,22,328,170,158
NAVARRO COUNTY,349,15 Years,863,457,406,364,186,178,113,58,55,2,1,1,40,25,15,344,187,157
NAVARRO COUNTY,349,16 Years,818,429,389,347,178,169,108,59,49,2,1,1,33,19,14,328,172,156
NAVARRO COUNTY,349,17 Years,769,400,369,316,165,151,103,56,47,2,1,1,28,17,11,320,161,159
NAVARRO COUNTY,349,18 Years,766,396,370,322,170,152,100,56,44,3,1,2,27,15,12,314,154,160
NAVARRO COUNTY,349,19 Years,772,390,382,324,172,152,94,49,45,3,2,1,23,12,11,328,155,173
NAVARRO COUNTY,349,20 Years,754,380,374,334,167,167,86,45,41,3,2,1,20,10,10,311,156,155
NAVARRO COUNTY,349,21 Years,738,380,358,327,161,166,80,47,33,4,3,1,25,11,14,302,158,144
NAVARRO COUNTY,349,22 Years,685,358,327,293,152,141,87,50,37,4,3,1,28,15,13,273,138,135
NAVARRO COUNTY,349,23 Years,677,367,310,266,142,124,97,54,43,11,3,8,24,11,13,279,157,122
NAVARRO COUNTY,349,24 Years,654,357,297,269,145,124,97,51,46,9,4,5,21,10,11,258,147,111
NAVARRO COUNTY,349,25 Years,665,362,303,284,157,127,93,48,45,4,2,2,20,12,8,264,143,121
NAVARRO COUNTY,349,26 Years,699,353,346,323,173,150,109,55,54,2,0,2,17,9,8,248,116,132
NAVARRO COUNTY,349,27 Years,669,329,340,330,170,160,104,53,51,4,2,2,13,7,6,218,97,121
NAVARRO COUNTY,349,28 Years,613,288,325,298,146,152,86,41,45,3,1,2,20,10,10,206,90,116
NAVARRO COUNTY,349,29 Years,623,305,318,305,151,154,87,43,44,5,3,2,20,7,13,206,101,105
NAVARRO COUNTY,349,30 Years,625,298,327,303,144,159,86,41,45,5,3,2,11,4,7,220,106,114
NAVARRO COUNTY,349,31 Years,681,326,355,335,159,176,101,50,51,2,1,1,24,7,17,219,109,110
NAVARRO COUNTY,349,32 Years,705,344,361,346,170,176,116,56,60,4,0,4,29,11,18,210,107,103
NAVARRO COUNTY,349,33 Years,628,310,318,327,161,166,97,44,53,8,0,8,25,15,10,171,90,81
NAVARRO COUNTY,349,34 Years,597,285,312,326,153,173,88,39,49,5,2,3,17,8,9,161,83,78
NAVARRO COUNTY,349,35 Years,594,280,314,324,152,172,82,39,43,1,1,0,18,7,11,169,81,88
NAVARRO COUNTY,349,36 Years,595,274,321,316,139,177,87,44,43,4,4,0,18,6,12,170,81,89
NAVARRO COUNTY,349,37 Years,581,273,308,294,133,161,92,44,48,6,3,3,18,7,11,171,86,85
NAVARRO COUNTY,349,38 Years,594,286,308,310,152,158,80,34,46,7,3,4,22,12,10,175,85,90
NAVARRO COUNTY,349,39 Years,592,288,304,309,150,159,68,30,38,6,3,3,19,9,10,190,96,94
NAVARRO COUNTY,349,40 Years,602,288,314,321,155,166,66,30,36,5,4,1,22,10,12,188,89,99
NAVARRO COUNTY,349,41 Years,613,285,328,326,160,166,69,28,41,3,1,2,22,10,12,193,86,107
NAVARRO COUNTY,349,42 Years,631,292,339,330,159,171,73,28,45,2,1,1,30,19,11,196,85,111
NAVARRO COUNTY,349,43 Years,600,288,312,330,159,171,77,33,44,2,2,0,22,13,9,169,81,88
NAVARRO COUNTY,349,44 Years,582,282,300,322,158,164,75,31,44,3,2,1,20,8,12,162,83,79
NAVARRO COUNTY,349,45 Years,570,275,295,309,152,157,70,31,39,3,3,0,18,7,11,170,82,88
NAVARRO COUNTY,349,46 Years,571,267,304,313,148,165,64,28,36,2,2,0,17,6,11,175,83,92
NAVARRO COUNTY,349,47 Years,604,279,325,342,160,182,66,25,41,5,2,3,10,4,6,181,88,93
NAVARRO COUNTY,349,48 Years,621,294,327,358,166,192,75,32,43,3,1,2,8,5,3,177,90,87
NAVARRO COUNTY,349,49 Years,662,294,368,376,172,204,87,37,50,11,2,9,11,7,4,177,76,101
NAVARRO COUNTY,349,50 Years,642,295,347,369,179,190,82,33,49,11,4,7,11,5,6,169,74,95
NAVARRO COUNTY,349,51 Years,642,320,322,382,193,189,77,32,45,5,2,3,13,7,6,165,86,79
NAVARRO COUNTY,349,52 Years,670,339,331,404,205,199,83,39,44,1,0,1,12,6,6,170,89,81
NAVARRO COUNTY,349,53 Years,685,345,340,400,201,199,92,49,43,2,1,1,15,5,10,176,89,87
NAVARRO COUNTY,349,54 Years,681,349,332,396,203,193,98,51,47,3,1,2,19,9,10,165,85,80
NAVARRO COUNTY,349,55 Years,631,324,307,372,191,181,91,43,48,3,1,2,15,8,7,150,81,69
NAVARRO COUNTY,349,56 Years,613,307,306,368,181,187,91,42,49,4,2,2,13,8,5,137,74,63
NAVARRO COUNTY,349,57 Years,678,327,351,425,205,220,102,41,61,4,2,2,9,4,5,138,75,63
NAVARRO COUNTY,349,58 Years,708,353,355,470,235,235,99,42,57,4,2,2,9,3,6,126,71,55
NAVARRO COUNTY,349,59 Years,729,364,365,482,247,235,101,43,58,5,2,3,13,6,7,128,66,62
NAVARRO COUNTY,349,60 Years,733,353,380,483,228,255,103,52,51,5,2,3,15,8,7,127,63,64
NAVARRO COUNTY,349,61 Years,740,356,384,493,228,265,105,56,49,4,2,2,10,6,4,128,64,64
NAVARRO COUNTY,349,62 Years,756,378,378,511,246,265,111,55,56,7,4,3,5,3,2,122,70,52
NAVARRO COUNTY,349,63 Years,728,353,375,502,237,265,98,41,57,5,3,2,8,3,5,115,69,46
NAVARRO COUNTY,349,64 Years,731,346,385,510,234,276,96,47,49,7,3,4,11,4,7,107,58,49
NAVARRO COUNTY,349,65 Years,717,346,371,507,246,261,93,41,52,8,2,6,10,6,4,99,51,48
NAVARRO COUNTY,349,66 Years,722,345,377,527,252,275,92,40,52,5,1,4,11,6,5,87,46,41
NAVARRO COUNTY,349,67 Years,687,323,364,508,242,266,94,42,52,2,0,2,6,3,3,77,36,41
NAVARRO COUNTY,349,68 Years,632,295,337,456,215,241,89,41,48,1,0,1,5,2,3,81,37,44
NAVARRO COUNTY,349,69 Years,630,293,337,466,215,251,80,36,44,3,2,1,6,2,4,75,38,37
NAVARRO COUNTY,349,70 Years,580,262,318,433,194,239,80,33,47,3,2,1,7,2,5,57,31,26
NAVARRO COUNTY,349,71 Years,530,246,284,407,187,220,70,33,37,4,2,2,7,3,4,42,21,21
NAVARRO COUNTY,349,72 Years,543,256,287,426,198,228,63,30,33,2,1,1,8,6,2,44,21,23
NAVARRO COUNTY,349,73 Years,533,255,278,422,204,218,56,27,29,0,0,0,11,6,5,44,18,26
NAVARRO COUNTY,349,74 Years,520,248,272,422,203,219,49,23,26,1,0,1,7,4,3,41,18,23
NAVARRO COUNTY,349,75 Years,496,243,253,395,197,198,57,24,33,1,1,0,3,2,1,40,19,21
NAVARRO COUNTY,349,76 Years,424,206,218,335,166,169,50,22,28,0,0,0,4,3,1,35,15,20
NAVARRO COUNTY,349,77 Years,396,184,212,310,145,165,42,20,22,0,0,0,4,2,2,40,17,23
NAVARRO COUNTY,349,78 Years,372,162,210,297,132,165,41,15,26,1,1,0,3,1,2,30,13,17
NAVARRO COUNTY,349,79 Years,348,151,197,283,123,160,36,12,24,0,0,0,3,1,2,26,15,11
NAVARRO COUNTY,349,80 Years,310,139,171,251,112,139,27,10,17,1,1,0,5,2,3,26,14,12
NAVARRO COUNTY,349,81 Years,287,130,157,232,105,127,28,10,18,1,1,0,4,2,2,22,12,10
NAVARRO COUNTY,349,82 Years,256,114,142,214,94,120,23,9,14,1,1,0,2,1,1,16,9,7
NAVARRO COUNTY,349,83 Years,238,103,135,208,89,119,16,8,8,1,1,0,1,1,0,12,4,8
NAVARRO COUNTY,349,84 Years,198,78,120,174,70,104,13,5,8,0,0,0,1,0,1,10,3,7
NAVARRO COUNTY,349,85 Years,178,74,104,155,68,87,13,3,10,0,0,0,1,0,1,9,3,6
NAVARRO COUNTY,349,86 Years,151,62,89,130,54,76,11,3,8,1,1,0,0,0,0,9,4,5
NAVARRO COUNTY,349,87 Years,148,57,91,123,48,75,14,4,10,0,0,0,1,0,1,10,5,5
NAVARRO COUNTY,349,88 Years,129,53,76,106,44,62,14,3,11,0,0,0,1,1,0,8,5,3
NAVARRO COUNTY,349,89 Years,97,36,61,76,30,46,13,2,11,0,0,0,1,0,1,7,4,3
NAVARRO COUNTY,349,90 Years,91,30,61,69,24,45,13,2,11,0,0,0,2,0,2,7,4,3
NAVARRO COUNTY,349,91 Years,90,28,62,72,23,49,9,1,8,1,0,1,2,1,1,6,3,3
NAVARRO COUNTY,349,92 Years,74,23,51,62,19,43,6,1,5,0,0,0,1,0,1,5,3,2
NAVARRO COUNTY,349,93 Years,58,19,39,46,14,32,8,3,5,0,0,0,0,0,0,4,2,2
NAVARRO COUNTY,349,94 Years,44,14,30,35,10,25,6,2,4,0,0,0,0,0,0,3,2,1
NAVARRO COUNTY,349,95 Years +,132,32,100,92,23,69,26,5,21,1,0,1,2,0,2,11,4,7
NEWTON COUNTY,351,All Ages,12080,6324,5756,8758,4529,4229,2527,1373,1154,65,42,23,296,141,155,434,239,195
NEWTON COUNTY,351,< 1 Year,110,55,55,69,35,34,24,12,12,1,0,1,6,3,3,10,5,5
NEWTON COUNTY,351,1 Years,104,53,51,64,33,31,22,11,11,2,1,1,6,3,3,10,5,5
NEWTON COUNTY,351,2 Years,106,54,52,66,34,32,22,11,11,1,0,1,7,4,3,10,5,5
NEWTON COUNTY,351,3 Years,108,53,55,71,35,36,21,10,11,1,0,1,6,4,2,9,4,5
NEWTON COUNTY,351,4 Years,108,49,59,75,36,39,22,8,14,0,0,0,4,3,1,7,2,5
NEWTON COUNTY,351,5 Years,104,49,55,73,36,37,19,8,11,0,0,0,5,3,2,7,2,5
NEWTON COUNTY,351,6 Years,109,53,56,75,37,38,24,11,13,0,0,0,5,3,2,5,2,3
NEWTON COUNTY,351,7 Years,116,57,59,76,37,39,26,13,13,0,0,0,7,3,4,7,4,3
NEWTON COUNTY,351,8 Years,127,64,63,88,45,43,23,12,11,1,0,1,8,3,5,7,4,3
NEWTON COUNTY,351,9 Years,128,68,60,95,52,43,21,12,9,0,0,0,6,1,5,6,3,3
NEWTON COUNTY,351,10 Years,133,72,61,94,53,41,22,11,11,0,0,0,6,2,4,11,6,5
NEWTON COUNTY,351,11 Years,132,73,59,90,49,41,26,14,12,0,0,0,6,3,3,10,7,3
NEWTON COUNTY,351,12 Years,131,67,64,90,45,45,30,17,13,0,0,0,6,3,3,5,2,3
NEWTON COUNTY,351,13 Years,122,62,60,80,42,38,27,14,13,0,0,0,11,5,6,4,1,3
NEWTON COUNTY,351,14 Years,128,64,64,91,48,43,21,10,11,0,0,0,12,5,7,4,1,3
NEWTON COUNTY,351,15 Years,136,72,64,98,52,46,22,11,11,0,0,0,7,4,3,9,5,4
NEWTON COUNTY,351,16 Years,128,65,63,95,48,47,22,11,11,0,0,0,3,1,2,8,5,3
NEWTON COUNTY,351,17 Years,120,61,59,82,41,41,28,15,13,1,0,1,4,2,2,5,3,2
NEWTON COUNTY,351,18 Years,127,62,65,86,40,46,33,18,15,0,0,0,4,2,2,4,2,2
NEWTON COUNTY,351,19 Years,135,64,71,92,45,47,31,15,16,1,0,1,5,2,3,6,2,4
NEWTON COUNTY,351,20 Years,144,74,70,93,49,44,33,15,18,1,0,1,8,5,3,9,5,4
NEWTON COUNTY,351,21 Years,158,89,69,100,59,41,39,21,18,2,0,2,6,3,3,11,6,5
NEWTON COUNTY,351,22 Years,142,85,57,89,53,36,35,22,13,2,0,2,7,5,2,9,5,4
NEWTON COUNTY,351,23 Years,142,89,53,85,50,35,42,30,12,1,0,1,5,4,1,9,5,4
NEWTON COUNTY,351,24 Years,151,94,57,95,55,40,42,31,11,0,0,0,3,2,1,11,6,5
NEWTON COUNTY,351,25 Years,153,91,62,98,57,41,42,28,14,1,1,0,3,1,2,9,4,5
NEWTON COUNTY,351,26 Years,158,96,62,107,61,46,39,27,12,1,1,0,4,2,2,7,5,2
NEWTON COUNTY,351,27 Years,149,92,57,97,56,41,39,25,14,2,2,0,3,2,1,8,7,1
NEWTON COUNTY,351,28 Years,137,83,54,89,52,37,37,24,13,1,1,0,3,1,2,7,5,2
NEWTON COUNTY,351,29 Years,141,87,54,94,53,41,35,26,9,2,2,0,3,2,1,7,4,3
NEWTON COUNTY,351,30 Years,145,87,58,94,49,45,39,29,10,3,3,0,2,1,1,7,5,2
NEWTON COUNTY,351,31 Years,162,104,58,110,64,46,44,34,10,2,2,0,2,1,1,4,3,1
NEWTON COUNTY,351,32 Years,158,100,58,106,61,45,41,30,11,5,5,0,1,1,0,5,3,2
NEWTON COUNTY,351,33 Years,147,88,59,104,58,46,29,19,10,3,3,0,2,1,1,9,7,2
NEWTON COUNTY,351,34 Years,140,82,58,102,58,44,25,15,10,3,3,0,2,1,1,8,5,3
NEWTON COUNTY,351,35 Years,135,80,55,103,60,43,22,15,7,2,2,0,2,0,2,6,3,3
NEWTON COUNTY,351,36 Years,129,76,53,96,54,42,23,16,7,2,2,0,2,0,2,6,4,2
NEWTON COUNTY,351,37 Years,130,77,53,93,50,43,31,21,10,2,2,0,1,1,0,3,3,0
NEWTON COUNTY,351,38 Years,136,83,53,98,56,42,30,20,10,1,1,0,2,1,1,5,5,0
NEWTON COUNTY,351,39 Years,134,72,62,98,54,44,30,15,15,1,0,1,1,0,1,4,3,1
NEWTON COUNTY,351,40 Years,127,74,53,90,53,37,32,17,15,0,0,0,2,1,1,3,3,0
NEWTON COUNTY,351,41 Years,136,78,58,94,53,41,32,21,11,2,1,1,1,0,1,7,3,4
NEWTON COUNTY,351,42 Years,139,77,62,96,50,46,33,21,12,2,2,0,0,0,0,8,4,4
NEWTON COUNTY,351,43 Years,132,74,58,97,53,44,26,16,10,0,0,0,2,2,0,7,3,4
NEWTON COUNTY,351,44 Years,124,70,54,94,53,41,23,14,9,0,0,0,2,1,1,5,2,3
NEWTON COUNTY,351,45 Years,114,57,57,79,41,38,28,13,15,0,0,0,2,0,2,5,3,2
NEWTON COUNTY,351,46 Years,118,60,58,84,41,43,27,14,13,0,0,0,2,1,1,5,4,1
NEWTON COUNTY,351,47 Years,133,68,65,100,49,51,26,16,10,0,0,0,1,0,1,6,3,3
NEWTON COUNTY,351,48 Years,138,69,69,106,51,55,27,16,11,0,0,0,1,0,1,4,2,2
NEWTON COUNTY,351,49 Years,145,74,71,110,54,56,30,18,12,0,0,0,1,0,1,4,2,2
NEWTON COUNTY,351,50 Years,149,81,68,113,57,56,29,20,9,1,1,0,2,1,1,4,2,2
NEWTON COUNTY,351,51 Years,165,93,72,125,70,55,32,20,12,1,1,0,2,0,2,5,2,3
NEWTON COUNTY,351,52 Years,178,101,77,133,76,57,36,21,15,1,0,1,2,1,1,6,3,3
NEWTON COUNTY,351,53 Years,160,78,82,114,52,62,37,22,15,0,0,0,4,2,2,5,2,3
NEWTON COUNTY,351,54 Years,141,76,65,101,52,49,35,20,15,0,0,0,2,1,1,3,3,0
NEWTON COUNTY,351,55 Years,152,83,69,111,58,53,32,19,13,2,2,0,3,1,2,4,3,1
NEWTON COUNTY,351,56 Years,159,82,77,113,60,53,34,19,15,2,1,1,6,0,6,4,2,2
NEWTON COUNTY,351,57 Years,166,81,85,122,63,59,36,17,19,1,0,1,3,0,3,4,1,3
NEWTON COUNTY,351,58 Years,187,92,95,143,69,74,36,19,17,2,0,2,3,2,1,3,2,1
NEWTON COUNTY,351,59 Years,193,92,101,142,68,74,42,19,23,1,0,1,6,4,2,2,1,1
NEWTON COUNTY,351,60 Years,188,92,96,140,71,69,39,17,22,0,0,0,6,2,4,3,2,1
NEWTON COUNTY,351,61 Years,178,88,90,135,67,68,37,17,20,0,0,0,3,2,1,3,2,1
NEWTON COUNTY,351,62 Years,187,94,93,142,73,69,38,17,21,0,0,0,4,2,2,3,2,1
NEWTON COUNTY,351,63 Years,184,86,98,137,66,71,39,16,23,1,1,0,4,1,3,3,2,1
NEWTON COUNTY,351,64 Years,191,89,102,151,73,78,33,12,21,1,1,0,4,1,3,2,2,0
NEWTON COUNTY,351,65 Years,189,89,100,153,76,77,31,11,20,0,0,0,3,1,2,2,1,1
NEWTON COUNTY,351,66 Years,184,85,99,144,69,75,34,13,21,1,1,0,2,1,1,3,1,2
NEWTON COUNTY,351,67 Years,182,89,93,139,73,66,38,14,24,0,0,0,2,1,1,3,1,2
NEWTON COUNTY,351,68 Years,187,96,91,142,77,65,37,16,21,0,0,0,3,2,1,5,1,4
NEWTON COUNTY,351,69 Years,174,90,84,134,75,59,33,13,20,0,0,0,2,1,1,5,1,4
NEWTON COUNTY,351,70 Years,165,80,85,133,68,65,27,10,17,0,0,0,2,1,1,3,1,2
NEWTON COUNTY,351,71 Years,151,70,81,119,54,65,28,13,15,0,0,0,3,2,1,1,1,0
NEWTON COUNTY,351,72 Years,146,75,71,109,55,54,33,17,16,0,0,0,3,2,1,1,1,0
NEWTON COUNTY,351,73 Years,151,76,75,116,59,57,32,16,16,0,0,0,3,1,2,0,0,0
NEWTON COUNTY,351,74 Years,139,67,72,111,55,56,26,12,14,1,0,1,1,0,1,0,0,0
NEWTON COUNTY,351,75 Years,130,61,69,104,50,54,23,11,12,0,0,0,2,0,2,1,0,1
NEWTON COUNTY,351,76 Years,108,53,55,88,43,45,18,10,8,0,0,0,1,0,1,1,0,1
NEWTON COUNTY,351,77 Years,100,47,53,81,36,45,16,9,7,0,0,0,1,1,0,2,1,1
NEWTON COUNTY,351,78 Years,100,44,56,82,35,47,15,7,8,0,0,0,2,1,1,1,1,0
NEWTON COUNTY,351,79 Years,96,45,51,82,37,45,13,7,6,0,0,0,1,1,0,0,0,0
NEWTON COUNTY,351,80 Years,88,44,44,74,37,37,12,6,6,0,0,0,2,1,1,0,0,0
NEWTON COUNTY,351,81 Years,78,37,41,63,30,33,11,5,6,0,0,0,2,1,1,2,1,1
NEWTON COUNTY,351,82 Years,71,35,36,56,28,28,12,5,7,0,0,0,1,1,0,2,1,1
NEWTON COUNTY,351,83 Years,64,27,37,49,21,28,11,5,6,0,0,0,1,0,1,3,1,2
NEWTON COUNTY,351,84 Years,60,27,33,48,19,29,8,4,4,0,0,0,2,2,0,2,2,0
NEWTON COUNTY,351,85 Years,51,20,31,42,16,26,7,2,5,0,0,0,1,1,0,1,1,0
NEWTON COUNTY,351,86 Years,42,15,27,34,13,21,8,2,6,0,0,0,0,0,0,0,0,0
NEWTON COUNTY,351,87 Years,42,18,24,34,15,19,8,3,5,0,0,0,0,0,0,0,0,0
NEWTON COUNTY,351,88 Years,35,16,19,27,13,14,7,2,5,0,0,0,1,1,0,0,0,0
NEWTON COUNTY,351,89 Years,30,11,19,24,10,14,5,1,4,1,0,1,0,0,0,0,0,0
NEWTON COUNTY,351,90 Years,28,11,17,23,10,13,5,1,4,0,0,0,0,0,0,0,0,0
NEWTON COUNTY,351,91 Years,24,9,15,20,8,12,4,1,3,0,0,0,0,0,0,0,0,0
NEWTON COUNTY,351,92 Years,19,7,12,15,6,9,4,1,3,0,0,0,0,0,0,0,0,0
NEWTON COUNTY,351,93 Years,14,6,8,9,4,5,4,1,3,0,0,0,1,1,0,0,0,0
NEWTON COUNTY,351,94 Years,11,6,5,8,4,4,3,2,1,0,0,0,0,0,0,0,0,0
NEWTON COUNTY,351,95 Years +,34,13,21,22,8,14,12,5,7,0,0,0,0,0,0,0,0,0
NOLAN COUNTY,353,All Ages,14263,7135,7128,7608,3770,3838,687,356,331,59,30,29,231,129,102,5678,2850,2828
NOLAN COUNTY,353,< 1 Year,169,85,84,72,35,37,7,4,3,1,0,1,6,3,3,83,43,40
NOLAN COUNTY,353,1 Years,164,82,82,64,32,32,9,4,5,1,1,0,5,3,2,85,42,43
NOLAN COUNTY,353,2 Years,164,82,82,65,33,32,7,3,4,1,0,1,5,3,2,86,43,43
NOLAN COUNTY,353,3 Years,186,93,93,80,41,39,12,6,6,1,0,1,6,4,2,87,42,45
NOLAN COUNTY,353,4 Years,191,94,97,85,41,44,10,5,5,1,0,1,8,5,3,87,43,44
NOLAN COUNTY,353,5 Years,192,91,101,85,41,44,9,4,5,1,0,1,6,3,3,91,43,48
NOLAN COUNTY,353,6 Years,196,92,104,85,40,45,9,4,5,2,1,1,6,4,2,94,43,51
NOLAN COUNTY,353,7 Years,209,101,108,91,42,49,10,6,4,3,2,1,5,3,2,100,48,52
NOLAN COUNTY,353,8 Years,214,105,109,92,44,48,12,6,6,2,2,0,8,5,3,100,48,52
NOLAN COUNTY,353,9 Years,207,100,107,93,44,49,11,5,6,1,1,0,2,2,0,100,48,52
NOLAN COUNTY,353,10 Years,199,96,103,86,43,43,11,5,6,2,0,2,6,4,2,94,44,50
NOLAN COUNTY,353,11 Years,193,92,101,84,43,41,11,6,5,2,0,2,11,3,8,85,40,45
NOLAN COUNTY,353,12 Years,201,108,93,85,43,42,11,6,5,0,0,0,13,8,5,92,51,41
NOLAN COUNTY,353,13 Years,193,97,96,83,37,46,8,2,6,0,0,0,6,4,2,96,54,42
NOLAN COUNTY,353,14 Years,210,101,109,94,43,51,9,4,5,0,0,0,4,2,2,103,52,51
NOLAN COUNTY,353,15 Years,218,114,104,100,50,50,15,9,6,0,0,0,4,2,2,99,53,46
NOLAN COUNTY,353,16 Years,216,113,103,98,52,46,17,9,8,1,1,0,4,2,2,96,49,47
NOLAN COUNTY,353,17 Years,214,115,99,94,49,45,15,8,7,0,0,0,2,0,2,103,58,45
NOLAN COUNTY,353,18 Years,234,133,101,109,64,45,12,7,5,0,0,0,3,1,2,110,61,49
NOLAN COUNTY,353,19 Years,232,134,98,106,63,43,8,4,4,1,1,0,6,4,2,111,62,49
NOLAN COUNTY,353,20 Years,218,125,93,97,55,42,11,8,3,0,0,0,5,3,2,105,59,46
NOLAN COUNTY,353,21 Years,203,118,85,87,52,35,11,6,5,0,0,0,5,3,2,100,57,43
NOLAN COUNTY,353,22 Years,190,114,76,73,44,29,13,8,5,0,0,0,4,2,2,100,60,40
NOLAN COUNTY,353,23 Years,178,107,71,69,41,28,11,8,3,0,0,0,3,2,1,95,56,39
NOLAN COUNTY,353,24 Years,168,104,64,70,44,26,10,7,3,0,0,0,2,1,1,86,52,34
NOLAN COUNTY,353,25 Years,172,104,68,79,48,31,12,7,5,0,0,0,2,0,2,79,49,30
NOLAN COUNTY,353,26 Years,181,106,75,87,51,36,12,7,5,1,1,0,4,3,1,77,44,33
NOLAN COUNTY,353,27 Years,185,106,79,91,53,38,7,5,2,1,1,0,3,2,1,83,45,38
NOLAN COUNTY,353,28 Years,148,72,76,75,37,38,8,3,5,2,1,1,2,1,1,61,30,31
NOLAN COUNTY,353,29 Years,127,60,67,67,30,37,9,5,4,0,0,0,2,1,1,49,24,25
NOLAN COUNTY,353,30 Years,142,70,72,77,38,39,9,6,3,1,1,0,2,1,1,53,24,29
NOLAN COUNTY,353,31 Years,171,95,76,89,49,40,10,7,3,1,1,0,4,4,0,67,34,33
NOLAN COUNTY,353,32 Years,169,92,77,91,49,42,6,4,2,1,1,0,2,2,0,69,36,33
NOLAN COUNTY,353,33 Years,167,84,83,85,43,42,7,3,4,1,1,0,2,1,1,72,36,36
NOLAN COUNTY,353,34 Years,156,80,76,79,37,42,8,4,4,2,2,0,1,1,0,66,36,30
NOLAN COUNTY,353,35 Years,164,83,81,83,38,45,9,5,4,1,1,0,2,1,1,69,38,31
NOLAN COUNTY,353,36 Years,154,80,74,78,40,38,8,4,4,0,0,0,1,0,1,67,36,31
NOLAN COUNTY,353,37 Years,145,67,78,75,34,41,5,2,3,0,0,0,2,1,1,63,30,33
NOLAN COUNTY,353,38 Years,165,75,90,80,34,46,3,1,2,0,0,0,1,1,0,81,39,42
NOLAN COUNTY,353,39 Years,167,87,80,85,45,40,5,1,4,1,0,1,2,2,0,74,39,35
NOLAN COUNTY,353,40 Years,162,81,81,90,49,41,5,1,4,0,0,0,2,2,0,65,29,36
NOLAN COUNTY,353,41 Years,175,81,94,90,44,46,5,3,2,1,0,1,1,0,1,78,34,44
NOLAN COUNTY,353,42 Years,163,80,83,85,44,41,8,6,2,0,0,0,2,0,2,68,30,38
NOLAN COUNTY,353,43 Years,156,83,73,81,45,36,6,5,1,1,0,1,1,0,1,67,33,34
NOLAN COUNTY,353,44 Years,163,78,85,74,37,37,7,4,3,1,0,1,3,2,1,78,35,43
NOLAN COUNTY,353,45 Years,168,83,85,78,36,42,7,4,3,2,1,1,1,1,0,80,41,39
NOLAN COUNTY,353,46 Years,162,80,82,72,34,38,8,5,3,2,1,1,0,0,0,80,40,40
NOLAN COUNTY,353,47 Years,159,76,83,78,38,40,7,5,2,1,0,1,0,0,0,73,33,40
NOLAN COUNTY,353,48 Years,150,71,79,78,37,41,4,2,2,3,3,0,0,0,0,65,29,36
NOLAN COUNTY,353,49 Years,153,69,84,83,40,43,3,1,2,2,2,0,1,0,1,64,26,38
NOLAN COUNTY,353,50 Years,154,73,81,79,37,42,5,2,3,0,0,0,2,2,0,68,32,36
NOLAN COUNTY,353,51 Years,167,84,83,86,41,45,7,4,3,0,0,0,1,1,0,73,38,35
NOLAN COUNTY,353,52 Years,173,94,79,93,51,42,5,2,3,0,0,0,2,1,1,73,40,33
NOLAN COUNTY,353,53 Years,169,89,80,93,50,43,8,3,5,0,0,0,2,1,1,66,35,31
NOLAN COUNTY,353,54 Years,162,79,83,88,48,40,9,2,7,1,0,1,1,0,1,63,29,34
NOLAN COUNTY,353,55 Years,166,82,84,94,47,47,7,2,5,1,1,0,1,0,1,63,32,31
NOLAN COUNTY,353,56 Years,164,85,79,95,46,49,5,1,4,1,0,1,1,1,0,62,37,25
NOLAN COUNTY,353,57 Years,167,83,84,99,48,51,3,1,2,1,0,1,3,1,2,61,33,28
NOLAN COUNTY,353,58 Years,153,73,80,94,43,51,8,5,3,0,0,0,4,2,2,47,23,24
NOLAN COUNTY,353,59 Years,166,78,88,108,51,57,13,8,5,2,1,1,2,1,1,41,17,24
NOLAN COUNTY,353,60 Years,174,83,91,117,58,59,12,7,5,2,1,1,2,0,2,41,17,24
NOLAN COUNTY,353,61 Years,171,86,85,112,59,53,8,4,4,0,0,0,3,1,2,48,22,26
NOLAN COUNTY,353,62 Years,176,85,91,117,56,61,10,6,4,0,0,0,2,2,0,47,21,26
NOLAN COUNTY,353,63 Years,172,76,96,115,52,63,11,5,6,0,0,0,2,2,0,44,17,27
NOLAN COUNTY,353,64 Years,156,73,83,105,52,53,7,3,4,0,0,0,2,1,1,42,17,25
NOLAN COUNTY,353,65 Years,154,66,88,104,47,57,8,2,6,0,0,0,2,1,1,40,16,24
NOLAN COUNTY,353,66 Years,166,74,92,110,49,61,11,5,6,0,0,0,1,0,1,44,20,24
NOLAN COUNTY,353,67 Years,169,82,87,109,53,56,9,4,5,1,0,1,2,1,1,48,24,24
NOLAN COUNTY,353,68 Years,165,81,84,106,50,56,8,4,4,1,0,1,1,1,0,49,26,23
NOLAN COUNTY,353,69 Years,158,71,87,100,47,53,7,2,5,1,0,1,2,1,1,48,21,27
NOLAN COUNTY,353,70 Years,151,74,77,94,46,48,10,6,4,0,0,0,1,1,0,46,21,25
NOLAN COUNTY,353,71 Years,144,69,75,91,44,47,10,6,4,0,0,0,2,1,1,41,18,23
NOLAN COUNTY,353,72 Years,144,68,76,99,50,49,6,3,3,1,0,1,1,0,1,37,15,22
NOLAN COUNTY,353,73 Years,145,69,76,102,50,52,5,2,3,1,1,0,2,1,1,35,15,20
NOLAN COUNTY,353,74 Years,136,68,68,100,52,48,4,2,2,0,0,0,2,2,0,30,12,18
NOLAN COUNTY,353,75 Years,128,58,70,95,45,50,6,2,4,0,0,0,1,1,0,26,10,16
NOLAN COUNTY,353,76 Years,108,47,61,77,35,42,5,1,4,0,0,0,1,0,1,25,11,14
NOLAN COUNTY,353,77 Years,103,52,51,70,36,34,5,3,2,0,0,0,0,0,0,28,13,15
NOLAN COUNTY,353,78 Years,106,52,54,74,35,39,4,3,1,0,0,0,1,0,1,27,14,13
NOLAN COUNTY,353,79 Years,95,47,48,62,28,34,3,2,1,0,0,0,0,0,0,30,17,13
NOLAN COUNTY,353,80 Years,84,42,42,56,26,30,2,2,0,0,0,0,0,0,0,26,14,12
NOLAN COUNTY,353,81 Years,77,37,40,56,27,29,2,2,0,0,0,0,0,0,0,19,8,11
NOLAN COUNTY,353,82 Years,72,35,37,56,30,26,1,0,1,0,0,0,0,0,0,15,5,10
NOLAN COUNTY,353,83 Years,66,35,31,54,31,23,1,1,0,0,0,0,0,0,0,11,3,8
NOLAN COUNTY,353,84 Years,53,26,27,42,21,21,2,1,1,0,0,0,1,1,0,8,3,5
NOLAN COUNTY,353,85 Years,53,23,30,42,20,22,3,0,3,0,0,0,0,0,0,8,3,5
NOLAN COUNTY,353,86 Years,51,20,31,39,15,24,3,1,2,0,0,0,0,0,0,9,4,5
NOLAN COUNTY,353,87 Years,46,17,29,34,12,22,2,1,1,0,0,0,0,0,0,10,4,6
NOLAN COUNTY,353,88 Years,37,10,27,27,7,20,1,0,1,0,0,0,1,0,1,8,3,5
NOLAN COUNTY,353,89 Years,29,9,20,24,6,18,0,0,0,0,0,0,0,0,0,5,3,2
NOLAN COUNTY,353,90 Years,28,8,20,22,5,17,0,0,0,0,0,0,1,0,1,5,3,2
NOLAN COUNTY,353,91 Years,26,7,19,20,4,16,0,0,0,1,0,1,1,0,1,4,3,1
NOLAN COUNTY,353,92 Years,20,5,15,16,3,13,0,0,0,0,0,0,0,0,0,4,2,2
NOLAN COUNTY,353,93 Years,18,4,14,14,3,11,0,0,0,0,0,0,0,0,0,4,1,3
NOLAN COUNTY,353,94 Years,13,4,9,11,3,8,0,0,0,0,0,0,0,0,0,2,1,1
NOLAN COUNTY,353,95 Years +,45,13,32,30,5,25,4,2,2,0,0,0,0,0,0,11,6,5
NUECES COUNTY,355,All Ages,352725,174287,178438,96110,48202,47908,12859,6680,6179,7831,3677,4154,5349,2752,2597,230576,112976,117600
NUECES COUNTY,355,< 1 Year,4618,2357,2261,884,446,438,161,82,79,71,37,34,147,75,72,3355,1717,1638
NUECES COUNTY,355,1 Years,4733,2414,2319,916,467,449,182,93,89,69,36,33,119,61,58,3447,1757,1690
NUECES COUNTY,355,2 Years,4750,2419,2331,933,475,458,179,91,88,68,34,34,119,61,58,3451,1758,1693
NUECES COUNTY,355,3 Years,4531,2317,2214,922,489,433,159,80,79,59,29,30,114,59,55,3277,1660,1617
NUECES COUNTY,355,4 Years,4458,2285,2173,924,494,430,150,76,74,58,28,30,113,57,56,3213,1630,1583
NUECES COUNTY,355,5 Years,4564,2349,2215,962,512,450,156,77,79,66,32,34,116,60,56,3264,1668,1596
NUECES COUNTY,355,6 Years,4747,2454,2293,996,527,469,165,80,85,73,37,36,118,62,56,3395,1748,1647
NUECES COUNTY,355,7 Years,4983,2569,2414,1028,540,488,167,82,85,81,41,40,119,65,54,3588,1841,1747
NUECES COUNTY,355,8 Years,5010,2569,2441,997,524,473,169,90,79,79,39,40,99,53,46,3666,1863,1803
NUECES COUNTY,355,9 Years,4962,2538,2424,1000,527,473,164,90,74,77,39,38,91,48,43,3630,1834,1796
NUECES COUNTY,355,10 Years,4845,2492,2353,994,529,465,166,88,78,80,40,40,94,50,44,3511,1785,1726
NUECES COUNTY,355,11 Years,4768,2473,2295,973,519,454,163,87,76,83,40,43,94,52,42,3455,1775,1680
NUECES COUNTY,355,12 Years,4711,2401,2310,938,491,447,167,87,80,87,43,44,100,46,54,3419,1734,1685
NUECES COUNTY,355,13 Years,4700,2323,2377,981,492,489,152,73,79,93,45,48,90,48,42,3384,1665,1719
NUECES COUNTY,355,14 Years,4743,2360,2383,983,489,494,161,81,80,108,46,62,71,36,35,3420,1708,1712
NUECES COUNTY,355,15 Years,4705,2408,2297,914,473,441,153,81,72,103,43,60,78,36,42,3457,1775,1682
NUECES COUNTY,355,16 Years,4732,2452,2280,877,473,404,148,79,69,111,51,60,90,46,44,3506,1803,1703
NUECES COUNTY,355,17 Years,4698,2419,2279,832,459,373,156,78,78,110,56,54,92,45,47,3508,1781,1727
NUECES COUNTY,355,18 Years,4631,2381,2250,898,485,413,147,73,74,105,58,47,82,42,40,3399,1723,1676
NUECES COUNTY,355,19 Years,4784,2434,2350,953,478,475,177,92,85,115,52,63,68,36,32,3471,1776,1695
NUECES COUNTY,355,20 Years,4842,2511,2331,888,469,419,193,98,95,104,45,59,73,31,42,3584,1868,1716
NUECES COUNTY,355,21 Years,5024,2585,2439,997,523,474,182,89,93,124,61,63,77,34,43,3644,1878,1766
NUECES COUNTY,355,22 Years,5480,2711,2769,1229,578,651,229,111,118,159,79,80,90,51,39,3773,1892,1881
NUECES COUNTY,355,23 Years,5150,2583,2567,1081,513,568,242,121,121,160,93,67,94,57,37,3573,1799,1774
NUECES COUNTY,355,24 Years,4978,2542,2436,1075,550,525,215,110,105,144,87,57,92,52,40,3452,1743,1709
NUECES COUNTY,355,25 Years,4917,2449,2468,1063,514,549,217,114,103,131,70,61,93,48,45,3413,1703,1710
NUECES COUNTY,355,26 Years,5005,2527,2478,1113,557,556,218,112,106,112,63,49,105,53,52,3457,1742,1715
NUECES COUNTY,355,27 Years,5253,2735,2518,1315,696,619,205,108,97,114,72,42,99,46,53,3520,1813,1707
NUECES COUNTY,355,28 Years,5198,2683,2515,1316,666,650,230,114,116,126,73,53,86,37,49,3440,1793,1647
NUECES COUNTY,355,29 Years,5168,2670,2498,1311,675,636,243,112,131,112,58,54,84,33,51,3418,1792,1626
NUECES COUNTY,355,30 Years,5164,2682,2482,1350,692,658,199,118,81,103,50,53,67,36,31,3445,1786,1659
NUECES COUNTY,355,31 Years,4661,2486,2175,1080,621,459,162,113,49,106,52,54,58,36,22,3255,1664,1591
NUECES COUNTY,355,32 Years,4671,2424,2247,1162,640,522,183,105,78,105,56,49,68,40,28,3153,1583,1570
NUECES COUNTY,355,33 Years,4658,2385,2273,1233,646,587,190,108,82,100,53,47,68,41,27,3067,1537,1530
NUECES COUNTY,355,34 Years,4659,2403,2256,1270,660,610,169,100,69,104,52,52,72,42,30,3044,1549,1495
NUECES COUNTY,355,35 Years,4713,2455,2258,1311,711,600,170,93,77,98,47,51,71,40,31,3063,1564,1499
NUECES COUNTY,355,36 Years,4565,2261,2304,1237,613,624,186,105,81,116,48,68,73,39,34,2953,1456,1497
NUECES COUNTY,355,37 Years,4538,2265,2273,1202,607,595,195,114,81,127,51,76,72,39,33,2942,1454,1488
NUECES COUNTY,355,38 Years,4574,2314,2260,1219,629,590,195,115,80,112,43,69,62,34,28,2986,1493,1493
NUECES COUNTY,355,39 Years,4716,2375,2341,1226,645,581,196,109,87,104,47,57,59,34,25,3131,1540,1591
NUECES COUNTY,355,40 Years,4724,2388,2336,1213,628,585,192,106,86,92,48,44,61,35,26,3166,1571,1595
NUECES COUNTY,355,41 Years,4707,2352,2355,1204,617,587,192,110,82,100,42,58,61,32,29,3150,1551,1599
NUECES COUNTY,355,42 Years,4600,2301,2299,1196,615,581,175,107,68,109,49,60,55,30,25,3065,1500,1565
NUECES COUNTY,355,43 Years,4551,2284,2267,1205,621,584,158,85,73,87,36,51,64,36,28,3037,1506,1531
NUECES COUNTY,355,44 Years,4409,2180,2229,1143,579,564,147,77,70,92,38,54,63,34,29,2964,1452,1512
NUECES COUNTY,355,45 Years,4270,2080,2190,1059,526,533,124,64,60,103,43,60,59,28,31,2925,1419,1506
NUECES COUNTY,355,46 Years,4160,2007,2153,1009,505,504,124,58,66,118,51,67,54,24,30,2855,1369,1486
NUECES COUNTY,355,47 Years,4084,2002,2082,985,501,484,128,66,62,135,61,74,47,25,22,2789,1349,1440
NUECES COUNTY,355,48 Years,4020,1984,2036,1000,509,491,134,77,57,140,68,72,46,24,22,2700,1306,1394
NUECES COUNTY,355,49 Years,4023,1985,2038,1028,528,500,147,73,74,115,56,59,53,28,25,2680,1300,1380
NUECES COUNTY,355,50 Years,4116,1990,2126,1075,529,546,138,72,66,129,48,81,57,29,28,2717,1312,1405
NUECES COUNTY,355,51 Years,4223,2051,2172,1149,580,569,135,76,59,145,62,83,56,29,27,2738,1304,1434
NUECES COUNTY,355,52 Years,4188,2065,2123,1184,595,589,136,76,60,126,55,71,48,26,22,2694,1313,1381
NUECES COUNTY,355,53 Years,3895,1914,1981,1147,586,561,130,67,63,116,44,72,42,24,18,2460,1193,1267
NUECES COUNTY,355,54 Years,3777,1822,1955,1106,554,552,126,62,64,121,51,70,44,21,23,2380,1134,1246
NUECES COUNTY,355,55 Years,3764,1829,1935,1098,558,540,127,64,63,109,46,63,40,18,22,2390,1143,1247
NUECES COUNTY,355,56 Years,3645,1797,1848,1114,566,548,122,65,57,85,34,51,40,19,21,2284,1113,1171
NUECES COUNTY,355,57 Years,3925,1922,2003,1218,601,617,162,91,71,111,49,62,42,22,20,2392,1159,1233
NUECES COUNTY,355,58 Years,4096,1974,2122,1376,684,692,154,85,69,105,49,56,43,21,22,2418,1135,1283
NUECES COUNTY,355,59 Years,4257,2019,2238,1467,720,747,157,84,73,97,43,54,38,18,20,2498,1154,1344
NUECES COUNTY,355,60 Years,4160,2010,2150,1455,713,742,158,86,72,79,36,43,47,24,23,2421,1151,1270
NUECES COUNTY,355,61 Years,4083,1975,2108,1474,731,743,151,83,68,90,49,41,55,29,26,2313,1083,1230
NUECES COUNTY,355,62 Years,4128,1985,2143,1494,745,749,153,77,76,96,46,50,56,26,30,2329,1091,1238
NUECES COUNTY,355,63 Years,3969,1898,2071,1472,721,751,148,72,76,88,38,50,40,17,23,2221,1050,1171
NUECES COUNTY,355,64 Years,3869,1841,2028,1443,703,740,139,70,69,85,39,46,35,16,19,2167,1013,1154
NUECES COUNTY,355,65 Years,3864,1819,2045,1441,709,732,151,75,76,83,42,41,43,21,22,2146,972,1174
NUECES COUNTY,355,66 Years,3868,1826,2042,1439,718,721,161,84,77,86,37,49,43,22,21,2139,965,1174
NUECES COUNTY,355,67 Years,3783,1793,1990,1480,730,750,154,83,71,91,47,44,43,22,21,2015,911,1104
NUECES COUNTY,355,68 Years,3646,1717,1929,1512,737,775,137,68,69,94,44,50,34,16,18,1869,852,1017
NUECES COUNTY,355,69 Years,3402,1614,1788,1412,697,715,126,66,60,80,32,48,29,11,18,1755,808,947
NUECES COUNTY,355,70 Years,3153,1504,1649,1320,650,670,107,58,49,65,29,36,31,16,15,1630,751,879
NUECES COUNTY,355,71 Years,2980,1394,1586,1219,588,631,92,47,45,62,26,36,31,17,14,1576,716,860
NUECES COUNTY,355,72 Years,2845,1312,1533,1143,554,589,95,45,50,59,24,35,30,17,13,1518,672,846
NUECES COUNTY,355,73 Years,2753,1266,1487,1098,545,553,92,40,52,54,24,30,27,14,13,1482,643,839
NUECES COUNTY,355,74 Years,2715,1258,1457,1114,564,550,88,41,47,49,21,28,28,14,14,1436,618,818
NUECES COUNTY,355,75 Years,2596,1190,1406,1107,548,559,72,32,40,45,18,27,30,14,16,1342,578,764
NUECES COUNTY,355,76 Years,2241,1006,1235,941,448,493,70,33,37,40,15,25,24,11,13,1166,499,667
NUECES COUNTY,355,77 Years,2043,918,1125,840,402,438,63,28,35,37,16,21,17,8,9,1086,464,622
NUECES COUNTY,355,78 Years,1931,858,1073,815,381,434,60,27,33,31,11,20,16,7,9,1009,432,577
NUECES COUNTY,355,79 Years,1743,764,979,757,346,411,57,26,31,26,9,17,13,6,7,890,377,513
NUECES COUNTY,355,80 Years,1580,685,895,668,318,350,56,24,32,25,10,15,10,3,7,821,330,491
NUECES COUNTY,355,81 Years,1421,611,810,598,281,317,47,20,27,24,10,14,10,3,7,742,297,445
NUECES COUNTY,355,82 Years,1250,531,719,533,239,294,40,19,21,24,11,13,11,5,6,642,257,385
NUECES COUNTY,355,83 Years,1135,462,673,504,220,284,35,14,21,16,7,9,9,4,5,571,217,354
NUECES COUNTY,355,84 Years,1041,402,639,449,192,257,34,12,22,11,6,5,8,4,4,539,188,351
NUECES COUNTY,355,85 Years,950,366,584,410,172,238,32,10,22,11,6,5,8,4,4,489,174,315
NUECES COUNTY,355,86 Years,851,319,532,363,145,218,28,9,19,12,6,6,6,3,3,442,156,286
NUECES COUNTY,355,87 Years,796,290,506,343,133,210,26,10,16,9,4,5,5,2,3,413,141,272
NUECES COUNTY,355,88 Years,676,237,439,298,107,191,18,4,14,9,3,6,3,1,2,348,122,226
NUECES COUNTY,355,89 Years,576,197,379,255,94,161,16,4,12,10,2,8,3,1,2,292,96,196
NUECES COUNTY,355,90 Years,516,174,342,225,80,145,15,5,10,9,1,8,3,2,1,264,86,178
NUECES COUNTY,355,91 Years,471,156,315,210,69,141,12,4,8,10,2,8,3,2,1,236,79,157
NUECES COUNTY,355,92 Years,390,130,260,176,61,115,11,3,8,8,2,6,2,2,0,193,62,131
NUECES COUNTY,355,93 Years,311,101,210,140,49,91,8,1,7,5,1,4,2,1,1,156,49,107
NUECES COUNTY,355,94 Years,250,72,178,113,36,77,8,1,7,4,0,4,1,1,0,124,34,90
NUECES COUNTY,355,95 Years +,698,200,498,290,80,210,30,5,25,12,4,8,3,2,1,363,109,254
OCHILTREE COUNTY,357,All Ages,9599,4746,4853,3901,1858,2043,17,9,8,29,18,11,131,62,69,5521,2799,2722
OCHILTREE COUNTY,357,< 1 Year,143,71,72,42,21,21,1,0,1,0,0,0,5,2,3,95,48,47
OCHILTREE COUNTY,357,1 Years,153,78,75,47,24,23,1,0,1,0,0,0,4,2,2,101,52,49
OCHILTREE COUNTY,357,2 Years,153,79,74,48,24,24,1,1,0,0,0,0,3,2,1,101,52,49
OCHILTREE COUNTY,357,3 Years,136,71,65,43,23,20,1,0,1,0,0,0,2,1,1,90,47,43
OCHILTREE COUNTY,357,4 Years,133,72,61,42,22,20,0,0,0,0,0,0,1,1,0,90,49,41
OCHILTREE COUNTY,357,5 Years,154,77,77,48,23,25,0,0,0,0,0,0,1,1,0,105,53,52
OCHILTREE COUNTY,357,6 Years,171,81,90,49,23,26,0,0,0,0,0,0,3,1,2,119,57,62
OCHILTREE COUNTY,357,7 Years,191,86,105,54,24,30,0,0,0,0,0,0,4,1,3,133,61,72
OCHILTREE COUNTY,357,8 Years,183,88,95,50,22,28,0,0,0,0,0,0,4,2,2,129,64,65
OCHILTREE COUNTY,357,9 Years,175,84,91,52,22,30,1,1,0,0,0,0,3,1,2,119,60,59
OCHILTREE COUNTY,357,10 Years,169,81,88,53,24,29,1,1,0,2,0,2,3,1,2,110,55,55
OCHILTREE COUNTY,357,11 Years,161,76,85,53,24,29,1,1,0,0,0,0,3,1,2,104,50,54
OCHILTREE COUNTY,357,12 Years,164,79,85,50,27,23,1,1,0,1,1,0,2,1,1,110,49,61
OCHILTREE COUNTY,357,13 Years,164,84,80,44,27,17,1,0,1,0,0,0,1,1,0,118,56,62
OCHILTREE COUNTY,357,14 Years,171,97,74,44,26,18,1,1,0,0,0,0,5,4,1,121,66,55
OCHILTREE COUNTY,357,15 Years,168,89,79,45,21,24,1,1,0,0,0,0,3,1,2,119,66,53
OCHILTREE COUNTY,357,16 Years,171,85,86,49,25,24,0,0,0,1,0,1,1,0,1,120,60,60
OCHILTREE COUNTY,357,17 Years,173,79,94,46,24,22,1,0,1,0,0,0,1,0,1,125,55,70
OCHILTREE COUNTY,357,18 Years,180,76,104,55,22,33,0,0,0,1,0,1,1,1,0,123,53,70
OCHILTREE COUNTY,357,19 Years,161,75,86,48,20,28,0,0,0,1,0,1,2,2,0,110,53,57
OCHILTREE COUNTY,357,20 Years,144,66,78,42,20,22,0,0,0,0,0,0,2,1,1,100,45,55
OCHILTREE COUNTY,357,21 Years,147,71,76,43,23,20,0,0,0,1,1,0,3,2,1,100,45,55
OCHILTREE COUNTY,357,22 Years,139,71,68,40,20,20,0,0,0,1,1,0,4,2,2,94,48,46
OCHILTREE COUNTY,357,23 Years,128,61,67,33,16,17,0,0,0,0,0,0,3,1,2,92,44,48
OCHILTREE COUNTY,357,24 Years,116,57,59,33,16,17,0,0,0,0,0,0,1,0,1,82,41,41
OCHILTREE COUNTY,357,25 Years,115,55,60,37,16,21,0,0,0,0,0,0,1,0,1,77,39,38
OCHILTREE COUNTY,357,26 Years,119,60,59,41,19,22,0,0,0,0,0,0,2,1,1,76,40,36
OCHILTREE COUNTY,357,27 Years,124,66,58,43,19,24,0,0,0,0,0,0,2,1,1,79,46,33
OCHILTREE COUNTY,357,28 Years,121,63,58,39,19,20,0,0,0,1,0,1,2,1,1,79,43,36
OCHILTREE COUNTY,357,29 Years,111,59,52,37,19,18,0,0,0,0,0,0,2,1,1,72,39,33
OCHILTREE COUNTY,357,30 Years,121,64,57,41,20,21,0,0,0,0,0,0,2,1,1,78,43,35
OCHILTREE COUNTY,357,31 Years,114,53,61,37,15,22,0,0,0,0,0,0,2,1,1,75,37,38
OCHILTREE COUNTY,357,32 Years,116,52,64,42,18,24,0,0,0,0,0,0,1,0,1,73,34,39
OCHILTREE COUNTY,357,33 Years,125,66,59,46,21,25,0,0,0,2,2,0,1,1,0,76,42,34
OCHILTREE COUNTY,357,34 Years,132,71,61,48,23,25,0,0,0,2,1,1,2,1,1,80,46,34
OCHILTREE COUNTY,357,35 Years,135,72,63,44,22,22,0,0,0,1,1,0,2,1,1,88,48,40
OCHILTREE COUNTY,357,36 Years,116,60,56,41,18,23,0,0,0,1,1,0,1,0,1,73,41,32
OCHILTREE COUNTY,357,37 Years,131,67,64,49,22,27,0,0,0,1,1,0,2,1,1,79,43,36
OCHILTREE COUNTY,357,38 Years,112,52,60,47,20,27,0,0,0,1,0,1,0,0,0,64,32,32
OCHILTREE COUNTY,357,39 Years,105,47,58,46,18,28,0,0,0,0,0,0,1,1,0,58,28,30
OCHILTREE COUNTY,357,40 Years,112,50,62,48,20,28,0,0,0,0,0,0,1,1,0,63,29,34
OCHILTREE COUNTY,357,41 Years,106,46,60,44,20,24,1,0,1,1,1,0,0,0,0,60,25,35
OCHILTREE COUNTY,357,42 Years,96,48,48,37,19,18,0,0,0,1,1,0,2,0,2,56,28,28
OCHILTREE COUNTY,357,43 Years,103,50,53,40,19,21,0,0,0,0,0,0,2,1,1,61,30,31
OCHILTREE COUNTY,357,44 Years,112,52,60,42,19,23,0,0,0,0,0,0,1,1,0,69,32,37
OCHILTREE COUNTY,357,45 Years,105,52,53,35,15,20,0,0,0,1,1,0,1,1,0,68,35,33
OCHILTREE COUNTY,357,46 Years,97,51,46,32,13,19,0,0,0,1,1,0,0,0,0,64,37,27
OCHILTREE COUNTY,357,47 Years,105,58,47,40,20,20,0,0,0,0,0,0,1,1,0,64,37,27
OCHILTREE COUNTY,357,48 Years,121,68,53,50,29,21,0,0,0,0,0,0,1,1,0,70,38,32
OCHILTREE COUNTY,357,49 Years,109,59,50,44,24,20,0,0,0,0,0,0,0,0,0,65,35,30
OCHILTREE COUNTY,357,50 Years,111,63,48,43,24,19,1,0,1,1,1,0,0,0,0,66,38,28
OCHILTREE COUNTY,357,51 Years,107,57,50,45,23,22,1,0,1,0,0,0,0,0,0,61,34,27
OCHILTREE COUNTY,357,52 Years,105,55,50,48,24,24,0,0,0,0,0,0,0,0,0,57,31,26
OCHILTREE COUNTY,357,53 Years,91,48,43,38,19,19,0,0,0,0,0,0,1,1,0,52,28,24
OCHILTREE COUNTY,357,54 Years,90,44,46,36,16,20,0,0,0,0,0,0,3,1,2,51,27,24
OCHILTREE COUNTY,357,55 Years,86,44,42,41,20,21,0,0,0,0,0,0,1,0,1,44,24,20
OCHILTREE COUNTY,357,56 Years,97,48,49,44,21,23,0,0,0,1,0,1,1,1,0,51,26,25
OCHILTREE COUNTY,357,57 Years,98,48,50,48,23,25,0,0,0,0,0,0,2,1,1,48,24,24
OCHILTREE COUNTY,357,58 Years,106,56,50,55,24,31,0,0,0,1,1,0,2,1,1,48,30,18
OCHILTREE COUNTY,357,59 Years,109,57,52,64,29,35,0,0,0,0,0,0,1,1,0,44,27,17
OCHILTREE COUNTY,357,60 Years,108,53,55,66,33,33,1,1,0,0,0,0,1,1,0,40,18,22
OCHILTREE COUNTY,357,61 Years,113,57,56,66,34,32,1,1,0,0,0,0,1,1,0,45,21,24
OCHILTREE COUNTY,357,62 Years,115,56,59,66,33,33,0,0,0,1,1,0,3,1,2,45,21,24
OCHILTREE COUNTY,357,63 Years,102,52,50,60,32,28,0,0,0,1,1,0,3,1,2,38,18,20
OCHILTREE COUNTY,357,64 Years,96,46,50,58,28,30,0,0,0,1,0,1,3,1,2,34,17,17
OCHILTREE COUNTY,357,65 Years,96,51,45,63,33,30,0,0,0,0,0,0,2,1,1,31,17,14
OCHILTREE COUNTY,357,66 Years,93,48,45,61,32,29,0,0,0,0,0,0,1,0,1,31,16,15
OCHILTREE COUNTY,357,67 Years,93,48,45,60,31,29,0,0,0,0,0,0,1,0,1,32,17,15
OCHILTREE COUNTY,357,68 Years,86,42,44,57,28,29,0,0,0,0,0,0,1,0,1,28,14,14
OCHILTREE COUNTY,357,69 Years,79,35,44,55,24,31,0,0,0,1,1,0,0,0,0,23,10,13
OCHILTREE COUNTY,357,70 Years,77,33,44,58,23,35,0,0,0,0,0,0,0,0,0,19,10,9
OCHILTREE COUNTY,357,71 Years,66,33,33,51,23,28,0,0,0,0,0,0,0,0,0,15,10,5
OCHILTREE COUNTY,357,72 Years,57,29,28,42,20,22,0,0,0,0,0,0,0,0,0,15,9,6
OCHILTREE COUNTY,357,73 Years,59,29,30,44,20,24,0,0,0,0,0,0,1,1,0,14,8,6
OCHILTREE COUNTY,357,74 Years,57,30,27,47,25,22,0,0,0,1,0,1,0,0,0,9,5,4
OCHILTREE COUNTY,357,75 Years,55,31,24,45,25,20,0,0,0,0,0,0,1,0,1,9,6,3
OCHILTREE COUNTY,357,76 Years,45,24,21,33,17,16,0,0,0,0,0,0,0,0,0,12,7,5
OCHILTREE COUNTY,357,77 Years,46,18,28,31,13,18,0,0,0,0,0,0,1,0,1,14,5,9
OCHILTREE COUNTY,357,78 Years,41,19,22,31,15,16,0,0,0,0,0,0,0,0,0,10,4,6
OCHILTREE COUNTY,357,79 Years,42,21,21,32,15,17,0,0,0,0,0,0,0,0,0,10,6,4
OCHILTREE COUNTY,357,80 Years,35,12,23,27,9,18,0,0,0,0,0,0,1,0,1,7,3,4
OCHILTREE COUNTY,357,81 Years,35,10,25,30,9,21,0,0,0,0,0,0,1,0,1,4,1,3
OCHILTREE COUNTY,357,82 Years,33,10,23,28,8,20,0,0,0,0,0,0,0,0,0,5,2,3
OCHILTREE COUNTY,357,83 Years,22,7,15,19,6,13,0,0,0,0,0,0,0,0,0,3,1,2
OCHILTREE COUNTY,357,84 Years,19,9,10,16,8,8,0,0,0,0,0,0,0,0,0,3,1,2
OCHILTREE COUNTY,357,85 Years,16,9,7,12,7,5,0,0,0,0,0,0,0,0,0,4,2,2
OCHILTREE COUNTY,357,86 Years,15,6,9,10,4,6,0,0,0,0,0,0,0,0,0,5,2,3
OCHILTREE COUNTY,357,87 Years,18,7,11,14,6,8,0,0,0,0,0,0,0,0,0,4,1,3
OCHILTREE COUNTY,357,88 Years,13,5,8,10,5,5,0,0,0,0,0,0,1,0,1,2,0,2
OCHILTREE COUNTY,357,89 Years,13,6,7,10,6,4,0,0,0,0,0,0,0,0,0,3,0,3
OCHILTREE COUNTY,357,90 Years,9,3,6,7,3,4,0,0,0,0,0,0,0,0,0,2,0,2
OCHILTREE COUNTY,357,91 Years,9,3,6,7,2,5,0,0,0,0,0,0,0,0,0,2,1,1
OCHILTREE COUNTY,357,92 Years,6,1,5,4,1,3,0,0,0,0,0,0,1,0,1,1,0,1
OCHILTREE COUNTY,357,93 Years,4,1,3,3,1,2,0,0,0,0,0,0,0,0,0,1,0,1
OCHILTREE COUNTY,357,94 Years,4,2,2,4,2,2,0,0,0,0,0,0,0,0,0,0,0,0
OCHILTREE COUNTY,357,95 Years +,11,5,6,9,4,5,0,0,0,0,0,0,0,0,0,2,1,1
OLDHAM COUNTY,359,All Ages,1776,957,819,1450,782,668,48,25,23,1,0,1,24,7,17,253,143,110
OLDHAM COUNTY,359,< 1 Year,18,8,10,13,7,6,1,0,1,0,0,0,1,0,1,3,1,2
OLDHAM COUNTY,359,1 Years,17,8,9,11,6,5,1,0,1,0,0,0,1,0,1,4,2,2
OLDHAM COUNTY,359,2 Years,17,9,8,10,6,4,1,0,1,0,0,0,2,1,1,4,2,2
OLDHAM COUNTY,359,3 Years,11,4,7,8,3,5,0,0,0,0,0,0,1,0,1,2,1,1
OLDHAM COUNTY,359,4 Years,8,4,4,7,3,4,0,0,0,0,0,0,0,0,0,1,1,0
OLDHAM COUNTY,359,5 Years,12,7,5,9,5,4,0,0,0,0,0,0,0,0,0,3,2,1
OLDHAM COUNTY,359,6 Years,12,8,4,11,7,4,0,0,0,0,0,0,0,0,0,1,1,0
OLDHAM COUNTY,359,7 Years,11,7,4,10,6,4,0,0,0,0,0,0,0,0,0,1,1,0
OLDHAM COUNTY,359,8 Years,13,6,7,11,5,6,0,0,0,0,0,0,0,0,0,2,1,1
OLDHAM COUNTY,359,9 Years,12,5,7,10,4,6,0,0,0,0,0,0,0,0,0,2,1,1
OLDHAM COUNTY,359,10 Years,12,5,7,10,4,6,0,0,0,0,0,0,0,0,0,2,1,1
OLDHAM COUNTY,359,11 Years,11,4,7,9,4,5,0,0,0,0,0,0,0,0,0,2,0,2
OLDHAM COUNTY,359,12 Years,10,6,4,8,4,4,0,0,0,0,0,0,0,0,0,2,2,0
OLDHAM COUNTY,359,13 Years,29,21,8,14,10,4,1,1,0,0,0,0,0,0,0,14,10,4
OLDHAM COUNTY,359,14 Years,36,26,10,16,13,3,1,1,0,0,0,0,1,0,1,18,12,6
OLDHAM COUNTY,359,15 Years,69,48,21,46,31,15,6,5,1,0,0,0,6,4,2,11,8,3
OLDHAM COUNTY,359,16 Years,62,43,19,49,35,14,7,4,3,0,0,0,0,0,0,6,4,2
OLDHAM COUNTY,359,17 Years,52,33,19,37,25,12,4,1,3,1,0,1,2,1,1,8,6,2
OLDHAM COUNTY,359,18 Years,19,14,5,13,11,2,1,1,0,0,0,0,0,0,0,5,2,3
OLDHAM COUNTY,359,19 Years,2,2,0,2,2,0,0,0,0,0,0,0,0,0,0,0,0,0
OLDHAM COUNTY,359,20 Years,2,2,0,2,2,0,0,0,0,0,0,0,0,0,0,0,0,0
OLDHAM COUNTY,359,21 Years,8,5,3,7,5,2,1,0,1,0,0,0,0,0,0,0,0,0
OLDHAM COUNTY,359,22 Years,11,6,5,9,6,3,1,0,1,0,0,0,0,0,0,1,0,1
OLDHAM COUNTY,359,23 Years,11,7,4,9,6,3,0,0,0,0,0,0,0,0,0,2,1,1
OLDHAM COUNTY,359,24 Years,12,6,6,10,5,5,0,0,0,0,0,0,0,0,0,2,1,1
OLDHAM COUNTY,359,25 Years,13,6,7,11,5,6,0,0,0,0,0,0,0,0,0,2,1,1
OLDHAM COUNTY,359,26 Years,17,9,8,13,7,6,1,1,0,0,0,0,1,0,1,2,1,1
OLDHAM COUNTY,359,27 Years,15,9,6,11,6,5,1,1,0,0,0,0,0,0,0,3,2,1
OLDHAM COUNTY,359,28 Years,30,16,14,22,12,10,4,3,1,0,0,0,0,0,0,4,1,3
OLDHAM COUNTY,359,29 Years,27,14,13,21,11,10,3,2,1,0,0,0,0,0,0,3,1,2
OLDHAM COUNTY,359,30 Years,35,17,18,30,15,15,2,0,2,0,0,0,0,0,0,3,2,1
OLDHAM COUNTY,359,31 Years,26,10,16,22,9,13,0,0,0,0,0,0,0,0,0,4,1,3
OLDHAM COUNTY,359,32 Years,16,6,10,12,4,8,1,0,1,0,0,0,0,0,0,3,2,1
OLDHAM COUNTY,359,33 Years,21,9,12,15,8,7,2,1,1,0,0,0,1,0,1,3,0,3
OLDHAM COUNTY,359,34 Years,22,13,9,17,11,6,1,1,0,0,0,0,1,0,1,3,1,2
OLDHAM COUNTY,359,35 Years,15,10,5,12,8,4,1,1,0,0,0,0,1,0,1,1,1,0
OLDHAM COUNTY,359,36 Years,25,9,16,20,7,13,1,1,0,0,0,0,1,0,1,3,1,2
OLDHAM COUNTY,359,37 Years,34,14,20,29,12,17,1,1,0,0,0,0,1,0,1,3,1,2
OLDHAM COUNTY,359,38 Years,28,15,13,23,12,11,0,0,0,0,0,0,1,0,1,4,3,1
OLDHAM COUNTY,359,39 Years,26,16,10,18,10,8,0,0,0,0,0,0,0,0,0,8,6,2
OLDHAM COUNTY,359,40 Years,28,18,10,22,14,8,0,0,0,0,0,0,0,0,0,6,4,2
OLDHAM COUNTY,359,41 Years,27,12,15,22,9,13,1,0,1,0,0,0,0,0,0,4,3,1
OLDHAM COUNTY,359,42 Years,31,16,15,29,15,14,0,0,0,0,0,0,0,0,0,2,1,1
OLDHAM COUNTY,359,43 Years,30,15,15,29,15,14,1,0,1,0,0,0,0,0,0,0,0,0
OLDHAM COUNTY,359,44 Years,26,15,11,23,13,10,0,0,0,0,0,0,0,0,0,3,2,1
OLDHAM COUNTY,359,45 Years,23,15,8,19,12,7,0,0,0,0,0,0,0,0,0,4,3,1
OLDHAM COUNTY,359,46 Years,21,12,9,15,9,6,0,0,0,0,0,0,0,0,0,6,3,3
OLDHAM COUNTY,359,47 Years,21,11,10,16,8,8,0,0,0,0,0,0,0,0,0,5,3,2
OLDHAM COUNTY,359,48 Years,24,10,14,22,9,13,0,0,0,0,0,0,0,0,0,2,1,1
OLDHAM COUNTY,359,49 Years,23,11,12,21,10,11,1,0,1,0,0,0,0,0,0,1,1,0
OLDHAM COUNTY,359,50 Years,26,14,12,23,13,10,1,0,1,0,0,0,1,1,0,1,0,1
OLDHAM COUNTY,359,51 Years,24,10,14,20,9,11,0,0,0,0,0,0,1,0,1,3,1,2
OLDHAM COUNTY,359,52 Years,25,11,14,20,10,10,0,0,0,0,0,0,0,0,0,5,1,4
OLDHAM COUNTY,359,53 Years,34,16,18,29,15,14,1,0,1,0,0,0,0,0,0,4,1,3
OLDHAM COUNTY,359,54 Years,29,16,13,25,13,12,0,0,0,0,0,0,0,0,0,4,3,1
OLDHAM COUNTY,359,55 Years,18,9,9,16,8,8,0,0,0,0,0,0,0,0,0,2,1,1
OLDHAM COUNTY,359,56 Years,17,7,10,14,6,8,0,0,0,0,0,0,0,0,0,3,1,2
OLDHAM COUNTY,359,57 Years,24,13,11,22,11,11,0,0,0,0,0,0,0,0,0,2,2,0
OLDHAM COUNTY,359,58 Years,31,17,14,29,15,14,0,0,0,0,0,0,0,0,0,2,2,0
OLDHAM COUNTY,359,59 Years,36,23,13,32,20,12,0,0,0,0,0,0,0,0,0,4,3,1
OLDHAM COUNTY,359,60 Years,26,17,9,22,15,7,0,0,0,0,0,0,0,0,0,4,2,2
OLDHAM COUNTY,359,61 Years,26,12,14,21,10,11,0,0,0,0,0,0,0,0,0,5,2,3
OLDHAM COUNTY,359,62 Years,25,11,14,22,10,12,0,0,0,0,0,0,0,0,0,3,1,2
OLDHAM COUNTY,359,63 Years,20,10,10,19,9,10,0,0,0,0,0,0,0,0,0,1,1,0
OLDHAM COUNTY,359,64 Years,23,11,12,22,10,12,0,0,0,0,0,0,0,0,0,1,1,0
OLDHAM COUNTY,359,65 Years,26,11,15,25,10,15,0,0,0,0,0,0,0,0,0,1,1,0
OLDHAM COUNTY,359,66 Years,22,11,11,21,10,11,0,0,0,0,0,0,0,0,0,1,1,0
OLDHAM COUNTY,359,67 Years,25,13,12,23,11,12,0,0,0,0,0,0,0,0,0,2,2,0
OLDHAM COUNTY,359,68 Years,20,11,9,19,10,9,0,0,0,0,0,0,0,0,0,1,1,0
OLDHAM COUNTY,359,69 Years,14,6,8,12,5,7,0,0,0,0,0,0,0,0,0,2,1,1
OLDHAM COUNTY,359,70 Years,17,9,8,15,8,7,0,0,0,0,0,0,0,0,0,2,1,1
OLDHAM COUNTY,359,71 Years,16,8,8,14,7,7,0,0,0,0,0,0,0,0,0,2,1,1
OLDHAM COUNTY,359,72 Years,18,10,8,16,9,7,0,0,0,0,0,0,0,0,0,2,1,1
OLDHAM COUNTY,359,73 Years,16,10,6,14,10,4,0,0,0,0,0,0,0,0,0,2,0,2
OLDHAM COUNTY,359,74 Years,17,10,7,15,10,5,0,0,0,0,0,0,1,0,1,1,0,1
OLDHAM COUNTY,359,75 Years,14,8,6,12,7,5,0,0,0,0,0,0,0,0,0,2,1,1
OLDHAM COUNTY,359,76 Years,12,8,4,10,7,3,0,0,0,0,0,0,0,0,0,2,1,1
OLDHAM COUNTY,359,77 Years,12,6,6,9,5,4,0,0,0,0,0,0,0,0,0,3,1,2
OLDHAM COUNTY,359,78 Years,14,7,7,12,5,7,0,0,0,0,0,0,0,0,0,2,2,0
OLDHAM COUNTY,359,79 Years,10,5,5,9,4,5,0,0,0,0,0,0,0,0,0,1,1,0
OLDHAM COUNTY,359,80 Years,8,4,4,6,3,3,0,0,0,0,0,0,0,0,0,2,1,1
OLDHAM COUNTY,359,81 Years,6,2,4,5,2,3,0,0,0,0,0,0,0,0,0,1,0,1
OLDHAM COUNTY,359,82 Years,6,2,4,6,2,4,0,0,0,0,0,0,0,0,0,0,0,0
OLDHAM COUNTY,359,83 Years,8,3,5,8,3,5,0,0,0,0,0,0,0,0,0,0,0,0
OLDHAM COUNTY,359,84 Years,6,2,4,5,2,3,0,0,0,0,0,0,0,0,0,1,0,1
OLDHAM COUNTY,359,85 Years,7,3,4,6,3,3,0,0,0,0,0,0,0,0,0,1,0,1
OLDHAM COUNTY,359,86 Years,5,3,2,5,3,2,0,0,0,0,0,0,0,0,0,0,0,0
OLDHAM COUNTY,359,87 Years,4,2,2,4,2,2,0,0,0,0,0,0,0,0,0,0,0,0
OLDHAM COUNTY,359,88 Years,4,2,2,4,2,2,0,0,0,0,0,0,0,0,0,0,0,0
OLDHAM COUNTY,359,89 Years,0,0,0,0,0,0,0,0,0,0,0,0,0,0,0,0,0,0
OLDHAM COUNTY,359,90 Years,0,0,0,0,0,0,0,0,0,0,0,0,0,0,0,0,0,0
OLDHAM COUNTY,359,91 Years,1,0,1,1,0,1,0,0,0,0,0,0,0,0,0,0,0,0
OLDHAM COUNTY,359,92 Years,0,0,0,0,0,0,0,0,0,0,0,0,0,0,0,0,0,0
OLDHAM COUNTY,359,93 Years,0,0,0,0,0,0,0,0,0,0,0,0,0,0,0,0,0,0
OLDHAM COUNTY,359,94 Years,0,0,0,0,0,0,0,0,0,0,0,0,0,0,0,0,0,0
OLDHAM COUNTY,359,95 Years +,3,2,1,3,2,1,0,0,0,0,0,0,0,0,0,0,0,0
ORANGE COUNTY,361,All Ages,85327,42134,43193,68148,33589,34559,7776,3701,4075,993,453,540,2004,1064,940,6406,3327,3079
ORANGE COUNTY,361,< 1 Year,982,505,477,637,329,308,113,58,55,13,7,6,61,31,30,158,80,78
ORANGE COUNTY,361,1 Years,945,482,463,614,313,301,106,54,52,11,5,6,51,26,25,163,84,79
ORANGE COUNTY,361,2 Years,953,485,468,622,317,305,106,54,52,10,5,5,51,25,26,164,84,80
ORANGE COUNTY,361,3 Years,1019,521,498,720,368,352,107,54,53,10,4,6,44,25,19,138,70,68
ORANGE COUNTY,361,4 Years,1067,543,524,763,392,371,119,58,61,10,4,6,45,25,20,130,64,66
ORANGE COUNTY,361,5 Years,1107,568,539,786,409,377,129,62,67,10,5,5,51,28,23,131,64,67
ORANGE COUNTY,361,6 Years,1180,609,571,838,435,403,145,72,73,13,7,6,57,32,25,127,63,64
ORANGE COUNTY,361,7 Years,1236,639,597,893,460,433,151,79,72,15,7,8,57,35,22,120,58,62
ORANGE COUNTY,361,8 Years,1267,663,604,926,475,451,140,77,63,14,8,6,53,33,20,134,70,64
ORANGE COUNTY,361,9 Years,1247,648,599,909,466,443,129,65,64,11,7,4,54,33,21,144,77,67
ORANGE COUNTY,361,10 Years,1199,623,576,868,449,419,125,60,65,10,6,4,51,30,21,145,78,67
ORANGE COUNTY,361,11 Years,1162,609,553,846,448,398,124,58,66,10,6,4,47,28,19,135,69,66
ORANGE COUNTY,361,12 Years,1125,583,542,840,436,404,115,61,54,10,5,5,41,22,19,119,59,60
ORANGE COUNTY,361,13 Years,1194,613,581,913,462,451,107,60,47,11,6,5,43,24,19,120,61,59
ORANGE COUNTY,361,14 Years,1234,637,597,925,468,457,134,72,62,12,8,4,48,27,21,115,62,53
ORANGE COUNTY,361,15 Years,1215,626,589,919,484,435,137,66,71,12,6,6,42,20,22,105,50,55
ORANGE COUNTY,361,16 Years,1176,610,566,884,464,420,122,65,57,15,8,7,45,24,21,110,49,61
ORANGE COUNTY,361,17 Years,1139,591,548,866,445,421,114,62,52,13,7,6,34,21,13,112,56,56
ORANGE COUNTY,361,18 Years,1115,584,531,853,442,411,127,67,60,9,4,5,26,16,10,100,55,45
ORANGE COUNTY,361,19 Years,1096,573,523,825,426,399,127,65,62,10,4,6,28,15,13,106,63,43
ORANGE COUNTY,361,20 Years,1059,554,505,802,419,383,109,53,56,15,7,8,25,14,11,108,61,47
ORANGE COUNTY,361,21 Years,1017,533,484,777,411,366,107,52,55,17,6,11,23,14,9,93,50,43
ORANGE COUNTY,361,22 Years,963,498,465,732,375,357,105,54,51,14,6,8,25,14,11,87,49,38
ORANGE COUNTY,361,23 Years,929,458,471,707,357,350,96,46,50,21,7,14,26,13,13,79,35,44
ORANGE COUNTY,361,24 Years,914,464,450,693,359,334,91,42,49,20,9,11,24,13,11,86,41,45
ORANGE COUNTY,361,25 Years,960,485,475,745,377,368,96,50,46,19,6,13,23,11,12,77,41,36
ORANGE COUNTY,361,26 Years,1047,516,531,802,393,409,115,59,56,19,5,14,23,13,10,88,46,42
ORANGE COUNTY,361,27 Years,1111,560,551,854,433,421,124,66,58,27,6,21,26,14,12,80,41,39
ORANGE COUNTY,361,28 Years,1108,550,558,828,417,411,133,61,72,20,9,11,28,15,13,99,48,51
ORANGE COUNTY,361,29 Years,1139,567,572,852,423,429,143,73,70,15,8,7,33,15,18,96,48,48
ORANGE COUNTY,361,30 Years,1131,581,550,856,436,420,136,69,67,12,5,7,31,16,15,96,55,41
ORANGE COUNTY,361,31 Years,1182,588,594,924,464,460,127,60,67,13,5,8,22,12,10,96,47,49
ORANGE COUNTY,361,32 Years,1169,591,578,942,483,459,113,52,61,10,6,4,23,12,11,81,38,43
ORANGE COUNTY,361,33 Years,1150,576,574,920,456,464,106,51,55,11,7,4,19,9,10,94,53,41
ORANGE COUNTY,361,34 Years,1104,533,571,878,418,460,93,45,48,11,5,6,15,4,11,107,61,46
ORANGE COUNTY,361,35 Years,1075,514,561,860,412,448,88,35,53,10,4,6,18,6,12,99,57,42
ORANGE COUNTY,361,36 Years,1068,527,541,857,429,428,89,37,52,12,6,6,20,9,11,90,46,44
ORANGE COUNTY,361,37 Years,1058,518,540,851,420,431,96,44,52,12,4,8,14,6,8,85,44,41
ORANGE COUNTY,361,38 Years,1088,533,555,861,416,445,97,43,54,19,9,10,16,7,9,95,58,37
ORANGE COUNTY,361,39 Years,1089,547,542,881,433,448,88,42,46,8,5,3,16,8,8,96,59,37
ORANGE COUNTY,361,40 Years,1054,530,524,856,422,434,81,39,42,4,4,0,18,12,6,95,53,42
ORANGE COUNTY,361,41 Years,1060,523,537,862,421,441,74,37,37,17,6,11,14,9,5,93,50,43
ORANGE COUNTY,361,42 Years,1059,515,544,853,416,437,82,35,47,19,5,14,15,9,6,90,50,40
ORANGE COUNTY,361,43 Years,1036,506,530,850,418,432,85,37,48,13,4,9,16,9,7,72,38,34
ORANGE COUNTY,361,44 Years,1018,514,504,841,426,415,76,33,43,12,6,6,14,10,4,75,39,36
ORANGE COUNTY,361,45 Years,1018,519,499,841,433,408,74,29,45,11,6,5,14,10,4,78,41,37
ORANGE COUNTY,361,46 Years,948,477,471,772,391,381,78,32,46,16,9,7,15,7,8,67,38,29
ORANGE COUNTY,361,47 Years,954,455,499,772,368,404,76,36,40,19,7,12,15,6,9,72,38,34
ORANGE COUNTY,361,48 Years,967,448,519,791,363,428,72,34,38,15,7,8,15,6,9,74,38,36
ORANGE COUNTY,361,49 Years,978,461,517,810,377,433,75,34,41,12,8,4,16,7,9,65,35,30
ORANGE COUNTY,361,50 Years,1024,502,522,849,420,429,82,32,50,16,8,8,11,6,5,66,36,30
ORANGE COUNTY,361,51 Years,1081,538,543,892,458,434,94,37,57,16,6,10,15,7,8,64,30,34
ORANGE COUNTY,361,52 Years,1060,530,530,873,442,431,85,37,48,13,5,8,18,11,7,71,35,36
ORANGE COUNTY,361,53 Years,991,507,484,817,418,399,80,35,45,14,8,6,16,10,6,64,36,28
ORANGE COUNTY,361,54 Years,981,500,481,809,416,393,86,37,49,17,10,7,14,9,5,55,28,27
ORANGE COUNTY,361,55 Years,1017,511,506,850,434,416,83,37,46,20,10,10,11,6,5,53,24,29
ORANGE COUNTY,361,56 Years,1035,517,518,858,431,427,90,41,49,14,7,7,16,9,7,57,29,28
ORANGE COUNTY,361,57 Years,1059,517,542,880,428,452,94,42,52,13,6,7,17,10,7,55,31,24
ORANGE COUNTY,361,58 Years,1146,531,615,981,453,528,87,41,46,10,4,6,18,10,8,50,23,27
ORANGE COUNTY,361,59 Years,1156,558,598,1002,483,519,79,43,36,13,6,7,17,7,10,45,19,26
ORANGE COUNTY,361,60 Years,1145,577,568,994,502,492,84,45,39,10,4,6,17,7,10,40,19,21
ORANGE COUNTY,361,61 Years,1127,558,569,972,480,492,89,46,43,8,4,4,20,10,10,38,18,20
ORANGE COUNTY,361,62 Years,1123,554,569,964,478,486,87,39,48,10,5,5,22,11,11,40,21,19
ORANGE COUNTY,361,63 Years,1106,539,567,949,465,484,86,39,47,13,5,8,17,9,8,41,21,20
ORANGE COUNTY,361,64 Years,1122,548,574,964,478,486,89,40,49,12,3,9,15,7,8,42,20,22
ORANGE COUNTY,361,65 Years,1089,527,562,936,458,478,86,38,48,13,7,6,15,6,9,39,18,21
ORANGE COUNTY,361,66 Years,1012,494,518,873,429,444,81,34,47,13,6,7,17,8,9,28,17,11
ORANGE COUNTY,361,67 Years,994,475,519,859,409,450,78,30,48,13,7,6,17,10,7,27,19,8
ORANGE COUNTY,361,68 Years,919,429,490,793,366,427,76,35,41,10,5,5,13,6,7,27,17,10
ORANGE COUNTY,361,69 Years,843,397,446,731,340,391,68,33,35,8,4,4,11,5,6,25,15,10
ORANGE COUNTY,361,70 Years,828,392,436,723,340,383,61,28,33,8,3,5,13,9,4,23,12,11
ORANGE COUNTY,361,71 Years,813,384,429,711,334,377,59,26,33,6,3,3,13,8,5,24,13,11
ORANGE COUNTY,361,72 Years,776,361,415,690,318,372,48,22,26,7,4,3,9,5,4,22,12,10
ORANGE COUNTY,361,73 Years,714,329,385,633,294,339,46,19,27,6,4,2,12,4,8,17,8,9
ORANGE COUNTY,361,74 Years,705,331,374,624,294,330,46,21,25,6,3,3,11,4,7,18,9,9
ORANGE COUNTY,361,75 Years,668,303,365,592,269,323,46,21,25,3,1,2,9,3,6,18,9,9
ORANGE COUNTY,361,76 Years,569,259,310,506,230,276,39,19,20,2,1,1,7,2,5,15,7,8
ORANGE COUNTY,361,77 Years,523,234,289,465,209,256,32,16,16,2,1,1,7,2,5,17,6,11
ORANGE COUNTY,361,78 Years,534,240,294,480,216,264,33,14,19,2,1,1,7,4,3,12,5,7
ORANGE COUNTY,361,79 Years,505,232,273,452,207,245,34,16,18,4,2,2,5,3,2,10,4,6
ORANGE COUNTY,361,80 Years,467,220,247,417,195,222,29,16,13,3,1,2,7,3,4,11,5,6
ORANGE COUNTY,361,81 Years,420,179,241,375,160,215,26,12,14,2,0,2,7,2,5,10,5,5
ORANGE COUNTY,361,82 Years,360,148,212,319,132,187,24,9,15,0,0,0,7,3,4,10,4,6
ORANGE COUNTY,361,83 Years,328,131,197,287,115,172,24,9,15,1,0,1,5,3,2,11,4,7
ORANGE COUNTY,361,84 Years,302,114,188,262,97,165,23,8,15,2,1,1,6,4,2,9,4,5
ORANGE COUNTY,361,85 Years,267,109,158,230,94,136,22,7,15,2,1,1,6,4,2,7,3,4
ORANGE COUNTY,361,86 Years,241,94,147,214,84,130,16,6,10,0,0,0,5,1,4,6,3,3
ORANGE COUNTY,361,87 Years,218,87,131,192,80,112,12,3,9,2,0,2,3,0,3,9,4,5
ORANGE COUNTY,361,88 Years,176,70,106,156,64,92,11,2,9,1,0,1,2,1,1,6,3,3
ORANGE COUNTY,361,89 Years,144,55,89,127,49,78,8,2,6,0,0,0,3,1,2,6,3,3
ORANGE COUNTY,361,90 Years,126,44,82,110,38,72,8,2,6,1,0,1,2,1,1,5,3,2
ORANGE COUNTY,361,91 Years,114,39,75,99,32,67,8,3,5,1,0,1,2,1,1,4,3,1
ORANGE COUNTY,361,92 Years,95,30,65,82,26,56,6,2,4,1,0,1,2,1,1,4,1,3
ORANGE COUNTY,361,93 Years,78,23,55,66,20,46,5,1,4,1,0,1,2,1,1,4,1,3
ORANGE COUNTY,361,94 Years,63,18,45,52,16,36,6,1,5,1,0,1,1,0,1,3,1,2
ORANGE COUNTY,361,95 Years +,152,46,106,121,34,87,18,6,12,1,1,0,3,0,3,9,5,4
PALO PINTO COUNTY,363,All Ages,29500,14417,15083,21329,10317,11012,733,373,360,181,97,84,581,282,299,6676,3348,3328
PALO PINTO COUNTY,363,< 1 Year,361,178,183,204,99,105,9,5,4,2,1,1,18,9,9,128,64,64
PALO PINTO COUNTY,363,1 Years,349,180,169,192,98,94,10,6,4,2,1,1,14,8,6,131,67,64
PALO PINTO COUNTY,363,2 Years,351,179,172,195,99,96,8,4,4,2,1,1,14,7,7,132,68,64
PALO PINTO COUNTY,363,3 Years,372,189,183,222,114,108,8,5,3,1,0,1,15,8,7,126,62,64
PALO PINTO COUNTY,363,4 Years,381,197,184,225,115,110,8,5,3,0,0,0,14,8,6,134,69,65
PALO PINTO COUNTY,363,5 Years,383,193,190,231,116,115,8,3,5,0,0,0,13,7,6,131,67,64
PALO PINTO COUNTY,363,6 Years,382,197,185,229,119,110,7,3,4,2,2,0,12,7,5,132,66,66
PALO PINTO COUNTY,363,7 Years,379,194,185,229,119,110,8,4,4,2,2,0,13,8,5,127,61,66
PALO PINTO COUNTY,363,8 Years,380,197,183,232,124,108,8,4,4,2,1,1,15,8,7,123,60,63
PALO PINTO COUNTY,363,9 Years,390,203,187,234,125,109,9,4,5,2,1,1,19,8,11,126,65,61
PALO PINTO COUNTY,363,10 Years,390,213,177,234,131,103,8,3,5,2,1,1,16,9,7,130,69,61
PALO PINTO COUNTY,363,11 Years,384,213,171,231,131,100,9,4,5,2,1,1,14,9,5,128,68,60
PALO PINTO COUNTY,363,12 Years,388,209,179,236,126,110,11,6,5,0,0,0,9,7,2,132,70,62
PALO PINTO COUNTY,363,13 Years,369,191,178,225,116,109,14,7,7,1,0,1,5,4,1,124,64,60
PALO PINTO COUNTY,363,14 Years,372,191,181,234,122,112,16,6,10,3,0,3,5,2,3,114,61,53
PALO PINTO COUNTY,363,15 Years,391,198,193,252,126,126,13,6,7,1,0,1,8,3,5,117,63,54
PALO PINTO COUNTY,363,16 Years,384,194,190,245,128,117,10,3,7,1,1,0,10,4,6,118,58,60
PALO PINTO COUNTY,363,17 Years,378,192,186,237,123,114,12,5,7,3,2,1,9,4,5,117,58,59
PALO PINTO COUNTY,363,18 Years,349,177,172,216,112,104,11,7,4,2,1,1,8,3,5,112,54,58
PALO PINTO COUNTY,363,19 Years,344,171,173,217,112,105,9,5,4,0,0,0,7,4,3,111,50,61
PALO PINTO COUNTY,363,20 Years,337,158,179,215,103,112,8,4,4,0,0,0,6,2,4,108,49,59
PALO PINTO COUNTY,363,21 Years,344,165,179,212,106,106,12,6,6,2,1,1,8,4,4,110,48,62
PALO PINTO COUNTY,363,22 Years,355,171,184,211,102,109,14,6,8,3,1,2,9,5,4,118,57,61
PALO PINTO COUNTY,363,23 Years,341,173,168,207,105,102,10,5,5,5,3,2,8,4,4,111,56,55
PALO PINTO COUNTY,363,24 Years,340,183,157,207,115,92,10,5,5,2,1,1,9,4,5,112,58,54
PALO PINTO COUNTY,363,25 Years,340,180,160,212,115,97,11,6,5,3,3,0,9,5,4,105,51,54
PALO PINTO COUNTY,363,26 Years,366,196,170,233,120,113,11,7,4,4,4,0,10,5,5,108,60,48
PALO PINTO COUNTY,363,27 Years,377,198,179,240,123,117,11,6,5,1,1,0,9,5,4,116,63,53
PALO PINTO COUNTY,363,28 Years,348,181,167,219,108,111,9,6,3,5,4,1,7,5,2,108,58,50
PALO PINTO COUNTY,363,29 Years,368,198,170,244,127,117,6,5,1,6,5,1,9,4,5,103,57,46
PALO PINTO COUNTY,363,30 Years,356,183,173,246,127,119,5,3,2,7,5,2,7,3,4,91,45,46
PALO PINTO COUNTY,363,31 Years,352,168,184,249,119,130,7,5,2,6,5,1,5,3,2,85,36,49
PALO PINTO COUNTY,363,32 Years,353,165,188,249,115,134,7,5,2,7,5,2,6,4,2,84,36,48
PALO PINTO COUNTY,363,33 Years,353,169,184,249,114,135,8,5,3,5,2,3,5,4,1,86,44,42
PALO PINTO COUNTY,363,34 Years,366,177,189,249,112,137,8,5,3,5,3,2,5,4,1,99,53,46
PALO PINTO COUNTY,363,35 Years,353,175,178,248,121,127,7,4,3,5,2,3,4,2,2,89,46,43
PALO PINTO COUNTY,363,36 Years,336,174,162,240,122,118,11,7,4,4,2,2,3,1,2,78,42,36
PALO PINTO COUNTY,363,37 Years,313,148,165,219,103,116,8,3,5,4,2,2,8,1,7,74,39,35
PALO PINTO COUNTY,363,38 Years,300,149,151,214,105,109,6,3,3,2,1,1,6,2,4,72,38,34
PALO PINTO COUNTY,363,39 Years,304,142,162,214,94,120,5,2,3,2,1,1,4,2,2,79,43,36
PALO PINTO COUNTY,363,40 Years,295,130,165,211,89,122,6,3,3,2,1,1,3,1,2,73,36,37
PALO PINTO COUNTY,363,41 Years,300,135,165,207,90,117,6,3,3,1,0,1,3,1,2,83,41,42
PALO PINTO COUNTY,363,42 Years,291,133,158,209,90,119,6,4,2,1,1,0,3,2,1,72,36,36
PALO PINTO COUNTY,363,43 Years,292,139,153,213,97,116,11,6,5,2,1,1,5,3,2,61,32,29
PALO PINTO COUNTY,363,44 Years,294,140,154,211,98,113,14,6,8,3,1,2,6,3,3,60,32,28
PALO PINTO COUNTY,363,45 Years,294,150,144,214,108,106,11,5,6,3,1,2,3,2,1,63,34,29
PALO PINTO COUNTY,363,46 Years,298,145,153,212,103,109,11,6,5,2,1,1,2,2,0,71,33,38
PALO PINTO COUNTY,363,47 Years,299,138,161,215,100,115,6,2,4,1,1,0,2,1,1,75,34,41
PALO PINTO COUNTY,363,48 Years,317,148,169,226,104,122,10,6,4,3,1,2,4,2,2,74,35,39
PALO PINTO COUNTY,363,49 Years,319,147,172,226,101,125,12,9,3,2,0,2,6,2,4,73,35,38
PALO PINTO COUNTY,363,50 Years,316,151,165,232,109,123,9,6,3,2,0,2,3,1,2,70,35,35
PALO PINTO COUNTY,363,51 Years,328,155,173,242,121,121,8,3,5,2,1,1,3,1,2,73,29,44
PALO PINTO COUNTY,363,52 Years,365,176,189,276,137,139,9,3,6,2,1,1,3,1,2,75,34,41
PALO PINTO COUNTY,363,53 Years,338,164,174,252,119,133,5,3,2,2,1,1,4,3,1,75,38,37
PALO PINTO COUNTY,363,54 Years,328,156,172,256,123,133,4,2,2,0,0,0,3,2,1,65,29,36
PALO PINTO COUNTY,363,55 Years,354,166,188,277,129,148,6,5,1,0,0,0,3,1,2,68,31,37
PALO PINTO COUNTY,363,56 Years,328,156,172,248,120,128,7,5,2,1,1,0,5,2,3,67,28,39
PALO PINTO COUNTY,363,57 Years,367,169,198,286,129,157,6,4,2,1,1,0,8,3,5,66,32,34
PALO PINTO COUNTY,363,58 Years,406,188,218,314,145,169,8,4,4,3,1,2,9,3,6,72,35,37
PALO PINTO COUNTY,363,59 Years,412,188,224,327,145,182,10,4,6,3,2,1,6,2,4,66,35,31
PALO PINTO COUNTY,363,60 Years,429,211,218,339,161,178,15,9,6,1,1,0,8,3,5,66,37,29
PALO PINTO COUNTY,363,61 Years,442,222,220,355,173,182,13,8,5,0,0,0,7,3,4,67,38,29
PALO PINTO COUNTY,363,62 Years,452,208,244,370,170,200,14,6,8,1,0,1,8,3,5,59,29,30
PALO PINTO COUNTY,363,63 Years,416,192,224,336,159,177,8,4,4,2,0,2,9,1,8,61,28,33
PALO PINTO COUNTY,363,64 Years,408,190,218,327,152,175,9,5,4,2,1,1,8,3,5,62,29,33
PALO PINTO COUNTY,363,65 Years,417,195,222,350,162,188,10,4,6,3,1,2,9,4,5,45,24,21
PALO PINTO COUNTY,363,66 Years,431,205,226,368,171,197,12,5,7,3,2,1,10,3,7,38,24,14
PALO PINTO COUNTY,363,67 Years,410,189,221,356,162,194,12,4,8,2,1,1,8,3,5,32,19,13
PALO PINTO COUNTY,363,68 Years,383,177,206,329,153,176,14,3,11,1,0,1,4,2,2,35,19,16
PALO PINTO COUNTY,363,69 Years,364,172,192,309,149,160,9,3,6,1,0,1,3,2,1,42,18,24
PALO PINTO COUNTY,363,70 Years,334,154,180,283,131,152,8,4,4,2,1,1,3,2,1,38,16,22
PALO PINTO COUNTY,363,71 Years,319,151,168,275,130,145,6,4,2,2,1,1,3,1,2,33,15,18
PALO PINTO COUNTY,363,72 Years,340,163,177,295,140,155,9,5,4,2,1,1,3,1,2,31,16,15
PALO PINTO COUNTY,363,73 Years,311,150,161,269,128,141,8,3,5,1,0,1,5,1,4,28,18,10
PALO PINTO COUNTY,363,74 Years,326,159,167,284,138,146,7,2,5,1,0,1,5,2,3,29,17,12
PALO PINTO COUNTY,363,75 Years,342,166,176,304,149,155,11,5,6,1,0,1,4,1,3,22,11,11
PALO PINTO COUNTY,363,76 Years,291,146,145,257,130,127,8,4,4,0,0,0,3,1,2,23,11,12
PALO PINTO COUNTY,363,77 Years,258,136,122,228,118,110,4,3,1,1,1,0,3,2,1,22,12,10
PALO PINTO COUNTY,363,78 Years,252,128,124,228,117,111,2,1,1,2,1,1,4,2,2,16,7,9
PALO PINTO COUNTY,363,79 Years,221,108,113,202,100,102,3,2,1,1,0,1,3,1,2,12,5,7
PALO PINTO COUNTY,363,80 Years,193,90,103,177,81,96,2,2,0,1,0,1,3,1,2,10,6,4
PALO PINTO COUNTY,363,81 Years,174,75,99,160,69,91,2,2,0,1,0,1,2,1,1,9,3,6
PALO PINTO COUNTY,363,82 Years,156,64,92,143,58,85,2,1,1,0,0,0,2,1,1,9,4,5
PALO PINTO COUNTY,363,83 Years,132,67,65,119,61,58,2,1,1,0,0,0,2,1,1,9,4,5
PALO PINTO COUNTY,363,84 Years,126,64,62,114,58,56,2,1,1,2,1,1,1,1,0,7,3,4
PALO PINTO COUNTY,363,85 Years,109,49,60,98,45,53,2,0,2,2,1,1,0,0,0,7,3,4
PALO PINTO COUNTY,363,86 Years,99,40,59,90,35,55,1,0,1,1,1,0,0,0,0,7,4,3
PALO PINTO COUNTY,363,87 Years,87,36,51,81,32,49,1,0,1,0,0,0,1,1,0,4,3,1
PALO PINTO COUNTY,363,88 Years,70,28,42,65,26,39,0,0,0,0,0,0,1,1,0,4,1,3
PALO PINTO COUNTY,363,89 Years,60,23,37,56,22,34,0,0,0,0,0,0,0,0,0,4,1,3
PALO PINTO COUNTY,363,90 Years,50,20,30,47,19,28,0,0,0,0,0,0,0,0,0,3,1,2
PALO PINTO COUNTY,363,91 Years,44,15,29,41,14,27,0,0,0,0,0,0,0,0,0,3,1,2
PALO PINTO COUNTY,363,92 Years,34,12,22,32,11,21,0,0,0,0,0,0,0,0,0,2,1,1
PALO PINTO COUNTY,363,93 Years,28,9,19,26,8,18,0,0,0,0,0,0,0,0,0,2,1,1
PALO PINTO COUNTY,363,94 Years,20,5,15,19,5,14,0,0,0,0,0,0,0,0,0,1,0,1
PALO PINTO COUNTY,363,95 Years +,52,15,37,46,12,34,2,0,2,1,1,0,0,0,0,3,2,1
PANOLA COUNTY,365,All Ages,22856,11315,11541,16173,7992,8181,3752,1789,1963,77,30,47,481,249,232,2373,1255,1118
PANOLA COUNTY,365,< 1 Year,271,134,137,158,78,80,40,21,19,1,0,1,16,8,8,56,27,29
PANOLA COUNTY,365,1 Years,269,137,132,157,80,77,43,22,21,1,1,0,13,6,7,55,28,27
PANOLA COUNTY,365,2 Years,271,138,133,158,80,78,43,22,21,1,1,0,12,6,6,57,29,28
PANOLA COUNTY,365,3 Years,259,126,133,158,77,81,41,22,19,1,0,1,12,4,8,47,23,24
PANOLA COUNTY,365,4 Years,259,130,129,162,80,82,41,22,19,1,0,1,10,5,5,45,23,22
PANOLA COUNTY,365,5 Years,262,137,125,164,82,82,41,23,18,1,0,1,9,4,5,47,28,19
PANOLA COUNTY,365,6 Years,272,149,123,172,90,82,42,23,19,3,2,1,10,6,4,45,28,17
PANOLA COUNTY,365,7 Years,283,157,126,180,96,84,41,22,19,2,1,1,12,7,5,48,31,17
PANOLA COUNTY,365,8 Years,290,151,139,195,101,94,44,22,22,1,1,0,11,6,5,39,21,18
PANOLA COUNTY,365,9 Years,288,144,144,193,98,95,43,21,22,1,1,0,11,6,5,40,18,22
PANOLA COUNTY,365,10 Years,298,147,151,188,96,92,45,22,23,1,0,1,11,6,5,53,23,30
PANOLA COUNTY,365,11 Years,287,138,149,180,91,89,45,22,23,0,0,0,10,3,7,52,22,30
PANOLA COUNTY,365,12 Years,278,135,143,172,84,88,47,22,25,0,0,0,10,3,7,49,26,23
PANOLA COUNTY,365,13 Years,281,137,144,172,86,86,47,20,27,2,1,1,10,4,6,50,26,24
PANOLA COUNTY,365,14 Years,298,153,145,187,98,89,50,27,23,2,1,1,8,3,5,51,24,27
PANOLA COUNTY,365,15 Years,291,155,136,181,104,77,52,26,26,1,0,1,7,3,4,50,22,28
PANOLA COUNTY,365,16 Years,306,164,142,190,107,83,54,26,28,1,1,0,12,8,4,49,22,27
PANOLA COUNTY,365,17 Years,322,163,159,198,101,97,56,28,28,2,2,0,11,7,4,55,25,30
PANOLA COUNTY,365,18 Years,330,162,168,200,93,107,56,34,22,3,1,2,11,7,4,60,27,33
PANOLA COUNTY,365,19 Years,328,173,155,216,111,105,52,31,21,3,0,3,8,6,2,49,25,24
PANOLA COUNTY,365,20 Years,317,182,135,205,116,89,64,39,25,0,0,0,7,5,2,41,22,19
PANOLA COUNTY,365,21 Years,310,173,137,194,107,87,63,35,28,2,0,2,8,6,2,43,25,18
PANOLA COUNTY,365,22 Years,283,153,130,182,95,87,58,31,27,1,1,0,8,6,2,34,20,14
PANOLA COUNTY,365,23 Years,268,137,131,180,88,92,49,26,23,2,1,1,6,4,2,31,18,13
PANOLA COUNTY,365,24 Years,269,136,133,177,92,85,47,24,23,1,0,1,7,4,3,37,16,21
PANOLA COUNTY,365,25 Years,264,131,133,171,89,82,51,25,26,3,1,2,6,3,3,33,13,20
PANOLA COUNTY,365,26 Years,250,122,128,168,82,86,45,24,21,1,0,1,4,2,2,32,14,18
PANOLA COUNTY,365,27 Years,253,131,122,168,91,77,51,26,25,1,0,1,4,1,3,29,13,16
PANOLA COUNTY,365,28 Years,243,133,110,166,93,73,41,21,20,0,0,0,3,0,3,33,19,14
PANOLA COUNTY,365,29 Years,247,134,113,172,90,82,43,26,17,0,0,0,3,1,2,29,17,12
PANOLA COUNTY,365,30 Years,243,121,122,163,80,83,49,27,22,1,1,0,5,1,4,25,12,13
PANOLA COUNTY,365,31 Years,295,151,144,202,105,97,53,26,27,1,1,0,3,1,2,36,18,18
PANOLA COUNTY,365,32 Years,285,154,131,194,104,90,54,27,27,1,1,0,1,0,1,35,22,13
PANOLA COUNTY,365,33 Years,253,142,111,172,94,78,49,28,21,0,0,0,3,1,2,29,19,10
PANOLA COUNTY,365,34 Years,245,129,116,170,91,79,45,22,23,0,0,0,4,2,2,26,14,12
PANOLA COUNTY,365,35 Years,233,119,114,158,86,72,44,17,27,0,0,0,4,2,2,27,14,13
PANOLA COUNTY,365,36 Years,242,119,123,169,86,83,38,15,23,1,0,1,3,2,1,31,16,15
PANOLA COUNTY,365,37 Years,240,122,118,170,86,84,35,16,19,0,0,0,4,2,2,31,18,13
PANOLA COUNTY,365,38 Years,235,121,114,173,90,83,29,14,15,0,0,0,5,2,3,28,15,13
PANOLA COUNTY,365,39 Years,258,132,126,187,92,95,40,24,16,0,0,0,2,1,1,29,15,14
PANOLA COUNTY,365,40 Years,272,137,135,201,98,103,43,23,20,0,0,0,3,2,1,25,14,11
PANOLA COUNTY,365,41 Years,281,144,137,203,103,100,48,23,25,1,1,0,3,2,1,26,15,11
PANOLA COUNTY,365,42 Years,282,139,143,203,100,103,47,22,25,1,1,0,3,2,1,28,14,14
PANOLA COUNTY,365,43 Years,271,127,144,186,86,100,49,23,26,1,1,0,4,2,2,31,15,16
PANOLA COUNTY,365,44 Years,264,121,143,192,88,104,42,21,21,1,0,1,4,1,3,25,11,14
PANOLA COUNTY,365,45 Years,252,122,130,183,89,94,38,17,21,1,0,1,3,2,1,27,14,13
PANOLA COUNTY,365,46 Years,261,124,137,182,87,95,40,16,24,1,0,1,8,5,3,30,16,14
PANOLA COUNTY,365,47 Years,272,127,145,195,91,104,42,18,24,0,0,0,7,4,3,28,14,14
PANOLA COUNTY,365,48 Years,255,125,130,185,89,96,33,16,17,0,0,0,2,1,1,35,19,16
PANOLA COUNTY,365,49 Years,251,123,128,182,87,95,32,15,17,1,0,1,2,0,2,34,21,13
PANOLA COUNTY,365,50 Years,272,131,141,197,93,104,37,18,19,1,1,0,4,1,3,33,18,15
PANOLA COUNTY,365,51 Years,267,131,136,198,97,101,39,17,22,2,1,1,2,2,0,26,14,12
PANOLA COUNTY,365,52 Years,264,125,139,194,92,102,39,15,24,2,1,1,3,2,1,26,15,11
PANOLA COUNTY,365,53 Years,259,123,136,185,91,94,42,13,29,1,0,1,4,2,2,27,17,10
PANOLA COUNTY,365,54 Years,264,133,131,187,98,89,44,14,30,1,0,1,6,5,1,26,16,10
PANOLA COUNTY,365,55 Years,249,125,124,175,86,89,42,17,25,1,0,1,3,2,1,28,20,8
PANOLA COUNTY,365,56 Years,230,108,122,162,76,86,44,18,26,1,0,1,2,0,2,21,14,7
PANOLA COUNTY,365,57 Years,261,123,138,188,88,100,50,22,28,0,0,0,7,5,2,16,8,8
PANOLA COUNTY,365,58 Years,303,144,159,228,106,122,53,24,29,2,2,0,5,3,2,15,9,6
PANOLA COUNTY,365,59 Years,315,148,167,239,115,124,51,21,30,1,0,1,3,1,2,21,11,10
PANOLA COUNTY,365,60 Years,301,146,155,223,111,112,50,22,28,1,0,1,4,2,2,23,11,12
PANOLA COUNTY,365,61 Years,302,153,149,221,116,105,59,26,33,1,0,1,4,2,2,17,9,8
PANOLA COUNTY,365,62 Years,308,140,168,223,105,118,63,26,37,1,0,1,4,1,3,17,8,9
PANOLA COUNTY,365,63 Years,308,137,171,227,106,121,62,24,38,2,0,2,4,1,3,13,6,7
PANOLA COUNTY,365,64 Years,307,143,164,233,109,124,56,25,31,2,0,2,5,3,2,11,6,5
PANOLA COUNTY,365,65 Years,324,153,171,254,118,136,54,25,29,1,1,0,5,3,2,10,6,4
PANOLA COUNTY,365,66 Years,309,153,156,246,121,125,51,23,28,0,0,0,6,5,1,6,4,2
PANOLA COUNTY,365,67 Years,303,149,154,243,121,122,48,20,28,0,0,0,4,3,1,8,5,3
PANOLA COUNTY,365,68 Years,299,141,158,239,114,125,43,17,26,1,1,0,5,2,3,11,7,4
PANOLA COUNTY,365,69 Years,300,145,155,239,112,127,45,22,23,1,1,0,4,2,2,11,8,3
PANOLA COUNTY,365,70 Years,311,153,158,253,124,129,44,20,24,0,0,0,6,4,2,8,5,3
PANOLA COUNTY,365,71 Years,298,141,157,244,115,129,39,17,22,0,0,0,8,3,5,7,6,1
PANOLA COUNTY,365,72 Years,261,128,133,217,107,110,32,15,17,0,0,0,6,2,4,6,4,2
PANOLA COUNTY,365,73 Years,225,114,111,185,95,90,34,16,18,0,0,0,2,1,1,4,2,2
PANOLA COUNTY,365,74 Years,216,103,113,180,85,95,31,15,16,1,0,1,0,0,0,4,3,1
PANOLA COUNTY,365,75 Years,228,108,120,190,90,100,30,14,16,1,0,1,3,2,1,4,2,2
PANOLA COUNTY,365,76 Years,206,104,102,165,82,83,32,16,16,0,0,0,3,2,1,6,4,2
PANOLA COUNTY,365,77 Years,197,99,98,158,80,78,29,14,15,0,0,0,5,2,3,5,3,2
PANOLA COUNTY,365,78 Years,180,88,92,144,70,74,27,14,13,0,0,0,4,1,3,5,3,2
PANOLA COUNTY,365,79 Years,169,79,90,138,63,75,24,12,12,1,0,1,2,1,1,4,3,1
PANOLA COUNTY,365,80 Years,156,68,88,129,55,74,21,9,12,1,0,1,1,1,0,4,3,1
PANOLA COUNTY,365,81 Years,135,55,80,108,43,65,20,8,12,1,0,1,1,1,0,5,3,2
PANOLA COUNTY,365,82 Years,126,52,74,101,41,60,19,8,11,0,0,0,2,1,1,4,2,2
PANOLA COUNTY,365,83 Years,119,49,70,100,42,58,15,5,10,0,0,0,2,1,1,2,1,1
PANOLA COUNTY,365,84 Years,109,51,58,95,44,51,11,4,7,0,0,0,1,1,0,2,2,0
PANOLA COUNTY,365,85 Years,101,40,61,83,35,48,15,3,12,0,0,0,2,1,1,1,1,0
PANOLA COUNTY,365,86 Years,80,31,49,65,27,38,13,3,10,0,0,0,1,0,1,1,1,0
PANOLA COUNTY,365,87 Years,68,26,42,54,21,33,10,3,7,0,0,0,2,1,1,2,1,1
PANOLA COUNTY,365,88 Years,56,22,34,47,18,29,7,3,4,0,0,0,0,0,0,2,1,1
PANOLA COUNTY,365,89 Years,47,19,28,38,15,23,6,3,3,0,0,0,1,1,0,2,0,2
PANOLA COUNTY,365,90 Years,40,15,25,32,12,20,6,2,4,0,0,0,1,1,0,1,0,1
PANOLA COUNTY,365,91 Years,34,15,19,28,12,16,6,3,3,0,0,0,0,0,0,0,0,0
PANOLA COUNTY,365,92 Years,28,13,15,22,10,12,6,3,3,0,0,0,0,0,0,0,0,0
PANOLA COUNTY,365,93 Years,21,9,12,18,7,11,3,2,1,0,0,0,0,0,0,0,0,0
PANOLA COUNTY,365,94 Years,16,5,11,13,5,8,3,0,3,0,0,0,0,0,0,0,0,0
PANOLA COUNTY,365,95 Years +,47,16,31,31,11,20,12,3,9,0,0,0,1,0,1,3,2,1
PARKER COUNTY,367,All Ages,173313,86209,87104,142410,70288,72122,2642,1490,1152,946,410,536,4165,2102,2063,23150,11919,11231
PARKER COUNTY,367,< 1 Year,1804,923,881,1206,617,589,26,14,12,15,7,8,111,59,52,446,226,220
PARKER COUNTY,367,1 Years,1650,841,809,1088,554,534,25,13,12,12,6,6,92,47,45,433,221,212
PARKER COUNTY,367,2 Years,1652,842,810,1096,559,537,26,13,13,11,6,5,90,46,44,429,218,211
PARKER COUNTY,367,3 Years,1936,985,951,1392,700,692,38,20,18,13,7,6,103,45,58,390,213,177
PARKER COUNTY,367,4 Years,2059,1052,1007,1526,782,744,42,24,18,10,4,6,99,40,59,382,202,180
PARKER COUNTY,367,5 Years,2094,1093,1001,1555,815,740,42,22,20,10,6,4,97,49,48,390,201,189
PARKER COUNTY,367,6 Years,2154,1140,1014,1621,864,757,36,20,16,7,4,3,86,48,38,404,204,200
PARKER COUNTY,367,7 Years,2234,1185,1049,1684,890,794,32,16,16,6,4,2,88,50,38,424,225,199
PARKER COUNTY,367,8 Years,2405,1268,1137,1834,963,871,33,15,18,11,7,4,94,55,39,433,228,205
PARKER COUNTY,367,9 Years,2434,1297,1137,1864,989,875,37,21,16,12,7,5,94,54,40,427,226,201
PARKER COUNTY,367,10 Years,2418,1283,1135,1856,985,871,37,23,14,12,7,5,90,54,36,423,214,209
PARKER COUNTY,367,11 Years,2463,1277,1186,1883,972,911,38,24,14,12,8,4,81,44,37,449,229,220
PARKER COUNTY,367,12 Years,2525,1323,1202,1900,997,903,31,15,16,9,2,7,84,38,46,501,271,230
PARKER COUNTY,367,13 Years,2542,1313,1229,1930,994,936,40,18,22,9,3,6,66,26,40,497,272,225
PARKER COUNTY,367,14 Years,2618,1365,1253,1995,1034,961,38,19,19,13,7,6,80,45,35,492,260,232
PARKER COUNTY,367,15 Years,2626,1375,1251,1998,1045,953,35,20,15,11,9,2,82,47,35,500,254,246
PARKER COUNTY,367,16 Years,2507,1300,1207,1917,994,923,38,20,18,12,8,4,75,40,35,465,238,227
PARKER COUNTY,367,17 Years,2450,1250,1200,1899,976,923,45,20,25,14,9,5,74,37,37,418,208,210
PARKER COUNTY,367,18 Years,2394,1192,1202,1856,920,936,33,18,15,13,4,9,63,30,33,429,220,209
PARKER COUNTY,367,19 Years,2329,1183,1146,1793,905,888,25,16,9,10,3,7,50,22,28,451,237,214
PARKER COUNTY,367,20 Years,2225,1161,1064,1727,897,830,28,14,14,15,6,9,50,23,27,405,221,184
PARKER COUNTY,367,21 Years,2152,1122,1030,1648,845,803,51,30,21,16,8,8,54,30,24,383,209,174
PARKER COUNTY,367,22 Years,1941,989,952,1454,737,717,70,45,25,11,5,6,56,31,25,350,171,179
PARKER COUNTY,367,23 Years,1762,910,852,1298,662,636,52,28,24,10,5,5,52,27,25,350,188,162
PARKER COUNTY,367,24 Years,1727,900,827,1274,644,630,50,30,20,11,6,5,54,28,26,338,192,146
PARKER COUNTY,367,25 Years,1747,895,852,1320,660,660,40,23,17,7,3,4,52,30,22,328,179,149
PARKER COUNTY,367,26 Years,1861,946,915,1456,738,718,35,19,16,13,5,8,49,24,25,308,160,148
PARKER COUNTY,367,27 Years,1875,952,923,1481,748,733,39,24,15,15,7,8,48,24,24,292,149,143
PARKER COUNTY,367,28 Years,1703,857,846,1314,659,655,37,23,14,19,6,13,52,32,20,281,137,144
PARKER COUNTY,367,29 Years,1741,880,861,1360,697,663,32,19,13,13,3,10,58,31,27,278,130,148
PARKER COUNTY,367,30 Years,1811,888,923,1428,712,716,29,18,11,14,5,9,53,20,33,287,133,154
PARKER COUNTY,367,31 Years,1981,951,1030,1588,762,826,41,25,16,12,6,6,45,22,23,295,136,159
PARKER COUNTY,367,32 Years,1973,942,1031,1605,754,851,43,25,18,7,4,3,36,16,20,282,143,139
PARKER COUNTY,367,33 Years,2171,1013,1158,1773,810,963,42,26,16,14,7,7,52,25,27,290,145,145
PARKER COUNTY,367,34 Years,2204,1041,1163,1817,848,969,40,27,13,11,3,8,40,16,24,296,147,149
PARKER COUNTY,367,35 Years,2153,1041,1112,1752,851,901,36,23,13,17,8,9,45,14,31,303,145,158
PARKER COUNTY,367,36 Years,2166,1048,1118,1723,820,903,32,20,12,15,9,6,53,25,28,343,174,169
PARKER COUNTY,367,37 Years,2221,1078,1143,1794,836,958,28,19,9,7,4,3,52,31,21,340,188,152
PARKER COUNTY,367,38 Years,2312,1148,1164,1923,916,1007,30,20,10,15,7,8,48,34,14,296,171,125
PARKER COUNTY,367,39 Years,2376,1179,1197,1953,948,1005,30,20,10,17,5,12,38,18,20,338,188,150
PARKER COUNTY,367,40 Years,2406,1200,1206,1940,952,988,36,24,12,19,6,13,61,31,30,350,187,163
PARKER COUNTY,367,41 Years,2381,1166,1215,1911,920,991,42,24,18,23,10,13,50,28,22,355,184,171
PARKER COUNTY,367,42 Years,2419,1186,1233,1977,965,1012,49,25,24,13,3,10,42,25,17,338,168,170
PARKER COUNTY,367,43 Years,2425,1229,1196,2015,1024,991,41,22,19,6,2,4,30,12,18,333,169,164
PARKER COUNTY,367,44 Years,2274,1117,1157,1895,923,972,33,18,15,9,4,5,29,12,17,308,160,148
PARKER COUNTY,367,45 Years,2174,1070,1104,1804,873,931,35,21,14,13,6,7,32,13,19,290,157,133
PARKER COUNTY,367,46 Years,2114,1073,1041,1753,888,865,39,20,19,19,11,8,35,14,21,268,140,128
PARKER COUNTY,367,47 Years,2152,1100,1052,1789,906,883,27,14,13,15,7,8,43,26,17,278,147,131
PARKER COUNTY,367,48 Years,2134,1054,1080,1765,868,897,31,22,9,13,3,10,34,16,18,291,145,146
PARKER COUNTY,367,49 Years,2178,1072,1106,1808,889,919,34,24,10,16,5,11,36,20,16,284,134,150
PARKER COUNTY,367,50 Years,2319,1136,1183,1921,931,990,38,24,14,13,4,9,41,20,21,306,157,149
PARKER COUNTY,367,51 Years,2390,1167,1223,1987,964,1023,38,23,15,15,6,9,41,18,23,309,156,153
PARKER COUNTY,367,52 Years,2432,1179,1253,2037,994,1043,33,16,17,13,3,10,39,16,23,310,150,160
PARKER COUNTY,367,53 Years,2245,1101,1144,1896,933,963,33,20,13,10,2,8,42,18,24,264,128,136
PARKER COUNTY,367,54 Years,2140,1054,1086,1829,905,924,39,21,18,11,3,8,38,17,21,223,108,115
PARKER COUNTY,367,55 Years,2185,1096,1089,1870,941,929,36,17,19,10,3,7,39,21,18,230,114,116
PARKER COUNTY,367,56 Years,2243,1134,1109,1903,960,943,28,16,12,12,4,8,42,23,19,258,131,127
PARKER COUNTY,367,57 Years,2287,1133,1154,1948,966,982,28,15,13,13,6,7,44,23,21,254,123,131
PARKER COUNTY,367,58 Years,2446,1227,1219,2116,1055,1061,48,36,12,21,8,13,47,21,26,214,107,107
PARKER COUNTY,367,59 Years,2495,1227,1268,2176,1059,1117,42,28,14,21,6,15,47,22,25,209,112,97
PARKER COUNTY,367,60 Years,2513,1251,1262,2228,1107,1121,28,15,13,15,5,10,49,24,25,193,100,93
PARKER COUNTY,367,61 Years,2441,1260,1181,2186,1131,1055,27,11,16,13,6,7,42,20,22,173,92,81
PARKER COUNTY,367,62 Years,2413,1207,1206,2163,1085,1078,18,8,10,16,7,9,43,20,23,173,87,86
PARKER COUNTY,367,63 Years,2303,1123,1180,2053,997,1056,29,16,13,20,10,10,35,17,18,166,83,83
PARKER COUNTY,367,64 Years,2211,1056,1155,1988,947,1041,33,14,19,11,5,6,36,21,15,143,69,74
PARKER COUNTY,367,65 Years,2160,1046,1114,1964,952,1012,26,12,14,10,3,7,32,16,16,128,63,65
PARKER COUNTY,367,66 Years,2059,995,1064,1856,889,967,28,16,12,12,5,7,34,16,18,129,69,60
PARKER COUNTY,367,67 Years,2050,1002,1048,1862,894,968,24,18,6,8,4,4,34,17,17,122,69,53
PARKER COUNTY,367,68 Years,1955,954,1001,1787,865,922,18,8,10,9,6,3,34,19,15,107,56,51
PARKER COUNTY,367,69 Years,1854,885,969,1706,814,892,12,3,9,9,5,4,32,18,14,95,45,50
PARKER COUNTY,367,70 Years,1759,821,938,1625,759,866,9,2,7,6,2,4,28,17,11,91,41,50
PARKER COUNTY,367,71 Years,1711,804,907,1552,724,828,40,20,20,4,1,3,26,16,10,89,43,46
PARKER COUNTY,367,72 Years,1630,781,849,1477,700,777,38,21,17,4,1,3,22,14,8,89,45,44
PARKER COUNTY,367,73 Years,1516,714,802,1394,648,746,15,9,6,4,1,3,22,12,10,81,44,37
PARKER COUNTY,367,74 Years,1531,722,809,1421,670,751,10,6,4,4,2,2,21,8,13,75,36,39
PARKER COUNTY,367,75 Years,1486,703,783,1383,654,729,9,4,5,3,1,2,21,8,13,70,36,34
PARKER COUNTY,367,76 Years,1181,566,615,1100,524,576,8,4,4,3,1,2,16,8,8,54,29,25
PARKER COUNTY,367,77 Years,1064,513,551,994,476,518,6,3,3,3,1,2,16,7,9,45,26,19
PARKER COUNTY,367,78 Years,1034,495,539,980,466,514,5,4,1,3,1,2,14,6,8,32,18,14
PARKER COUNTY,367,79 Years,979,459,520,927,435,492,3,1,2,4,1,3,14,6,8,31,16,15
PARKER COUNTY,367,80 Years,881,400,481,830,375,455,4,2,2,2,1,1,15,5,10,30,17,13
PARKER COUNTY,367,81 Years,739,337,402,693,318,375,4,1,3,2,1,1,13,4,9,27,13,14
PARKER COUNTY,367,82 Years,645,303,342,601,283,318,5,2,3,2,1,1,14,7,7,23,10,13
PARKER COUNTY,367,83 Years,581,277,304,546,259,287,3,2,1,4,3,1,8,5,3,20,8,12
PARKER COUNTY,367,84 Years,519,234,285,489,222,267,2,1,1,3,1,2,7,3,4,18,7,11
PARKER COUNTY,367,85 Years,456,196,260,432,187,245,3,1,2,1,0,1,7,3,4,13,5,8
PARKER COUNTY,367,86 Years,418,183,235,395,173,222,3,1,2,0,0,0,8,4,4,12,5,7
PARKER COUNTY,367,87 Years,378,170,208,353,161,192,1,1,0,1,0,1,5,2,3,18,6,12
PARKER COUNTY,367,88 Years,312,131,181,293,124,169,0,0,0,1,0,1,4,1,3,14,6,8
PARKER COUNTY,367,89 Years,265,108,157,249,101,148,1,1,0,0,0,0,3,1,2,12,5,7
PARKER COUNTY,367,90 Years,237,92,145,221,85,136,1,0,1,1,1,0,3,1,2,11,5,6
PARKER COUNTY,367,91 Years,195,72,123,183,67,116,2,0,2,1,1,0,2,1,1,7,3,4
PARKER COUNTY,367,92 Years,147,56,91,137,51,86,2,1,1,1,1,0,2,1,1,5,2,3
PARKER COUNTY,367,93 Years,123,44,79,115,41,74,3,1,2,0,0,0,2,0,2,3,2,1
PARKER COUNTY,367,94 Years,97,34,63,92,32,60,2,0,2,0,0,0,0,0,0,3,2,1
PARKER COUNTY,367,95 Years +,235,66,169,214,57,157,8,2,6,0,0,0,3,1,2,10,6,4
PARMER COUNTY,369,All Ages,9491,4902,4589,3051,1532,1519,136,79,57,17,5,12,56,36,20,6231,3250,2981
PARMER COUNTY,369,< 1 Year,137,69,68,30,15,15,1,1,0,1,0,1,2,1,1,103,52,51
PARMER COUNTY,369,1 Years,135,70,65,30,16,14,2,1,1,1,1,0,2,1,1,100,51,49
PARMER COUNTY,369,2 Years,136,70,66,30,15,15,2,1,1,1,1,0,2,1,1,101,52,49
PARMER COUNTY,369,3 Years,145,76,69,27,14,13,0,0,0,1,0,1,1,1,0,116,61,55
PARMER COUNTY,369,4 Years,141,74,67,24,12,12,0,0,0,0,0,0,1,1,0,116,61,55
PARMER COUNTY,369,5 Years,152,81,71,30,15,15,0,0,0,0,0,0,1,1,0,121,65,56
PARMER COUNTY,369,6 Years,149,79,70,30,16,14,2,0,2,0,0,0,1,1,0,116,62,54
PARMER COUNTY,369,7 Years,149,77,72,33,16,17,4,2,2,0,0,0,3,1,2,109,58,51
PARMER COUNTY,369,8 Years,140,78,62,36,18,18,4,3,1,0,0,0,1,1,0,99,56,43
PARMER COUNTY,369,9 Years,137,73,64,36,18,18,2,1,1,0,0,0,0,0,0,99,54,45
PARMER COUNTY,369,10 Years,142,75,67,35,17,18,1,1,0,0,0,0,0,0,0,106,57,49
PARMER COUNTY,369,11 Years,138,71,67,31,16,15,0,0,0,0,0,0,0,0,0,107,55,52
PARMER COUNTY,369,12 Years,150,76,74,35,21,14,0,0,0,0,0,0,0,0,0,115,55,60
PARMER COUNTY,369,13 Years,151,77,74,34,18,16,1,0,1,0,0,0,1,0,1,115,59,56
PARMER COUNTY,369,14 Years,140,77,63,29,17,12,1,0,1,0,0,0,0,0,0,110,60,50
PARMER COUNTY,369,15 Years,151,82,69,40,22,18,3,2,1,0,0,0,1,0,1,107,58,49
PARMER COUNTY,369,16 Years,151,84,67,42,23,19,4,3,1,0,0,0,0,0,0,105,58,47
PARMER COUNTY,369,17 Years,148,79,69,37,21,16,4,3,1,0,0,0,0,0,0,107,55,52
PARMER COUNTY,369,18 Years,150,74,76,34,19,15,4,3,1,0,0,0,1,0,1,111,52,59
PARMER COUNTY,369,19 Years,140,72,68,30,17,13,2,1,1,0,0,0,0,0,0,108,54,54
PARMER COUNTY,369,20 Years,141,72,69,28,17,11,1,0,1,0,0,0,0,0,0,112,55,57
PARMER COUNTY,369,21 Years,132,67,65,24,14,10,1,0,1,0,0,0,1,0,1,106,53,53
PARMER COUNTY,369,22 Years,121,63,58,22,13,9,1,0,1,0,0,0,0,0,0,98,50,48
PARMER COUNTY,369,23 Years,111,61,50,24,14,10,2,1,1,0,0,0,0,0,0,85,46,39
PARMER COUNTY,369,24 Years,110,61,49,24,13,11,2,1,1,0,0,0,0,0,0,84,47,37
PARMER COUNTY,369,25 Years,115,62,53,31,17,14,3,2,1,0,0,0,0,0,0,81,43,38
PARMER COUNTY,369,26 Years,115,63,52,34,19,15,2,1,1,0,0,0,0,0,0,79,43,36
PARMER COUNTY,369,27 Years,131,77,54,38,23,15,1,0,1,0,0,0,2,2,0,90,52,38
PARMER COUNTY,369,28 Years,113,64,49,34,18,16,1,1,0,1,0,1,2,1,1,75,44,31
PARMER COUNTY,369,29 Years,114,64,50,35,22,13,1,1,0,1,0,1,1,0,1,76,41,35
PARMER COUNTY,369,30 Years,112,64,48,34,21,13,1,1,0,2,0,2,0,0,0,75,42,33
PARMER COUNTY,369,31 Years,106,57,49,25,15,10,1,1,0,1,0,1,0,0,0,79,41,38
PARMER COUNTY,369,32 Years,106,57,49,26,13,13,1,1,0,1,0,1,1,1,0,77,42,35
PARMER COUNTY,369,33 Years,112,63,49,31,15,16,4,3,1,0,0,0,2,2,0,75,43,32
PARMER COUNTY,369,34 Years,104,59,45,25,12,13,5,4,1,0,0,0,1,1,0,73,42,31
PARMER COUNTY,369,35 Years,114,64,50,23,13,10,4,4,0,0,0,0,2,0,2,85,47,38
PARMER COUNTY,369,36 Years,108,61,47,24,14,10,4,3,1,2,0,2,2,2,0,76,42,34
PARMER COUNTY,369,37 Years,112,63,49,23,14,9,4,4,0,2,0,2,0,0,0,83,45,38
PARMER COUNTY,369,38 Years,124,65,59,36,16,20,3,2,1,0,0,0,1,0,1,84,47,37
PARMER COUNTY,369,39 Years,120,63,57,39,19,20,2,0,2,0,0,0,1,0,1,78,44,34
PARMER COUNTY,369,40 Years,111,57,54,36,18,18,1,0,1,0,0,0,0,0,0,74,39,35
PARMER COUNTY,369,41 Years,106,53,53,31,15,16,1,1,0,0,0,0,0,0,0,74,37,37
PARMER COUNTY,369,42 Years,109,54,55,25,12,13,0,0,0,0,0,0,1,1,0,83,41,42
PARMER COUNTY,369,43 Years,99,56,43,23,12,11,1,1,0,0,0,0,1,1,0,74,42,32
PARMER COUNTY,369,44 Years,88,44,44,24,11,13,2,1,1,0,0,0,1,1,0,61,31,30
PARMER COUNTY,369,45 Years,96,50,46,29,18,11,1,1,0,1,1,0,1,1,0,64,29,35
PARMER COUNTY,369,46 Years,91,50,41,26,15,11,1,1,0,0,0,0,1,1,0,63,33,30
PARMER COUNTY,369,47 Years,104,55,49,26,15,11,1,1,0,0,0,0,1,1,0,76,38,38
PARMER COUNTY,369,48 Years,108,52,56,30,15,15,1,0,1,0,0,0,2,1,1,75,36,39
PARMER COUNTY,369,49 Years,99,53,46,28,14,14,0,0,0,0,0,0,2,1,1,69,38,31
PARMER COUNTY,369,50 Years,101,54,47,32,15,17,0,0,0,0,0,0,1,1,0,68,38,30
PARMER COUNTY,369,51 Years,100,50,50,34,17,17,0,0,0,1,1,0,1,1,0,64,31,33
PARMER COUNTY,369,52 Years,108,61,47,32,19,13,0,0,0,1,1,0,1,1,0,74,40,34
PARMER COUNTY,369,53 Years,122,59,63,38,21,17,1,0,1,0,0,0,1,1,0,82,37,45
PARMER COUNTY,369,54 Years,115,53,62,35,15,20,1,0,1,0,0,0,0,0,0,79,38,41
PARMER COUNTY,369,55 Years,119,61,58,36,16,20,0,0,0,0,0,0,0,0,0,83,45,38
PARMER COUNTY,369,56 Years,127,63,64,39,16,23,0,0,0,0,0,0,0,0,0,88,47,41
PARMER COUNTY,369,57 Years,109,50,59,40,17,23,0,0,0,0,0,0,0,0,0,69,33,36
PARMER COUNTY,369,58 Years,118,52,66,46,17,29,2,0,2,0,0,0,2,2,0,68,33,35
PARMER COUNTY,369,59 Years,133,61,72,58,23,35,2,1,1,0,0,0,0,0,0,73,37,36
PARMER COUNTY,369,60 Years,130,59,71,55,24,31,2,1,1,0,0,0,2,2,0,71,32,39
PARMER COUNTY,369,61 Years,118,58,60,53,23,30,3,3,0,0,0,0,0,0,0,62,32,30
PARMER COUNTY,369,62 Years,116,58,58,57,29,28,2,2,0,0,0,0,0,0,0,57,27,30
PARMER COUNTY,369,63 Years,109,54,55,51,26,25,2,1,1,0,0,0,0,0,0,56,27,29
PARMER COUNTY,369,64 Years,102,53,49,49,25,24,2,1,1,0,0,0,0,0,0,51,27,24
PARMER COUNTY,369,65 Years,106,62,44,51,30,21,1,1,0,0,0,0,0,0,0,54,31,23
PARMER COUNTY,369,66 Years,101,58,43,46,27,19,2,1,1,0,0,0,0,0,0,53,30,23
PARMER COUNTY,369,67 Years,93,49,44,45,24,21,2,1,1,0,0,0,0,0,0,46,24,22
PARMER COUNTY,369,68 Years,90,47,43,42,23,19,1,0,1,0,0,0,0,0,0,47,24,23
PARMER COUNTY,369,69 Years,93,52,41,41,22,19,0,0,0,0,0,0,0,0,0,52,30,22
PARMER COUNTY,369,70 Years,88,45,43,46,21,25,0,0,0,0,0,0,0,0,0,42,24,18
PARMER COUNTY,369,71 Years,77,34,43,41,16,25,0,0,0,0,0,0,0,0,0,36,18,18
PARMER COUNTY,369,72 Years,78,37,41,44,21,23,0,0,0,0,0,0,0,0,0,34,16,18
PARMER COUNTY,369,73 Years,68,31,37,35,18,17,2,1,1,0,0,0,2,0,2,29,12,17
PARMER COUNTY,369,74 Years,70,34,36,38,22,16,3,0,3,0,0,0,1,1,0,28,11,17
PARMER COUNTY,369,75 Years,67,30,37,37,18,19,3,1,2,0,0,0,0,0,0,27,11,16
PARMER COUNTY,369,76 Years,58,27,31,33,15,18,1,1,0,0,0,0,0,0,0,24,11,13
PARMER COUNTY,369,77 Years,54,26,28,33,15,18,1,0,1,0,0,0,0,0,0,20,11,9
PARMER COUNTY,369,78 Years,52,23,29,32,14,18,1,0,1,0,0,0,0,0,0,19,9,10
PARMER COUNTY,369,79 Years,57,26,31,37,15,22,0,0,0,0,0,0,0,0,0,20,11,9
PARMER COUNTY,369,80 Years,45,20,25,31,13,18,0,0,0,0,0,0,0,0,0,14,7,7
PARMER COUNTY,369,81 Years,40,19,21,28,12,16,1,1,0,0,0,0,0,0,0,11,6,5
PARMER COUNTY,369,82 Years,35,16,19,26,11,15,1,1,0,0,0,0,0,0,0,8,4,4
PARMER COUNTY,369,83 Years,38,18,20,29,13,16,1,1,0,0,0,0,1,1,0,7,3,4
PARMER COUNTY,369,84 Years,31,15,16,22,10,12,3,2,1,0,0,0,1,0,1,5,3,2
PARMER COUNTY,369,85 Years,27,12,15,19,8,11,2,1,1,0,0,0,0,0,0,6,3,3
PARMER COUNTY,369,86 Years,33,13,20,22,10,12,1,0,1,0,0,0,0,0,0,10,3,7
PARMER COUNTY,369,87 Years,30,12,18,21,10,11,1,0,1,0,0,0,0,0,0,8,2,6
PARMER COUNTY,369,88 Years,20,7,13,14,5,9,0,0,0,0,0,0,0,0,0,6,2,4
PARMER COUNTY,369,89 Years,15,5,10,10,3,7,1,0,1,0,0,0,0,0,0,4,2,2
PARMER COUNTY,369,90 Years,14,4,10,11,3,8,0,0,0,0,0,0,0,0,0,3,1,2
PARMER COUNTY,369,91 Years,13,4,9,12,4,8,0,0,0,0,0,0,0,0,0,1,0,1
PARMER COUNTY,369,92 Years,11,4,7,8,3,5,0,0,0,0,0,0,0,0,0,3,1,2
PARMER COUNTY,369,93 Years,13,5,8,8,2,6,0,0,0,0,0,0,0,0,0,5,3,2
PARMER COUNTY,369,94 Years,11,4,7,8,2,6,0,0,0,0,0,0,0,0,0,3,2,1
PARMER COUNTY,369,95 Years +,22,9,13,15,6,9,1,0,1,0,0,0,0,0,0,6,3,3
PECOS COUNTY,371,All Ages,14600,8257,6343,3548,2182,1366,491,439,52,90,45,45,179,91,88,10292,5500,4792
PECOS COUNTY,371,< 1 Year,196,96,100,31,15,16,2,1,1,1,0,1,3,1,2,159,79,80
PECOS COUNTY,371,1 Years,199,102,97,34,18,16,2,1,1,1,0,1,4,2,2,158,81,77
PECOS COUNTY,371,2 Years,202,101,101,35,17,18,2,1,1,1,0,1,4,2,2,160,81,79
PECOS COUNTY,371,3 Years,206,99,107,34,15,19,3,2,1,2,1,1,4,1,3,163,80,83
PECOS COUNTY,371,4 Years,197,97,100,31,14,17,4,3,1,2,1,1,4,1,3,156,78,78
PECOS COUNTY,371,5 Years,190,89,101,33,15,18,2,1,1,1,0,1,5,1,4,149,72,77
PECOS COUNTY,371,6 Years,187,86,101,32,14,18,1,0,1,1,0,1,5,1,4,148,71,77
PECOS COUNTY,371,7 Years,199,94,105,35,16,19,3,2,1,2,1,1,3,1,2,156,74,82
PECOS COUNTY,371,8 Years,212,104,108,31,16,15,2,1,1,2,1,1,3,1,2,174,85,89
PECOS COUNTY,371,9 Years,214,110,104,32,19,13,2,1,1,2,1,1,4,2,2,174,87,87
PECOS COUNTY,371,10 Years,213,111,102,32,19,13,1,1,0,1,1,0,4,2,2,175,88,87
PECOS COUNTY,371,11 Years,205,106,99,30,16,14,1,1,0,1,1,0,4,2,2,169,86,83
PECOS COUNTY,371,12 Years,210,107,103,28,16,12,2,1,1,1,0,1,4,2,2,175,88,87
PECOS COUNTY,371,13 Years,217,104,113,31,15,16,1,0,1,1,0,1,2,1,1,182,88,94
PECOS COUNTY,371,14 Years,214,104,110,33,15,18,3,1,2,1,0,1,2,1,1,175,87,88
PECOS COUNTY,371,15 Years,205,112,93,33,18,15,3,1,2,0,0,0,3,1,2,166,92,74
PECOS COUNTY,371,16 Years,201,105,96,29,16,13,3,1,2,2,2,0,3,1,2,164,85,79
PECOS COUNTY,371,17 Years,197,94,103,29,14,15,3,1,2,1,1,0,2,0,2,162,78,84
PECOS COUNTY,371,18 Years,203,105,98,31,19,12,2,1,1,0,0,0,2,2,0,168,83,85
PECOS COUNTY,371,19 Years,180,91,89,24,13,11,3,2,1,0,0,0,2,2,0,151,74,77
PECOS COUNTY,371,20 Years,200,115,85,34,23,11,5,4,1,0,0,0,3,3,0,158,85,73
PECOS COUNTY,371,21 Years,199,115,84,38,26,12,7,6,1,1,0,1,1,1,0,152,82,70
PECOS COUNTY,371,22 Years,187,105,82,36,19,17,7,6,1,1,0,1,4,2,2,139,78,61
PECOS COUNTY,371,23 Years,182,110,72,37,24,13,7,6,1,1,1,0,4,3,1,133,76,57
PECOS COUNTY,371,24 Years,174,116,58,38,30,8,12,12,0,1,1,0,2,2,0,121,71,50
PECOS COUNTY,371,25 Years,178,111,67,36,26,10,13,11,2,0,0,0,1,0,1,128,74,54
PECOS COUNTY,371,26 Years,188,124,64,43,32,11,12,12,0,0,0,0,3,0,3,130,80,50
PECOS COUNTY,371,27 Years,216,132,84,45,28,17,16,16,0,1,1,0,1,0,1,153,87,66
PECOS COUNTY,371,28 Years,220,137,83,60,42,18,13,13,0,2,1,1,0,0,0,145,81,64
PECOS COUNTY,371,29 Years,216,131,85,55,36,19,8,6,2,3,0,3,3,2,1,147,87,60
PECOS COUNTY,371,30 Years,225,144,81,63,46,17,13,12,1,4,4,0,2,1,1,143,81,62
PECOS COUNTY,371,31 Years,222,146,76,60,43,17,16,16,0,2,2,0,1,0,1,143,85,58
PECOS COUNTY,371,32 Years,199,130,69,43,28,15,9,9,0,0,0,0,2,1,1,145,92,53
PECOS COUNTY,371,33 Years,234,148,86,60,47,13,10,9,1,1,1,0,1,1,0,162,90,72
PECOS COUNTY,371,34 Years,217,129,88,48,37,11,13,12,1,1,1,0,1,1,0,154,78,76
PECOS COUNTY,371,35 Years,217,140,77,45,35,10,9,9,0,1,1,0,3,1,2,159,94,65
PECOS COUNTY,371,36 Years,240,145,95,59,38,21,13,12,1,1,1,0,2,0,2,165,94,71
PECOS COUNTY,371,37 Years,227,141,86,62,42,20,10,9,1,1,1,0,3,2,1,151,87,64
PECOS COUNTY,371,38 Years,219,130,89,58,40,18,14,14,0,2,1,1,1,0,1,144,75,69
PECOS COUNTY,371,39 Years,242,151,91,61,44,17,15,14,1,1,0,1,1,0,1,164,93,71
PECOS COUNTY,371,40 Years,250,159,91,59,41,18,17,16,1,0,0,0,10,8,2,164,94,70
PECOS COUNTY,371,41 Years,236,150,86,59,41,18,12,11,1,1,1,0,3,3,0,161,94,67
PECOS COUNTY,371,42 Years,211,135,76,58,42,16,6,5,1,1,1,0,2,2,0,144,85,59
PECOS COUNTY,371,43 Years,199,129,70,51,37,14,10,10,0,2,1,1,0,0,0,136,81,55
PECOS COUNTY,371,44 Years,194,129,65,48,34,14,13,13,0,1,0,1,1,1,0,131,81,50
PECOS COUNTY,371,45 Years,186,119,67,50,37,13,6,6,0,1,0,1,1,1,0,128,75,53
PECOS COUNTY,371,46 Years,199,132,67,49,37,12,16,16,0,1,0,1,3,2,1,130,77,53
PECOS COUNTY,371,47 Years,193,123,70,45,34,11,12,12,0,2,1,1,1,0,1,133,76,57
PECOS COUNTY,371,48 Years,183,118,65,45,35,10,15,15,0,2,1,1,1,0,1,120,67,53
PECOS COUNTY,371,49 Years,191,119,72,51,38,13,11,10,1,2,1,1,2,1,1,125,69,56
PECOS COUNTY,371,50 Years,170,101,69,44,30,14,12,11,1,1,0,1,3,2,1,110,58,52
PECOS COUNTY,371,51 Years,167,102,65,50,36,14,9,8,1,1,0,1,3,2,1,104,56,48
PECOS COUNTY,371,52 Years,168,107,61,48,38,10,10,10,0,2,1,1,1,0,1,107,58,49
PECOS COUNTY,371,53 Years,167,102,65,48,34,14,7,7,0,2,1,1,1,1,0,109,59,50
PECOS COUNTY,371,54 Years,162,100,62,47,32,15,7,7,0,1,1,0,3,2,1,104,58,46
PECOS COUNTY,371,55 Years,138,80,58,37,24,13,5,4,1,1,1,0,2,1,1,93,50,43
PECOS COUNTY,371,56 Years,146,80,66,40,22,18,6,5,1,3,1,2,0,0,0,97,52,45
PECOS COUNTY,371,57 Years,154,87,67,48,28,20,7,6,1,2,0,2,2,1,1,95,52,43
PECOS COUNTY,371,58 Years,172,94,78,54,33,21,6,4,2,0,0,0,3,2,1,109,55,54
PECOS COUNTY,371,59 Years,162,86,76,58,31,27,4,4,0,0,0,0,2,1,1,98,50,48
PECOS COUNTY,371,60 Years,142,76,66,54,30,24,4,3,1,1,0,1,3,1,2,80,42,38
PECOS COUNTY,371,61 Years,145,80,65,54,31,23,3,3,0,1,1,0,2,0,2,85,45,40
PECOS COUNTY,371,62 Years,155,88,67,56,28,28,6,5,1,2,1,1,3,2,1,88,52,36
PECOS COUNTY,371,63 Years,148,81,67,53,29,24,4,3,1,4,1,3,0,0,0,87,48,39
PECOS COUNTY,371,64 Years,131,75,56,45,27,18,4,3,1,1,0,1,0,0,0,81,45,36
PECOS COUNTY,371,65 Years,129,71,58,43,25,18,1,1,0,0,0,0,3,0,3,82,45,37
PECOS COUNTY,371,66 Years,134,72,62,43,24,19,1,1,0,0,0,0,1,0,1,89,47,42
PECOS COUNTY,371,67 Years,126,61,65,44,23,21,1,1,0,0,0,0,0,0,0,81,37,44
PECOS COUNTY,371,68 Years,120,59,61,42,22,20,1,1,0,0,0,0,2,2,0,75,34,41
PECOS COUNTY,371,69 Years,116,58,58,38,20,18,2,2,0,1,1,0,2,2,0,73,33,40
PECOS COUNTY,371,70 Years,111,54,57,38,19,19,1,1,0,1,0,1,2,2,0,69,32,37
PECOS COUNTY,371,71 Years,107,54,53,36,19,17,1,1,0,1,0,1,1,1,0,68,33,35
PECOS COUNTY,371,72 Years,102,53,49,34,18,16,1,1,0,0,0,0,2,2,0,65,32,33
PECOS COUNTY,371,73 Years,95,47,48,34,17,17,1,0,1,1,0,1,1,1,0,58,29,29
PECOS COUNTY,371,74 Years,93,50,43,34,16,18,1,1,0,0,0,0,1,0,1,57,33,24
PECOS COUNTY,371,75 Years,96,52,44,36,17,19,1,1,0,1,1,0,0,0,0,58,33,25
PECOS COUNTY,371,76 Years,82,40,42,29,12,17,0,0,0,0,0,0,0,0,0,53,28,25
PECOS COUNTY,371,77 Years,77,39,38,26,13,13,0,0,0,1,1,0,0,0,0,50,25,25
PECOS COUNTY,371,78 Years,64,27,37,22,10,12,0,0,0,1,1,0,1,0,1,40,16,24
PECOS COUNTY,371,79 Years,56,21,35,20,9,11,0,0,0,0,0,0,1,0,1,35,12,23
PECOS COUNTY,371,80 Years,53,21,32,18,8,10,0,0,0,1,1,0,1,0,1,33,12,21
PECOS COUNTY,371,81 Years,49,22,27,17,8,9,0,0,0,0,0,0,1,1,0,31,13,18
PECOS COUNTY,371,82 Years,45,20,25,14,6,8,0,0,0,0,0,0,1,0,1,30,14,16
PECOS COUNTY,371,83 Years,52,21,31,14,6,8,0,0,0,0,0,0,1,0,1,37,15,22
PECOS COUNTY,371,84 Years,47,26,21,16,10,6,0,0,0,0,0,0,0,0,0,31,16,15
PECOS COUNTY,371,85 Years,41,26,15,16,11,5,0,0,0,0,0,0,0,0,0,25,15,10
PECOS COUNTY,371,86 Years,38,22,16,14,8,6,0,0,0,0,0,0,0,0,0,24,14,10
PECOS COUNTY,371,87 Years,27,14,13,9,4,5,0,0,0,0,0,0,0,0,0,18,10,8
PECOS COUNTY,371,88 Years,20,7,13,8,2,6,0,0,0,0,0,0,0,0,0,12,5,7
PECOS COUNTY,371,89 Years,19,8,11,8,3,5,0,0,0,0,0,0,0,0,0,11,5,6
PECOS COUNTY,371,90 Years,17,9,8,8,4,4,0,0,0,0,0,0,0,0,0,9,5,4
PECOS COUNTY,371,91 Years,14,6,8,5,2,3,0,0,0,0,0,0,0,0,0,9,4,5
PECOS COUNTY,371,92 Years,13,7,6,5,2,3,0,0,0,0,0,0,0,0,0,8,5,3
PECOS COUNTY,371,93 Years,10,5,5,3,1,2,0,0,0,0,0,0,0,0,0,7,4,3
PECOS COUNTY,371,94 Years,9,6,3,4,3,1,0,0,0,0,0,0,0,0,0,5,3,2
PECOS COUNTY,371,95 Years +,20,10,10,10,5,5,0,0,0,0,0,0,0,0,0,10,5,5
POLK COUNTY,373,All Ages,53801,29043,24758,37565,19417,18148,5844,3680,2164,273,116,157,1732,851,881,8387,4979,3408
POLK COUNTY,373,< 1 Year,497,252,245,285,146,139,48,25,23,3,2,1,35,18,17,126,61,65
POLK COUNTY,373,1 Years,474,243,231,261,133,128,50,26,24,3,2,1,28,14,14,132,68,64
POLK COUNTY,373,2 Years,479,243,236,266,135,131,50,26,24,3,1,2,28,14,14,132,67,65
POLK COUNTY,373,3 Years,526,252,274,309,153,156,58,29,29,2,1,1,33,14,19,124,55,69
POLK COUNTY,373,4 Years,538,259,279,320,159,161,60,29,31,3,1,2,36,17,19,119,53,66
POLK COUNTY,373,5 Years,543,268,275,329,168,161,56,26,30,2,1,1,36,17,19,120,56,64
POLK COUNTY,373,6 Years,565,289,276,337,174,163,61,31,30,2,1,1,35,18,17,130,65,65
POLK COUNTY,373,7 Years,578,296,282,343,175,168,60,32,28,2,1,1,33,17,16,140,71,69
POLK COUNTY,373,8 Years,592,307,285,366,186,180,54,28,26,4,3,1,36,19,17,132,71,61
POLK COUNTY,373,9 Years,580,292,288,364,183,181,52,25,27,4,2,2,38,17,21,122,65,57
POLK COUNTY,373,10 Years,576,295,281,357,183,174,57,27,30,2,1,1,38,17,21,122,67,55
POLK COUNTY,373,11 Years,572,294,278,350,179,171,59,30,29,3,1,2,35,17,18,125,67,58
POLK COUNTY,373,12 Years,577,298,279,352,185,167,61,32,29,4,3,1,33,15,18,127,63,64
POLK COUNTY,373,13 Years,602,314,288,363,191,172,66,37,29,3,3,0,33,13,20,137,70,67
POLK COUNTY,373,14 Years,648,337,311,403,221,182,68,33,35,3,3,0,39,14,25,135,66,69
POLK COUNTY,373,15 Years,654,360,294,415,240,175,61,32,29,6,3,3,31,16,15,141,69,72
POLK COUNTY,373,16 Years,614,325,289,393,214,179,63,34,29,5,1,4,29,16,13,124,60,64
POLK COUNTY,373,17 Years,554,284,270,358,184,174,59,32,27,2,0,2,25,13,12,110,55,55
POLK COUNTY,373,18 Years,570,328,242,367,210,157,55,29,26,0,0,0,22,14,8,126,75,51
POLK COUNTY,373,19 Years,543,306,237,342,195,147,53,28,25,0,0,0,27,15,12,121,68,53
POLK COUNTY,373,20 Years,570,315,255,356,193,163,59,36,23,1,0,1,29,16,13,125,70,55
POLK COUNTY,373,21 Years,585,345,240,349,199,150,74,42,32,2,1,1,32,22,10,128,81,47
POLK COUNTY,373,22 Years,555,331,224,321,189,132,79,45,34,4,2,2,21,12,9,130,83,47
POLK COUNTY,373,23 Years,551,348,203,306,185,121,78,52,26,1,1,0,26,17,9,140,93,47
POLK COUNTY,373,24 Years,544,337,207,297,171,126,82,57,25,1,1,0,20,7,13,144,101,43
POLK COUNTY,373,25 Years,576,354,222,309,172,137,94,63,31,1,1,0,23,11,12,149,107,42
POLK COUNTY,373,26 Years,605,369,236,334,184,150,95,67,28,1,1,0,16,3,13,159,114,45
POLK COUNTY,373,27 Years,636,391,245,356,196,160,96,68,28,5,2,3,20,8,12,159,117,42
POLK COUNTY,373,28 Years,599,354,245,335,175,160,97,69,28,6,1,5,20,12,8,141,97,44
POLK COUNTY,373,29 Years,600,361,239,344,183,161,93,64,29,5,3,2,24,16,8,134,95,39
POLK COUNTY,373,30 Years,682,426,256,388,225,163,102,72,30,4,3,1,29,15,14,159,111,48
POLK COUNTY,373,31 Years,688,416,272,405,229,176,120,86,34,2,2,0,20,9,11,141,90,51
POLK COUNTY,373,32 Years,627,382,245,378,208,170,98,72,26,1,1,0,15,10,5,135,91,44
POLK COUNTY,373,33 Years,588,345,243,350,177,173,87,65,22,3,3,0,14,9,5,134,91,43
POLK COUNTY,373,34 Years,625,372,253,376,187,189,86,68,18,2,2,0,15,7,8,146,108,38
POLK COUNTY,373,35 Years,636,374,262,384,193,191,86,64,22,3,2,1,18,11,7,145,104,41
POLK COUNTY,373,36 Years,614,373,241,351,189,162,99,74,25,5,2,3,18,10,8,141,98,43
POLK COUNTY,373,37 Years,607,372,235,346,184,162,100,80,20,3,0,3,13,8,5,145,100,45
POLK COUNTY,373,38 Years,632,376,256,382,200,182,95,78,17,3,1,2,14,6,8,138,91,47
POLK COUNTY,373,39 Years,631,386,245,386,218,168,99,78,21,4,0,4,15,7,8,127,83,44
POLK COUNTY,373,40 Years,620,362,258,363,188,175,94,72,22,7,2,5,14,9,5,142,91,51
POLK COUNTY,373,41 Years,614,360,254,371,197,174,95,75,20,8,3,5,11,5,6,129,80,49
POLK COUNTY,373,42 Years,623,365,258,385,201,184,101,77,24,5,2,3,12,6,6,120,79,41
POLK COUNTY,373,43 Years,604,353,251,385,202,183,107,82,25,3,2,1,17,9,8,92,58,34
POLK COUNTY,373,44 Years,571,330,241,352,186,166,108,81,27,4,0,4,14,5,9,93,58,35
POLK COUNTY,373,45 Years,559,325,234,338,180,158,101,70,31,7,1,6,18,10,8,95,64,31
POLK COUNTY,373,46 Years,588,348,240,373,204,169,91,66,25,5,1,4,17,10,7,102,67,35
POLK COUNTY,373,47 Years,623,350,273,402,205,197,99,69,30,4,1,3,19,12,7,99,63,36
POLK COUNTY,373,48 Years,620,340,280,403,208,195,97,65,32,2,1,1,17,7,10,101,59,42
POLK COUNTY,373,49 Years,628,359,269,399,211,188,103,73,30,2,2,0,14,4,10,110,69,41
POLK COUNTY,373,50 Years,645,344,301,424,206,218,89,63,26,5,1,4,12,6,6,115,68,47
POLK COUNTY,373,51 Years,687,350,337,467,233,234,90,57,33,6,1,5,19,8,11,105,51,54
POLK COUNTY,373,52 Years,676,368,308,480,255,225,85,56,29,4,1,3,16,5,11,91,51,40
POLK COUNTY,373,53 Years,648,368,280,466,250,216,78,54,24,5,3,2,17,8,9,82,53,29
POLK COUNTY,373,54 Years,660,359,301,469,239,230,83,55,28,4,2,2,19,10,9,85,53,32
POLK COUNTY,373,55 Years,651,330,321,477,231,246,82,53,29,5,1,4,13,3,10,74,42,32
POLK COUNTY,373,56 Years,687,345,342,491,239,252,88,56,32,2,1,1,16,6,10,90,43,47
POLK COUNTY,373,57 Years,762,380,382,578,275,303,79,49,30,2,0,2,14,5,9,89,51,38
POLK COUNTY,373,58 Years,836,419,417,664,325,339,67,35,32,2,0,2,21,9,12,82,50,32
POLK COUNTY,373,59 Years,844,415,429,664,320,344,75,37,38,4,2,2,22,11,11,79,45,34
POLK COUNTY,373,60 Years,843,402,441,672,318,354,74,35,39,3,1,2,19,10,9,75,38,37
POLK COUNTY,373,61 Years,905,431,474,718,339,379,74,36,38,5,3,2,24,11,13,84,42,42
POLK COUNTY,373,62 Years,966,461,505,775,365,410,72,38,34,4,3,1,25,8,17,90,47,43
POLK COUNTY,373,63 Years,1009,469,540,823,374,449,76,40,36,4,2,2,21,9,12,85,44,41
POLK COUNTY,373,64 Years,1044,495,549,865,398,467,77,42,35,5,2,3,21,12,9,76,41,35
POLK COUNTY,373,65 Years,1045,501,544,888,417,471,68,38,30,4,2,2,24,9,15,61,35,26
POLK COUNTY,373,66 Years,1048,506,542,892,426,466,62,33,29,6,3,3,24,8,16,64,36,28
POLK COUNTY,373,67 Years,1080,537,543,916,448,468,68,36,32,7,2,5,26,15,11,63,36,27
POLK COUNTY,373,68 Years,1064,547,517,903,461,442,73,36,37,6,2,4,17,11,6,65,37,28
POLK COUNTY,373,69 Years,981,510,471,830,433,397,59,28,31,7,2,5,19,10,9,66,37,29
POLK COUNTY,373,70 Years,916,464,452,787,408,379,52,23,29,4,0,4,20,8,12,53,25,28
POLK COUNTY,373,71 Years,829,430,399,724,380,344,45,21,24,3,2,1,15,7,8,42,20,22
POLK COUNTY,373,72 Years,763,402,361,664,353,311,44,21,23,3,1,2,18,7,11,34,20,14
POLK COUNTY,373,73 Years,688,385,303,610,337,273,35,21,14,3,2,1,12,6,6,28,19,9
POLK COUNTY,373,74 Years,635,370,265,571,329,242,28,20,8,3,1,2,9,5,4,24,15,9
POLK COUNTY,373,75 Years,571,318,253,519,287,232,23,16,7,1,0,1,9,4,5,19,11,8
POLK COUNTY,373,76 Years,468,250,218,418,224,194,22,11,11,2,1,1,10,5,5,16,9,7
POLK COUNTY,373,77 Years,403,210,193,358,185,173,20,10,10,1,1,0,8,5,3,16,9,7
POLK COUNTY,373,78 Years,329,181,148,299,164,135,10,6,4,1,0,1,5,3,2,14,8,6
POLK COUNTY,373,79 Years,288,164,124,264,151,113,7,4,3,1,0,1,5,3,2,11,6,5
POLK COUNTY,373,80 Years,249,139,110,225,128,97,9,4,5,0,0,0,5,2,3,10,5,5
POLK COUNTY,373,81 Years,204,109,95,182,99,83,10,4,6,1,0,1,4,2,2,7,4,3
POLK COUNTY,373,82 Years,169,91,78,152,82,70,9,4,5,0,0,0,4,2,2,4,3,1
POLK COUNTY,373,83 Years,125,63,62,111,56,55,7,3,4,0,0,0,3,2,1,4,2,2
POLK COUNTY,373,84 Years,106,56,50,90,48,42,7,3,4,0,0,0,4,3,1,5,2,3
POLK COUNTY,373,85 Years,93,47,46,79,40,39,7,3,4,0,0,0,3,2,1,4,2,2
POLK COUNTY,373,86 Years,82,41,41,71,35,36,5,3,2,0,0,0,2,1,1,4,2,2
POLK COUNTY,373,87 Years,68,33,35,60,28,32,2,1,1,0,0,0,1,1,0,5,3,2
POLK COUNTY,373,88 Years,49,22,27,44,20,24,2,0,2,0,0,0,1,1,0,2,1,1
POLK COUNTY,373,89 Years,44,19,25,38,16,22,3,1,2,0,0,0,0,0,0,3,2,1
POLK COUNTY,373,90 Years,35,13,22,30,11,19,2,1,1,0,0,0,0,0,0,3,1,2
POLK COUNTY,373,91 Years,30,11,19,26,9,17,1,0,1,0,0,0,0,0,0,3,2,1
POLK COUNTY,373,92 Years,22,7,15,20,6,14,1,0,1,0,0,0,0,0,0,1,1,0
POLK COUNTY,373,93 Years,18,4,14,16,4,12,2,0,2,0,0,0,0,0,0,0,0,0
POLK COUNTY,373,94 Years,16,6,10,14,5,9,0,0,0,0,0,0,0,0,0,2,1,1
POLK COUNTY,373,95 Years +,37,10,27,27,7,20,6,2,4,0,0,0,0,0,0,4,1,3
POTTER COUNTY,375,All Ages,115599,59133,56466,48940,24341,24599,10953,6391,4562,6576,3431,3145,3159,1545,1614,45971,23425,22546
POTTER COUNTY,375,< 1 Year,1482,754,728,445,224,221,128,67,61,50,25,25,93,47,46,766,391,375
POTTER COUNTY,375,1 Years,1459,745,714,444,226,218,123,63,60,58,30,28,63,33,30,771,393,378
POTTER COUNTY,375,2 Years,1474,752,722,455,232,223,123,63,60,58,30,28,64,33,31,774,394,380
POTTER COUNTY,375,3 Years,1563,804,759,440,235,205,156,78,78,45,22,23,73,40,33,849,429,420
POTTER COUNTY,375,4 Years,1592,813,779,445,237,208,168,86,82,46,24,22,78,42,36,855,424,431
POTTER COUNTY,375,5 Years,1638,829,809,476,246,230,169,89,80,59,29,30,85,42,43,849,423,426
POTTER COUNTY,375,6 Years,1749,871,878,504,250,254,172,91,81,111,51,60,95,48,47,867,431,436
POTTER COUNTY,375,7 Years,1882,935,947,519,256,263,172,92,80,178,78,100,99,48,51,914,461,453
POTTER COUNTY,375,8 Years,1887,961,926,516,261,255,197,108,89,149,76,73,92,45,47,933,471,462
POTTER COUNTY,375,9 Years,1887,973,914,522,270,252,202,112,90,142,76,66,88,45,43,933,470,463
POTTER COUNTY,375,10 Years,1849,952,897,525,274,251,192,105,87,143,76,67,86,43,43,903,454,449
POTTER COUNTY,375,11 Years,1797,905,892,521,268,253,179,95,84,140,71,69,82,40,42,875,431,444
POTTER COUNTY,375,12 Years,1673,845,828,493,255,238,175,84,91,121,58,63,67,33,34,817,415,402
POTTER COUNTY,375,13 Years,1649,813,836,518,257,261,155,72,83,121,62,59,58,31,27,797,391,406
POTTER COUNTY,375,14 Years,1682,842,840,534,260,274,157,84,73,119,65,54,69,43,26,803,390,413
POTTER COUNTY,375,15 Years,1687,872,815,534,264,270,155,85,70,109,67,42,63,38,25,826,418,408
POTTER COUNTY,375,16 Years,1661,827,834,512,262,250,148,70,78,103,57,46,58,30,28,840,408,432
POTTER COUNTY,375,17 Years,1619,807,812,511,258,253,149,68,81,95,50,45,55,27,28,809,404,405
POTTER COUNTY,375,18 Years,1572,801,771,487,253,234,143,78,65,104,44,60,55,25,30,783,401,382
POTTER COUNTY,375,19 Years,1495,756,739,471,240,231,131,74,57,104,45,59,55,24,31,734,373,361
POTTER COUNTY,375,20 Years,1558,814,744,507,266,241,148,90,58,102,48,54,50,25,25,751,385,366
POTTER COUNTY,375,21 Years,1556,809,747,501,259,242,144,89,55,107,53,54,47,25,22,757,383,374
POTTER COUNTY,375,22 Years,1508,787,721,485,243,242,143,89,54,109,64,45,50,26,24,721,365,356
POTTER COUNTY,375,23 Years,1534,798,736,508,261,247,137,87,50,103,54,49,49,25,24,737,371,366
POTTER COUNTY,375,24 Years,1544,809,735,504,260,244,152,96,56,93,42,51,49,22,27,746,389,357
POTTER COUNTY,375,25 Years,1629,849,780,532,269,263,187,120,67,100,47,53,49,22,27,761,391,370
POTTER COUNTY,375,26 Years,1701,907,794,567,290,277,192,121,71,105,61,44,47,27,20,790,408,382
POTTER COUNTY,375,27 Years,1740,917,823,605,313,292,190,124,66,115,57,58,47,24,23,783,399,384
POTTER COUNTY,375,28 Years,1677,910,767,593,309,284,200,133,67,106,59,47,43,19,24,735,390,345
POTTER COUNTY,375,29 Years,1669,912,757,602,308,294,211,133,78,102,60,42,42,20,22,712,391,321
POTTER COUNTY,375,30 Years,1745,960,785,638,345,293,217,139,78,99,57,42,43,21,22,748,398,350
POTTER COUNTY,375,31 Years,1777,964,813,658,348,310,207,138,69,102,61,41,38,19,19,772,398,374
POTTER COUNTY,375,32 Years,1730,917,813,666,347,319,194,125,69,114,58,56,31,14,17,725,373,352
POTTER COUNTY,375,33 Years,1623,872,751,604,326,278,191,116,75,117,63,54,29,14,15,682,353,329
POTTER COUNTY,375,34 Years,1592,858,734,572,304,268,188,112,76,123,69,54,29,13,16,680,360,320
POTTER COUNTY,375,35 Years,1557,860,697,578,308,270,194,123,71,106,61,45,29,13,16,650,355,295
POTTER COUNTY,375,36 Years,1547,837,710,616,312,304,174,112,62,94,52,42,29,12,17,634,349,285
POTTER COUNTY,375,37 Years,1509,797,712,612,305,307,162,103,59,97,53,44,27,14,13,611,322,289
POTTER COUNTY,375,38 Years,1526,819,707,602,304,298,169,115,54,110,58,52,23,13,10,622,329,293
POTTER COUNTY,375,39 Years,1535,838,697,605,310,295,169,115,54,103,55,48,26,13,13,632,345,287
POTTER COUNTY,375,40 Years,1564,858,706,626,334,292,171,119,52,94,45,49,25,11,14,648,349,299
POTTER COUNTY,375,41 Years,1540,820,720,651,339,312,170,121,49,85,35,50,26,13,13,608,312,296
POTTER COUNTY,375,42 Years,1492,798,694,638,334,304,160,113,47,89,37,52,21,10,11,584,304,280
POTTER COUNTY,375,43 Years,1437,773,664,624,322,302,161,115,46,96,42,54,16,8,8,540,286,254
POTTER COUNTY,375,44 Years,1393,737,656,616,306,310,146,106,40,98,52,46,15,7,8,518,266,252
POTTER COUNTY,375,45 Years,1366,750,616,606,322,284,145,106,39,82,43,39,21,11,10,512,268,244
POTTER COUNTY,375,46 Years,1349,740,609,610,329,281,129,90,39,88,53,35,21,12,9,501,256,245
POTTER COUNTY,375,47 Years,1318,711,607,585,312,273,132,91,41,83,49,34,19,9,10,499,250,249
POTTER COUNTY,375,48 Years,1297,721,576,576,308,268,136,95,41,83,45,38,20,9,11,482,264,218
POTTER COUNTY,375,49 Years,1303,723,580,595,317,278,126,89,37,80,46,34,24,11,13,478,260,218
POTTER COUNTY,375,50 Years,1292,691,601,589,304,285,119,74,45,91,53,38,22,12,10,471,248,223
POTTER COUNTY,375,51 Years,1295,691,604,601,315,286,127,81,46,83,44,39,26,14,12,458,237,221
POTTER COUNTY,375,52 Years,1337,710,627,641,332,309,126,83,43,74,36,38,25,11,14,471,248,223
POTTER COUNTY,375,53 Years,1295,686,609,627,324,303,124,80,44,64,33,31,20,9,11,460,240,220
POTTER COUNTY,375,54 Years,1262,676,586,604,311,293,120,78,42,60,34,26,24,9,15,454,244,210
POTTER COUNTY,375,55 Years,1193,643,550,558,294,264,111,69,42,68,36,32,24,11,13,432,233,199
POTTER COUNTY,375,56 Years,1204,640,564,580,294,286,103,62,41,63,33,30,23,10,13,435,241,194
POTTER COUNTY,375,57 Years,1275,664,611,638,326,312,114,64,50,59,31,28,24,9,15,440,234,206
POTTER COUNTY,375,58 Years,1288,659,629,669,343,326,108,57,51,59,32,27,32,13,19,420,214,206
POTTER COUNTY,375,59 Years,1286,648,638,699,356,343,113,56,57,51,28,23,31,14,17,392,194,198
POTTER COUNTY,375,60 Years,1273,611,662,712,341,371,103,51,52,49,26,23,26,10,16,383,183,200
POTTER COUNTY,375,61 Years,1261,606,655,719,344,375,100,51,49,53,27,26,23,11,12,366,173,193
POTTER COUNTY,375,62 Years,1290,632,658,760,370,390,99,48,51,56,30,26,22,13,9,353,171,182
POTTER COUNTY,375,63 Years,1226,599,627,725,353,372,91,46,45,52,28,24,28,14,14,330,158,172
POTTER COUNTY,375,64 Years,1185,563,622,710,329,381,85,45,40,47,26,21,25,10,15,318,153,165
POTTER COUNTY,375,65 Years,1150,521,629,699,311,388,83,37,46,49,26,23,22,10,12,297,137,160
POTTER COUNTY,375,66 Years,1167,557,610,729,348,381,83,37,46,49,26,23,18,9,9,288,137,151
POTTER COUNTY,375,67 Years,1142,549,593,726,348,378,83,40,43,50,26,24,20,9,11,263,126,137
POTTER COUNTY,375,68 Years,1083,537,546,690,341,349,76,37,39,45,22,23,22,11,11,250,126,124
POTTER COUNTY,375,69 Years,1045,520,525,674,333,341,71,34,37,45,23,22,20,9,11,235,121,114
POTTER COUNTY,375,70 Years,974,478,496,647,316,331,64,27,37,40,19,21,16,7,9,207,109,98
POTTER COUNTY,375,71 Years,911,441,470,610,291,319,62,27,35,31,17,14,14,7,7,194,99,95
POTTER COUNTY,375,72 Years,857,420,437,565,272,293,56,26,30,27,17,10,17,8,9,192,97,95
POTTER COUNTY,375,73 Years,816,385,431,530,253,277,56,23,33,37,19,18,20,8,12,173,82,91
POTTER COUNTY,375,74 Years,781,354,427,530,247,283,51,20,31,31,15,16,17,7,10,152,65,87
POTTER COUNTY,375,75 Years,744,336,408,526,235,291,45,18,27,23,13,10,17,9,8,133,61,72
POTTER COUNTY,375,76 Years,640,273,367,437,185,252,34,13,21,24,13,11,15,8,7,130,54,76
POTTER COUNTY,375,77 Years,576,253,323,388,168,220,38,16,22,25,12,13,10,6,4,115,51,64
POTTER COUNTY,375,78 Years,539,239,300,375,169,206,33,14,19,21,10,11,10,3,7,100,43,57
POTTER COUNTY,375,79 Years,484,208,276,344,151,193,30,11,19,16,10,6,10,2,8,84,34,50
POTTER COUNTY,375,80 Years,445,194,251,324,140,184,27,10,17,12,7,5,10,4,6,72,33,39
POTTER COUNTY,375,81 Years,430,187,243,308,135,173,24,10,14,11,7,4,8,2,6,79,33,46
POTTER COUNTY,375,82 Years,397,164,233,291,122,169,18,7,11,11,6,5,6,2,4,71,27,44
POTTER COUNTY,375,83 Years,359,148,211,266,106,160,17,7,10,9,4,5,9,4,5,58,27,31
POTTER COUNTY,375,84 Years,326,143,183,243,100,143,14,7,7,9,5,4,7,4,3,53,27,26
POTTER COUNTY,375,85 Years,299,118,181,227,86,141,14,6,8,9,5,4,5,2,3,44,19,25
POTTER COUNTY,375,86 Years,275,110,165,209,84,125,14,6,8,7,3,4,5,2,3,40,15,25
POTTER COUNTY,375,87 Years,253,102,151,196,79,117,11,4,7,5,3,2,3,1,2,38,15,23
POTTER COUNTY,375,88 Years,220,82,138,169,66,103,10,2,8,4,2,2,2,0,2,35,12,23
POTTER COUNTY,375,89 Years,190,67,123,149,54,95,8,2,6,3,2,1,2,0,2,28,9,19
POTTER COUNTY,375,90 Years,181,65,116,140,49,91,9,4,5,3,2,1,3,0,3,26,10,16
POTTER COUNTY,375,91 Years,153,54,99,116,40,76,8,3,5,2,1,1,3,0,3,24,10,14
POTTER COUNTY,375,92 Years,130,45,85,97,34,63,5,1,4,2,1,1,3,0,3,23,9,14
POTTER COUNTY,375,93 Years,108,38,70,83,28,55,4,1,3,2,1,1,2,1,1,17,7,10
POTTER COUNTY,375,94 Years,87,29,58,67,22,45,4,1,3,1,1,0,1,0,1,14,5,9
POTTER COUNTY,375,95 Years +,262,75,187,199,54,145,19,6,13,4,1,3,4,1,3,36,13,23
PRESIDIO COUNTY,377,All Ages,5989,3051,2938,945,493,452,22,16,6,69,45,24,60,39,21,4893,2458,2435
PRESIDIO COUNTY,377,< 1 Year,79,41,38,9,5,4,1,0,1,0,0,0,1,0,1,68,36,32
PRESIDIO COUNTY,377,1 Years,83,43,40,11,5,6,1,1,0,0,0,0,1,1,0,70,36,34
PRESIDIO COUNTY,377,2 Years,86,44,42,12,7,5,1,0,1,0,0,0,1,0,1,72,37,35
PRESIDIO COUNTY,377,3 Years,106,53,53,11,6,5,0,0,0,0,0,0,0,0,0,95,47,48
PRESIDIO COUNTY,377,4 Years,105,54,51,12,7,5,0,0,0,0,0,0,2,2,0,91,45,46
PRESIDIO COUNTY,377,5 Years,105,54,51,11,6,5,0,0,0,0,0,0,3,3,0,91,45,46
PRESIDIO COUNTY,377,6 Years,102,51,51,13,6,7,0,0,0,0,0,0,1,1,0,88,44,44
PRESIDIO COUNTY,377,7 Years,103,49,54,12,5,7,0,0,0,0,0,0,0,0,0,91,44,47
PRESIDIO COUNTY,377,8 Years,106,55,51,12,7,5,0,0,0,1,1,0,0,0,0,93,47,46
PRESIDIO COUNTY,377,9 Years,102,53,49,10,6,4,0,0,0,1,1,0,0,0,0,91,46,45
PRESIDIO COUNTY,377,10 Years,91,45,46,8,5,3,0,0,0,1,1,0,0,0,0,82,39,43
PRESIDIO COUNTY,377,11 Years,89,44,45,7,3,4,0,0,0,1,1,0,0,0,0,81,40,41
PRESIDIO COUNTY,377,12 Years,85,45,40,8,4,4,2,2,0,2,1,1,4,3,1,69,35,34
PRESIDIO COUNTY,377,13 Years,85,51,34,9,4,5,2,1,1,4,3,1,2,2,0,68,41,27
PRESIDIO COUNTY,377,14 Years,90,55,35,9,5,4,1,0,1,4,3,1,1,1,0,75,46,29
PRESIDIO COUNTY,377,15 Years,89,53,36,6,4,2,0,0,0,5,4,1,1,1,0,77,44,33
PRESIDIO COUNTY,377,16 Years,83,49,34,6,4,2,1,1,0,3,3,0,1,1,0,72,40,32
PRESIDIO COUNTY,377,17 Years,87,52,35,7,5,2,1,1,0,4,3,1,0,0,0,75,43,32
PRESIDIO COUNTY,377,18 Years,85,47,38,5,3,2,0,0,0,3,2,1,0,0,0,77,42,35
PRESIDIO COUNTY,377,19 Years,84,44,40,5,4,1,0,0,0,4,3,1,1,1,0,74,36,38
PRESIDIO COUNTY,377,20 Years,73,38,35,5,3,2,0,0,0,2,2,0,1,1,0,65,32,33
PRESIDIO COUNTY,377,21 Years,71,38,33,2,2,0,0,0,0,1,1,0,0,0,0,68,35,33
PRESIDIO COUNTY,377,22 Years,70,35,35,2,1,1,0,0,0,3,2,1,1,1,0,64,31,33
PRESIDIO COUNTY,377,23 Years,55,27,28,5,3,2,0,0,0,2,0,2,1,1,0,47,23,24
PRESIDIO COUNTY,377,24 Years,55,29,26,7,4,3,1,1,0,1,0,1,1,1,0,45,23,22
PRESIDIO COUNTY,377,25 Years,53,28,25,7,4,3,1,1,0,0,0,0,1,1,0,44,22,22
PRESIDIO COUNTY,377,26 Years,57,24,33,8,3,5,0,0,0,1,0,1,1,1,0,47,20,27
PRESIDIO COUNTY,377,27 Years,61,27,34,6,3,3,0,0,0,0,0,0,0,0,0,55,24,31
PRESIDIO COUNTY,377,28 Years,59,28,31,7,5,2,2,1,1,1,0,1,0,0,0,49,22,27
PRESIDIO COUNTY,377,29 Years,69,31,38,16,5,11,2,1,1,2,1,1,1,0,1,48,24,24
PRESIDIO COUNTY,377,30 Years,66,34,32,13,6,7,1,1,0,1,1,0,0,0,0,51,26,25
PRESIDIO COUNTY,377,31 Years,61,33,28,5,4,1,1,1,0,1,1,0,0,0,0,54,27,27
PRESIDIO COUNTY,377,32 Years,58,31,27,5,5,0,1,1,0,0,0,0,2,2,0,50,23,27
PRESIDIO COUNTY,377,33 Years,53,29,24,10,5,5,0,0,0,0,0,0,1,1,0,42,23,19
PRESIDIO COUNTY,377,34 Years,52,28,24,11,6,5,0,0,0,0,0,0,0,0,0,41,22,19
PRESIDIO COUNTY,377,35 Years,60,34,26,15,10,5,0,0,0,0,0,0,0,0,0,45,24,21
PRESIDIO COUNTY,377,36 Years,69,34,35,15,8,7,0,0,0,0,0,0,0,0,0,54,26,28
PRESIDIO COUNTY,377,37 Years,68,32,36,19,8,11,0,0,0,0,0,0,0,0,0,49,24,25
PRESIDIO COUNTY,377,38 Years,71,37,34,15,6,9,0,0,0,0,0,0,1,1,0,55,30,25
PRESIDIO COUNTY,377,39 Years,67,33,34,12,4,8,0,0,0,0,0,0,1,1,0,54,28,26
PRESIDIO COUNTY,377,40 Years,65,35,30,13,6,7,0,0,0,0,0,0,1,1,0,51,28,23
PRESIDIO COUNTY,377,41 Years,71,37,34,15,8,7,0,0,0,0,0,0,1,1,0,55,28,27
PRESIDIO COUNTY,377,42 Years,76,41,35,17,10,7,0,0,0,0,0,0,1,1,0,58,30,28
PRESIDIO COUNTY,377,43 Years,68,34,34,10,6,4,0,0,0,3,2,1,0,0,0,55,26,29
PRESIDIO COUNTY,377,44 Years,60,30,30,8,5,3,0,0,0,3,2,1,1,0,1,48,23,25
PRESIDIO COUNTY,377,45 Years,59,28,31,8,5,3,1,1,0,1,0,1,1,0,1,48,22,26
PRESIDIO COUNTY,377,46 Years,66,33,33,8,4,4,1,1,0,3,3,0,0,0,0,54,25,29
PRESIDIO COUNTY,377,47 Years,68,30,38,9,3,6,0,0,0,4,2,2,0,0,0,55,25,30
PRESIDIO COUNTY,377,48 Years,53,21,32,9,5,4,0,0,0,2,0,2,0,0,0,42,16,26
PRESIDIO COUNTY,377,49 Years,53,25,28,12,6,6,0,0,0,0,0,0,1,1,0,40,18,22
PRESIDIO COUNTY,377,50 Years,61,35,26,14,8,6,0,0,0,0,0,0,1,1,0,46,26,20
PRESIDIO COUNTY,377,51 Years,64,32,32,14,7,7,0,0,0,0,0,0,1,1,0,49,24,25
PRESIDIO COUNTY,377,52 Years,61,27,34,13,6,7,0,0,0,0,0,0,1,0,1,47,21,26
PRESIDIO COUNTY,377,53 Years,57,27,30,12,6,6,0,0,0,0,0,0,0,0,0,45,21,24
PRESIDIO COUNTY,377,54 Years,56,28,28,11,6,5,0,0,0,0,0,0,0,0,0,45,22,23
PRESIDIO COUNTY,377,55 Years,53,28,25,8,5,3,0,0,0,0,0,0,2,2,0,43,21,22
PRESIDIO COUNTY,377,56 Years,54,25,29,9,5,4,0,0,0,0,0,0,0,0,0,45,20,25
PRESIDIO COUNTY,377,57 Years,54,26,28,6,4,2,0,0,0,1,1,0,0,0,0,47,21,26
PRESIDIO COUNTY,377,58 Years,61,32,29,7,3,4,0,0,0,1,1,0,0,0,0,53,28,25
PRESIDIO COUNTY,377,59 Years,62,29,33,12,3,9,0,0,0,0,0,0,0,0,0,50,26,24
PRESIDIO COUNTY,377,60 Years,58,25,33,11,3,8,0,0,0,0,0,0,0,0,0,47,22,25
PRESIDIO COUNTY,377,61 Years,60,27,33,9,2,7,0,0,0,1,0,1,0,0,0,50,25,25
PRESIDIO COUNTY,377,62 Years,55,26,29,7,3,4,1,1,0,1,0,1,0,0,0,46,22,24
PRESIDIO COUNTY,377,63 Years,48,24,24,8,4,4,0,0,0,0,0,0,1,1,0,39,19,20
PRESIDIO COUNTY,377,64 Years,49,23,26,11,5,6,0,0,0,0,0,0,0,0,0,38,18,20
PRESIDIO COUNTY,377,65 Years,57,29,28,14,7,7,0,0,0,0,0,0,0,0,0,43,22,21
PRESIDIO COUNTY,377,66 Years,57,25,32,11,5,6,0,0,0,0,0,0,4,0,4,42,20,22
PRESIDIO COUNTY,377,67 Years,51,24,27,12,7,5,0,0,0,0,0,0,1,0,1,38,17,21
PRESIDIO COUNTY,377,68 Years,50,24,26,11,6,5,0,0,0,0,0,0,0,0,0,39,18,21
PRESIDIO COUNTY,377,69 Years,51,27,24,11,6,5,0,0,0,0,0,0,0,0,0,40,21,19
PRESIDIO COUNTY,377,70 Years,54,25,29,12,5,7,0,0,0,0,0,0,0,0,0,42,20,22
PRESIDIO COUNTY,377,71 Years,54,28,26,12,5,7,0,0,0,0,0,0,1,1,0,41,22,19
PRESIDIO COUNTY,377,72 Years,59,34,25,14,7,7,0,0,0,0,0,0,0,0,0,45,27,18
PRESIDIO COUNTY,377,73 Years,79,45,34,24,15,9,0,0,0,0,0,0,1,0,1,54,30,24
PRESIDIO COUNTY,377,74 Years,83,46,37,27,18,9,0,0,0,1,0,1,2,1,1,53,27,26
PRESIDIO COUNTY,377,75 Years,87,46,41,22,14,8,0,0,0,0,0,0,3,1,2,62,31,31
PRESIDIO COUNTY,377,76 Years,67,35,32,19,13,6,0,0,0,0,0,0,1,0,1,47,22,25
PRESIDIO COUNTY,377,77 Years,55,29,26,14,9,5,0,0,0,0,0,0,1,0,1,40,20,20
PRESIDIO COUNTY,377,78 Years,53,30,23,11,6,5,0,0,0,0,0,0,1,0,1,41,24,17
PRESIDIO COUNTY,377,79 Years,58,30,28,12,4,8,0,0,0,0,0,0,1,0,1,45,26,19
PRESIDIO COUNTY,377,80 Years,49,23,26,10,3,7,0,0,0,0,0,0,0,0,0,39,20,19
PRESIDIO COUNTY,377,81 Years,47,18,29,7,3,4,0,0,0,0,0,0,0,0,0,40,15,25
PRESIDIO COUNTY,377,82 Years,42,16,26,6,3,3,0,0,0,0,0,0,1,0,1,35,13,22
PRESIDIO COUNTY,377,83 Years,39,21,18,7,4,3,0,0,0,0,0,0,0,0,0,32,17,15
PRESIDIO COUNTY,377,84 Years,38,23,15,8,5,3,0,0,0,0,0,0,0,0,0,30,18,12
PRESIDIO COUNTY,377,85 Years,32,18,14,7,4,3,0,0,0,0,0,0,0,0,0,25,14,11
PRESIDIO COUNTY,377,86 Years,32,17,15,8,5,3,0,0,0,0,0,0,0,0,0,24,12,12
PRESIDIO COUNTY,377,87 Years,32,17,15,8,4,4,0,0,0,0,0,0,0,0,0,24,13,11
PRESIDIO COUNTY,377,88 Years,29,16,13,5,2,3,0,0,0,0,0,0,0,0,0,24,14,10
PRESIDIO COUNTY,377,89 Years,24,12,12,4,2,2,0,0,0,0,0,0,0,0,0,20,10,10
PRESIDIO COUNTY,377,90 Years,23,11,12,4,2,2,0,0,0,0,0,0,0,0,0,19,9,10
PRESIDIO COUNTY,377,91 Years,20,7,13,3,0,3,0,0,0,0,0,0,0,0,0,17,7,10
PRESIDIO COUNTY,377,92 Years,18,8,10,2,0,2,0,0,0,0,0,0,0,0,0,16,8,8
PRESIDIO COUNTY,377,93 Years,14,7,7,2,1,1,0,0,0,0,0,0,0,0,0,12,6,6
PRESIDIO COUNTY,377,94 Years,15,7,8,3,2,1,0,0,0,0,0,0,0,0,0,12,5,7
PRESIDIO COUNTY,377,95 Years +,35,13,22,6,2,4,0,0,0,0,0,0,0,0,0,29,11,18
RAINS COUNTY,379,All Ages,12949,6473,6476,11051,5477,5574,281,148,133,75,39,36,317,176,141,1225,633,592
RAINS COUNTY,379,< 1 Year,127,65,62,89,46,43,3,1,2,2,1,1,6,3,3,27,14,13
RAINS COUNTY,379,1 Years,118,63,55,82,42,40,3,2,1,1,1,0,6,4,2,26,14,12
RAINS COUNTY,379,2 Years,121,63,58,83,42,41,4,2,2,1,1,0,5,3,2,28,15,13
RAINS COUNTY,379,3 Years,136,75,61,104,56,48,3,1,2,0,0,0,9,6,3,20,12,8
RAINS COUNTY,379,4 Years,142,75,67,111,59,52,3,1,2,0,0,0,8,5,3,20,10,10
RAINS COUNTY,379,5 Years,135,73,62,105,57,48,3,1,2,0,0,0,7,4,3,20,11,9
RAINS COUNTY,379,6 Years,130,69,61,95,50,45,3,1,2,1,1,0,9,5,4,22,12,10
RAINS COUNTY,379,7 Years,114,55,59,84,42,42,3,1,2,2,1,1,7,3,4,18,8,10
RAINS COUNTY,379,8 Years,132,65,67,99,51,48,3,1,2,2,2,0,6,3,3,22,8,14
RAINS COUNTY,379,9 Years,143,74,69,110,58,52,2,1,1,2,2,0,6,3,3,23,10,13
RAINS COUNTY,379,10 Years,149,79,70,116,64,52,3,2,1,0,0,0,5,3,2,25,10,15
RAINS COUNTY,379,11 Years,156,85,71,123,67,56,2,1,1,0,0,0,4,2,2,27,15,12
RAINS COUNTY,379,12 Years,161,90,71,126,67,59,2,1,1,3,3,0,5,1,4,25,18,7
RAINS COUNTY,379,13 Years,152,84,68,117,63,54,6,4,2,1,1,0,8,3,5,20,13,7
RAINS COUNTY,379,14 Years,146,86,60,113,65,48,5,3,2,0,0,0,6,4,2,22,14,8
RAINS COUNTY,379,15 Years,163,82,81,125,62,63,2,0,2,0,0,0,4,1,3,32,19,13
RAINS COUNTY,379,16 Years,161,76,85,124,58,66,2,0,2,1,1,0,4,2,2,30,15,15
RAINS COUNTY,379,17 Years,141,72,69,115,61,54,4,2,2,1,1,0,1,0,1,20,8,12
RAINS COUNTY,379,18 Years,141,82,59,120,69,51,4,3,1,1,1,0,1,1,0,15,8,7
RAINS COUNTY,379,19 Years,137,81,56,108,60,48,3,3,0,1,1,0,4,4,0,21,13,8
RAINS COUNTY,379,20 Years,128,65,63,104,51,53,1,0,1,2,2,0,3,2,1,18,10,8
RAINS COUNTY,379,21 Years,125,62,63,104,52,52,2,1,1,0,0,0,5,2,3,14,7,7
RAINS COUNTY,379,22 Years,117,57,60,86,40,46,4,3,1,1,0,1,6,3,3,20,11,9
RAINS COUNTY,379,23 Years,97,51,46,71,37,34,3,2,1,2,1,1,4,2,2,17,9,8
RAINS COUNTY,379,24 Years,107,58,49,81,43,38,5,3,2,2,1,1,3,3,0,16,8,8
RAINS COUNTY,379,25 Years,108,61,47,88,50,38,4,3,1,1,0,1,2,2,0,13,6,7
RAINS COUNTY,379,26 Years,113,65,48,93,55,38,4,2,2,0,0,0,2,2,0,14,6,8
RAINS COUNTY,379,27 Years,117,65,52,94,54,40,3,1,2,1,1,0,3,2,1,16,7,9
RAINS COUNTY,379,28 Years,105,48,57,81,36,45,4,1,3,1,1,0,4,3,1,15,7,8
RAINS COUNTY,379,29 Years,106,48,58,81,35,46,3,0,3,0,0,0,6,4,2,16,9,7
RAINS COUNTY,379,30 Years,118,56,62,94,43,51,2,0,2,0,0,0,6,5,1,16,8,8
RAINS COUNTY,379,31 Years,116,51,65,97,42,55,1,1,0,0,0,0,3,2,1,15,6,9
RAINS COUNTY,379,32 Years,118,53,65,101,42,59,2,1,1,0,0,0,2,2,0,13,8,5
RAINS COUNTY,379,33 Years,140,72,68,120,61,59,2,1,1,0,0,0,4,2,2,14,8,6
RAINS COUNTY,379,34 Years,144,76,68,122,63,59,3,2,1,0,0,0,3,2,1,16,9,7
RAINS COUNTY,379,35 Years,132,58,74,114,47,67,3,2,1,0,0,0,1,0,1,14,9,5
RAINS COUNTY,379,36 Years,141,59,82,118,46,72,3,2,1,0,0,0,2,0,2,18,11,7
RAINS COUNTY,379,37 Years,148,66,82,120,53,67,3,2,1,3,0,3,3,2,1,19,9,10
RAINS COUNTY,379,38 Years,143,73,70,118,64,54,4,2,2,3,1,2,3,1,2,15,5,10
RAINS COUNTY,379,39 Years,147,71,76,124,59,65,4,2,2,1,0,1,2,1,1,16,9,7
RAINS COUNTY,379,40 Years,158,82,76,127,61,66,3,1,2,1,0,1,4,4,0,23,16,7
RAINS COUNTY,379,41 Years,150,81,69,123,63,60,2,1,1,1,0,1,5,3,2,19,14,5
RAINS COUNTY,379,42 Years,130,72,58,101,53,48,2,2,0,1,0,1,4,2,2,22,15,7
RAINS COUNTY,379,43 Years,130,66,64,110,56,54,3,2,1,0,0,0,2,1,1,15,7,8
RAINS COUNTY,379,44 Years,118,61,57,104,54,50,2,1,1,1,0,1,0,0,0,11,6,5
RAINS COUNTY,379,45 Years,138,69,69,121,60,61,3,2,1,1,0,1,2,1,1,11,6,5
RAINS COUNTY,379,46 Years,145,65,80,126,58,68,5,3,2,1,0,1,2,1,1,11,3,8
RAINS COUNTY,379,47 Years,139,63,76,116,53,63,5,3,2,2,0,2,1,1,0,15,6,9
RAINS COUNTY,379,48 Years,126,60,66,108,51,57,3,2,1,0,0,0,2,1,1,13,6,7
RAINS COUNTY,379,49 Years,125,59,66,108,53,55,2,1,1,0,0,0,3,1,2,12,4,8
RAINS COUNTY,379,50 Years,134,62,72,111,50,61,4,3,1,0,0,0,3,2,1,16,7,9
RAINS COUNTY,379,51 Years,157,72,85,134,61,73,5,2,3,0,0,0,2,0,2,16,9,7
RAINS COUNTY,379,52 Years,157,78,79,139,68,71,1,0,1,0,0,0,4,2,2,13,8,5
RAINS COUNTY,379,53 Years,146,80,66,133,72,61,0,0,0,1,0,1,3,2,1,9,6,3
RAINS COUNTY,379,54 Years,144,78,66,128,67,61,4,4,0,1,0,1,3,2,1,8,5,3
RAINS COUNTY,379,55 Years,169,87,82,152,79,73,4,3,1,1,0,1,3,0,3,9,5,4
RAINS COUNTY,379,56 Years,177,84,93,159,76,83,3,1,2,1,0,1,4,1,3,10,6,4
RAINS COUNTY,379,57 Years,172,87,85,154,76,78,2,1,1,1,1,0,4,3,1,11,6,5
RAINS COUNTY,379,58 Years,181,85,96,161,78,83,2,2,0,0,0,0,2,0,2,16,5,11
RAINS COUNTY,379,59 Years,200,96,104,180,86,94,6,5,1,1,0,1,3,1,2,10,4,6
RAINS COUNTY,379,60 Years,205,105,100,183,95,88,2,2,0,5,3,2,3,1,2,12,4,8
RAINS COUNTY,379,61 Years,208,104,104,189,93,96,1,1,0,4,3,1,3,1,2,11,6,5
RAINS COUNTY,379,62 Years,210,106,104,193,96,97,1,1,0,2,1,1,4,2,2,10,6,4
RAINS COUNTY,379,63 Years,250,122,128,235,112,123,2,1,1,1,1,0,3,1,2,9,7,2
RAINS COUNTY,379,64 Years,261,125,136,238,114,124,6,1,5,1,1,0,6,3,3,10,6,4
RAINS COUNTY,379,65 Years,261,126,135,229,111,118,5,0,5,5,2,3,9,7,2,13,6,7
RAINS COUNTY,379,66 Years,239,113,126,214,101,113,5,1,4,3,2,1,8,6,2,9,3,6
RAINS COUNTY,379,67 Years,197,94,103,180,87,93,4,1,3,0,0,0,5,3,2,8,3,5
RAINS COUNTY,379,68 Years,198,89,109,183,84,99,6,1,5,0,0,0,2,1,1,7,3,4
RAINS COUNTY,379,69 Years,211,99,112,195,91,104,6,3,3,0,0,0,3,2,1,7,3,4
RAINS COUNTY,379,70 Years,206,100,106,187,87,100,5,3,2,0,0,0,5,3,2,9,7,2
RAINS COUNTY,379,71 Years,198,89,109,182,81,101,4,3,1,1,0,1,5,1,4,6,4,2
RAINS COUNTY,379,72 Years,184,91,93,173,84,89,4,4,0,1,0,1,2,1,1,4,2,2
RAINS COUNTY,379,73 Years,188,100,88,175,92,83,5,4,1,0,0,0,2,1,1,6,3,3
RAINS COUNTY,379,74 Years,192,96,96,181,90,91,3,2,1,0,0,0,1,0,1,7,4,3
RAINS COUNTY,379,75 Years,196,103,93,182,92,90,5,4,1,0,0,0,4,3,1,5,4,1
RAINS COUNTY,379,76 Years,147,75,72,135,69,66,5,4,1,0,0,0,4,2,2,3,0,3
RAINS COUNTY,379,77 Years,126,64,62,119,62,57,3,2,1,0,0,0,2,0,2,2,0,2
RAINS COUNTY,379,78 Years,120,68,52,116,66,50,2,1,1,0,0,0,1,1,0,1,0,1
RAINS COUNTY,379,79 Years,113,61,52,108,60,48,1,0,1,1,0,1,0,0,0,3,1,2
RAINS COUNTY,379,80 Years,113,60,53,103,57,46,3,1,2,0,0,0,2,1,1,5,1,4
RAINS COUNTY,379,81 Years,97,54,43,87,49,38,3,0,3,1,1,0,2,2,0,4,2,2
RAINS COUNTY,379,82 Years,80,42,38,75,38,37,2,1,1,0,0,0,2,2,0,1,1,0
RAINS COUNTY,379,83 Years,73,29,44,71,27,44,2,2,0,0,0,0,0,0,0,0,0,0
RAINS COUNTY,379,84 Years,72,23,49,64,21,43,2,1,1,0,0,0,0,0,0,6,1,5
RAINS COUNTY,379,85 Years,64,22,42,53,19,34,4,2,2,0,0,0,0,0,0,7,1,6
RAINS COUNTY,379,86 Years,56,24,32,48,21,27,2,1,1,0,0,0,1,1,0,5,1,4
RAINS COUNTY,379,87 Years,46,21,25,42,19,23,2,0,2,0,0,0,1,1,0,1,1,0
RAINS COUNTY,379,88 Years,34,16,18,33,16,17,0,0,0,0,0,0,0,0,0,1,0,1
RAINS COUNTY,379,89 Years,26,12,14,24,12,12,0,0,0,0,0,0,0,0,0,2,0,2
RAINS COUNTY,379,90 Years,23,11,12,23,11,12,0,0,0,0,0,0,0,0,0,0,0,0
RAINS COUNTY,379,91 Years,20,10,10,19,10,9,0,0,0,0,0,0,0,0,0,1,0,1
RAINS COUNTY,379,92 Years,19,8,11,17,8,9,0,0,0,0,0,0,1,0,1,1,0,1
RAINS COUNTY,379,93 Years,13,4,9,11,4,7,0,0,0,0,0,0,1,0,1,1,0,1
RAINS COUNTY,379,94 Years,9,4,5,9,4,5,0,0,0,0,0,0,0,0,0,0,0,0
RAINS COUNTY,379,95 Years +,23,7,16,20,7,13,2,0,2,0,0,0,1,0,1,0,0,0
RANDALL COUNTY,381,All Ages,149385,73440,75945,101105,48986,52119,4701,2632,2069,2265,1066,1199,3804,1922,1882,37510,18834,18676
RANDALL COUNTY,381,< 1 Year,1828,930,898,930,471,459,64,35,29,29,15,14,112,56,56,693,353,340
RANDALL COUNTY,381,1 Years,1824,931,893,919,469,450,61,32,29,27,13,14,89,45,44,728,372,356
RANDALL COUNTY,381,2 Years,1824,930,894,924,471,453,59,30,29,27,13,14,88,45,43,726,371,355
RANDALL COUNTY,381,3 Years,1773,906,867,965,497,468,69,35,34,26,13,13,78,39,39,635,322,313
RANDALL COUNTY,381,4 Years,1752,898,854,965,499,466,70,36,34,26,15,11,77,39,38,614,309,305
RANDALL COUNTY,381,5 Years,1795,921,874,995,512,483,71,37,34,29,16,13,75,39,36,625,317,308
RANDALL COUNTY,381,6 Years,1851,938,913,1043,536,507,70,35,35,32,18,14,78,40,38,628,309,319
RANDALL COUNTY,381,7 Years,1966,979,987,1115,566,549,74,35,39,37,20,17,86,43,43,654,315,339
RANDALL COUNTY,381,8 Years,2058,1014,1044,1187,597,590,76,37,39,41,20,21,101,45,56,653,315,338
RANDALL COUNTY,381,9 Years,2085,1039,1046,1206,610,596,76,38,38,44,22,22,102,46,56,657,323,334
RANDALL COUNTY,381,10 Years,2064,1040,1024,1213,620,593,69,33,36,39,19,20,96,44,52,647,324,323
RANDALL COUNTY,381,11 Years,2025,1019,1006,1200,603,597,64,30,34,35,19,16,84,40,44,642,327,315
RANDALL COUNTY,381,12 Years,1986,1010,976,1171,591,580,63,29,34,28,14,14,78,43,35,646,333,313
RANDALL COUNTY,381,13 Years,2047,1059,988,1228,646,582,66,30,36,24,16,8,78,39,39,651,328,323
RANDALL COUNTY,381,14 Years,2036,1045,991,1211,625,586,67,33,34,40,24,16,75,34,41,643,329,314
RANDALL COUNTY,381,15 Years,2083,1065,1018,1244,642,602,75,35,40,32,18,14,70,40,30,662,330,332
RANDALL COUNTY,381,16 Years,2075,1062,1013,1211,623,588,82,45,37,28,10,18,66,35,31,688,349,339
RANDALL COUNTY,381,17 Years,2072,1063,1009,1207,613,594,80,46,34,26,11,15,67,40,27,692,353,339
RANDALL COUNTY,381,18 Years,2090,1051,1039,1265,636,629,74,40,34,24,7,17,64,36,28,663,332,331
RANDALL COUNTY,381,19 Years,2110,1066,1044,1306,666,640,79,40,39,36,17,19,60,32,28,629,311,318
RANDALL COUNTY,381,20 Years,1986,1014,972,1194,615,579,79,38,41,37,19,18,46,22,24,630,320,310
RANDALL COUNTY,381,21 Years,2167,1119,1048,1261,633,628,111,68,43,33,16,17,56,31,25,706,371,335
RANDALL COUNTY,381,22 Years,2487,1243,1244,1503,720,783,129,77,52,39,18,21,68,36,32,748,392,356
RANDALL COUNTY,381,23 Years,2245,1120,1125,1305,629,676,113,58,55,43,19,24,59,30,29,725,384,341
RANDALL COUNTY,381,24 Years,2069,1016,1053,1205,578,627,93,48,45,36,13,23,64,29,35,671,348,323
RANDALL COUNTY,381,25 Years,2048,1030,1018,1217,606,611,84,47,37,38,16,22,66,28,38,643,333,310
RANDALL COUNTY,381,26 Years,2016,1041,975,1224,625,599,86,52,34,40,22,18,76,38,38,590,304,286
RANDALL COUNTY,381,27 Years,1929,1004,925,1195,622,573,86,54,32,33,17,16,68,35,33,547,276,271
RANDALL COUNTY,381,28 Years,2113,1052,1061,1166,585,581,91,46,45,42,15,27,72,34,38,742,372,370
RANDALL COUNTY,381,29 Years,2205,1089,1116,1245,604,641,109,63,46,39,17,22,77,37,40,735,368,367
RANDALL COUNTY,381,30 Years,2236,1104,1132,1372,659,713,112,72,40,42,19,23,63,27,36,647,327,320
RANDALL COUNTY,381,31 Years,2049,1039,1010,1334,676,658,73,40,33,28,8,20,43,25,18,571,290,281
RANDALL COUNTY,381,32 Years,1914,920,994,1310,632,678,55,26,29,22,5,17,38,23,15,489,234,255
RANDALL COUNTY,381,33 Years,1986,938,1048,1343,618,725,49,32,17,38,23,15,51,32,19,505,233,272
RANDALL COUNTY,381,34 Years,1974,1016,958,1275,631,644,65,46,19,45,31,14,39,23,16,550,285,265
RANDALL COUNTY,381,35 Years,1999,1047,952,1230,663,567,66,29,37,38,18,20,32,16,16,633,321,312
RANDALL COUNTY,381,36 Years,2187,1127,1060,1327,671,656,69,41,28,46,21,25,39,21,18,706,373,333
RANDALL COUNTY,381,37 Years,2290,1173,1117,1348,663,685,104,71,33,42,22,20,38,18,20,758,399,359
RANDALL COUNTY,381,38 Years,2162,1107,1055,1337,680,657,85,55,30,41,19,22,32,15,17,667,338,329
RANDALL COUNTY,381,39 Years,2121,1068,1053,1331,664,667,79,53,26,37,11,26,41,24,17,633,316,317
RANDALL COUNTY,381,40 Years,2091,1048,1043,1305,629,676,72,46,26,46,18,28,39,23,16,629,332,297
RANDALL COUNTY,381,41 Years,2120,1061,1059,1307,606,701,84,56,28,48,22,26,46,24,22,635,353,282
RANDALL COUNTY,381,42 Years,2120,1094,1026,1317,645,672,86,59,27,50,25,25,42,25,17,625,340,285
RANDALL COUNTY,381,43 Years,1922,997,925,1267,647,620,65,46,19,26,13,13,36,18,18,528,273,255
RANDALL COUNTY,381,44 Years,1825,922,903,1219,609,610,59,44,15,27,11,16,28,13,15,492,245,247
RANDALL COUNTY,381,45 Years,1778,900,878,1183,597,586,50,35,15,31,13,18,26,16,10,488,239,249
RANDALL COUNTY,381,46 Years,1750,885,865,1175,586,589,55,31,24,29,15,14,28,14,14,463,239,224
RANDALL COUNTY,381,47 Years,1785,900,885,1207,602,605,52,32,20,26,10,16,39,17,22,461,239,222
RANDALL COUNTY,381,48 Years,1650,825,825,1145,563,582,51,24,27,27,10,17,30,15,15,397,213,184
RANDALL COUNTY,381,49 Years,1539,762,777,1078,521,557,41,22,19,26,13,13,27,16,11,367,190,177
RANDALL COUNTY,381,50 Years,1620,788,832,1135,538,597,44,29,15,27,15,12,27,16,11,387,190,197
RANDALL COUNTY,381,51 Years,1725,847,878,1243,603,640,48,33,15,23,11,12,35,17,18,376,183,193
RANDALL COUNTY,381,52 Years,1776,857,919,1289,623,666,56,29,27,27,13,14,34,15,19,370,177,193
RANDALL COUNTY,381,53 Years,1586,766,820,1167,559,608,46,25,21,25,13,12,21,10,11,327,159,168
RANDALL COUNTY,381,54 Years,1488,704,784,1095,515,580,51,28,23,27,11,16,17,7,10,298,143,155
RANDALL COUNTY,381,55 Years,1463,704,759,1095,525,570,43,25,18,23,11,12,20,12,8,282,131,151
RANDALL COUNTY,381,56 Years,1467,718,749,1103,535,568,32,21,11,21,10,11,25,15,10,286,137,149
RANDALL COUNTY,381,57 Years,1577,763,814,1188,567,621,48,29,19,24,12,12,29,19,10,288,136,152
RANDALL COUNTY,381,58 Years,1601,772,829,1229,587,642,43,27,16,21,10,11,29,18,11,279,130,149
RANDALL COUNTY,381,59 Years,1661,770,891,1291,597,694,43,23,20,20,10,10,33,18,15,274,122,152
RANDALL COUNTY,381,60 Years,1689,805,884,1328,628,700,39,24,15,19,10,9,32,18,14,271,125,146
RANDALL COUNTY,381,61 Years,1690,824,866,1368,667,701,39,22,17,19,10,9,25,12,13,239,113,126
RANDALL COUNTY,381,62 Years,1696,808,888,1368,651,717,48,24,24,22,9,13,23,9,14,235,115,120
RANDALL COUNTY,381,63 Years,1682,811,871,1384,664,720,40,22,18,20,9,11,28,15,13,210,101,109
RANDALL COUNTY,381,64 Years,1677,802,875,1393,663,730,38,19,19,14,7,7,26,14,12,206,99,107
RANDALL COUNTY,381,65 Years,1673,775,898,1402,644,758,28,16,12,15,6,9,24,9,15,204,100,104
RANDALL COUNTY,381,66 Years,1628,768,860,1385,649,736,28,19,9,16,6,10,22,9,13,177,85,92
RANDALL COUNTY,381,67 Years,1613,761,852,1376,653,723,31,13,18,16,7,9,23,10,13,167,78,89
RANDALL COUNTY,381,68 Years,1553,725,828,1335,633,702,23,9,14,16,5,11,23,8,15,156,70,86
RANDALL COUNTY,381,69 Years,1517,697,820,1316,608,708,18,8,10,18,6,12,28,10,18,137,65,72
RANDALL COUNTY,381,70 Years,1453,676,777,1274,596,678,17,9,8,14,5,9,23,11,12,125,55,70
RANDALL COUNTY,381,71 Years,1352,620,732,1180,541,639,16,8,8,15,6,9,20,11,9,121,54,67
RANDALL COUNTY,381,72 Years,1289,585,704,1120,510,610,16,5,11,13,6,7,23,12,11,117,52,65
RANDALL COUNTY,381,73 Years,1245,573,672,1098,506,592,15,4,11,9,4,5,19,9,10,104,50,54
RANDALL COUNTY,381,74 Years,1223,593,630,1095,529,566,12,6,6,8,4,4,19,8,11,89,46,43
RANDALL COUNTY,381,75 Years,1197,560,637,1077,504,573,11,6,5,8,4,4,20,9,11,81,37,44
RANDALL COUNTY,381,76 Years,967,432,535,863,388,475,8,2,6,7,3,4,17,9,8,72,30,42
RANDALL COUNTY,381,77 Years,833,369,464,743,327,416,4,1,3,6,3,3,13,7,6,67,31,36
RANDALL COUNTY,381,78 Years,832,372,460,749,332,417,6,4,2,3,1,2,12,7,5,62,28,34
RANDALL COUNTY,381,79 Years,817,360,457,737,324,413,9,4,5,3,1,2,11,7,4,57,24,33
RANDALL COUNTY,381,80 Years,720,305,415,657,278,379,8,4,4,3,1,2,7,5,2,45,17,28
RANDALL COUNTY,381,81 Years,631,260,371,585,243,342,4,1,3,4,2,2,8,4,4,30,10,20
RANDALL COUNTY,381,82 Years,589,237,352,543,220,323,3,1,2,4,2,2,6,3,3,33,11,22
RANDALL COUNTY,381,83 Years,542,207,335,493,192,301,5,1,4,4,2,2,9,4,5,31,8,23
RANDALL COUNTY,381,84 Years,501,189,312,462,175,287,2,1,1,4,2,2,8,3,5,25,8,17
RANDALL COUNTY,381,85 Years,445,165,280,408,153,255,2,1,1,4,2,2,6,2,4,25,7,18
RANDALL COUNTY,381,86 Years,387,153,234,358,142,216,2,1,1,3,2,1,4,1,3,20,7,13
RANDALL COUNTY,381,87 Years,357,141,216,330,129,201,2,1,1,3,2,1,4,1,3,18,8,10
RANDALL COUNTY,381,88 Years,298,113,185,278,105,173,1,0,1,2,1,1,3,1,2,14,6,8
RANDALL COUNTY,381,89 Years,245,91,154,230,87,143,2,0,2,0,0,0,3,1,2,10,3,7
RANDALL COUNTY,381,90 Years,205,76,129,193,74,119,2,0,2,1,0,1,3,0,3,6,2,4
RANDALL COUNTY,381,91 Years,184,72,112,173,68,105,1,1,0,1,0,1,2,0,2,7,3,4
RANDALL COUNTY,381,92 Years,156,58,98,147,54,93,1,1,0,1,0,1,1,1,0,6,2,4
RANDALL COUNTY,381,93 Years,122,42,80,113,40,73,1,1,0,1,0,1,2,0,2,5,1,4
RANDALL COUNTY,381,94 Years,89,31,58,83,29,54,0,0,0,1,0,1,1,0,1,4,2,2
RANDALL COUNTY,381,95 Years +,217,68,149,196,59,137,3,2,1,5,3,2,3,0,3,10,4,6
REAGAN COUNTY,383,All Ages,3203,1708,1495,864,425,439,50,31,19,0,0,0,19,11,8,2270,1241,1029
REAGAN COUNTY,383,< 1 Year,43,20,23,7,3,4,1,0,1,0,0,0,1,0,1,34,17,17
REAGAN COUNTY,383,1 Years,45,24,21,9,5,4,1,1,0,0,0,0,1,1,0,34,17,17
REAGAN COUNTY,383,2 Years,45,22,23,9,5,4,1,0,1,0,0,0,1,0,1,34,17,17
REAGAN COUNTY,383,3 Years,45,23,22,8,3,5,0,0,0,0,0,0,1,0,1,36,20,16
REAGAN COUNTY,383,4 Years,46,24,22,8,4,4,0,0,0,0,0,0,1,1,0,37,19,18
REAGAN COUNTY,383,5 Years,50,26,24,9,5,4,0,0,0,0,0,0,1,1,0,40,20,20
REAGAN COUNTY,383,6 Years,58,28,30,11,5,6,0,0,0,0,0,0,1,1,0,46,22,24
REAGAN COUNTY,383,7 Years,59,29,30,10,4,6,2,1,1,0,0,0,1,1,0,46,23,23
REAGAN COUNTY,383,8 Years,60,31,29,11,7,4,2,0,2,0,0,0,1,1,0,46,23,23
REAGAN COUNTY,383,9 Years,55,27,28,11,6,5,2,0,2,0,0,0,0,0,0,42,21,21
REAGAN COUNTY,383,10 Years,56,28,28,12,7,5,1,0,1,0,0,0,0,0,0,43,21,22
REAGAN COUNTY,383,11 Years,50,25,25,12,5,7,0,0,0,0,0,0,0,0,0,38,20,18
REAGAN COUNTY,383,12 Years,48,25,23,11,5,6,0,0,0,0,0,0,1,0,1,36,20,16
REAGAN COUNTY,383,13 Years,51,25,26,8,4,4,0,0,0,0,0,0,1,1,0,42,20,22
REAGAN COUNTY,383,14 Years,51,29,22,8,5,3,0,0,0,0,0,0,0,0,0,43,24,19
REAGAN COUNTY,383,15 Years,57,38,19,11,8,3,3,3,0,0,0,0,1,1,0,42,26,16
REAGAN COUNTY,383,16 Years,53,33,20,13,9,4,2,2,0,0,0,0,0,0,0,38,22,16
REAGAN COUNTY,383,17 Years,46,27,19,10,6,4,0,0,0,0,0,0,0,0,0,36,21,15
REAGAN COUNTY,383,18 Years,42,25,17,6,4,2,0,0,0,0,0,0,0,0,0,36,21,15
REAGAN COUNTY,383,19 Years,52,25,27,6,5,1,1,0,1,0,0,0,1,0,1,44,20,24
REAGAN COUNTY,383,20 Years,47,26,21,7,5,2,0,0,0,0,0,0,1,0,1,39,21,18
REAGAN COUNTY,383,21 Years,42,24,18,7,5,2,1,0,1,0,0,0,0,0,0,34,19,15
REAGAN COUNTY,383,22 Years,36,19,17,6,4,2,1,1,0,0,0,0,0,0,0,29,14,15
REAGAN COUNTY,383,23 Years,34,16,18,5,2,3,0,0,0,0,0,0,0,0,0,29,14,15
REAGAN COUNTY,383,24 Years,35,15,20,6,3,3,1,0,1,0,0,0,0,0,0,28,12,16
REAGAN COUNTY,383,25 Years,43,19,24,7,3,4,0,0,0,0,0,0,0,0,0,36,16,20
REAGAN COUNTY,383,26 Years,43,17,26,6,3,3,1,0,1,0,0,0,0,0,0,36,14,22
REAGAN COUNTY,383,27 Years,40,20,20,6,3,3,2,1,1,0,0,0,0,0,0,32,16,16
REAGAN COUNTY,383,28 Years,38,22,16,7,4,3,0,0,0,0,0,0,1,0,1,30,18,12
REAGAN COUNTY,383,29 Years,38,25,13,9,5,4,1,1,0,0,0,0,0,0,0,28,19,9
REAGAN COUNTY,383,30 Years,46,27,19,15,8,7,1,1,0,0,0,0,0,0,0,30,18,12
REAGAN COUNTY,383,31 Years,36,23,13,10,6,4,1,1,0,0,0,0,0,0,0,25,16,9
REAGAN COUNTY,383,32 Years,37,25,12,7,4,3,1,1,0,0,0,0,0,0,0,29,20,9
REAGAN COUNTY,383,33 Years,37,19,18,9,3,6,0,0,0,0,0,0,0,0,0,28,16,12
REAGAN COUNTY,383,34 Years,38,21,17,11,4,7,0,0,0,0,0,0,0,0,0,27,17,10
REAGAN COUNTY,383,35 Years,33,21,12,11,6,5,1,1,0,0,0,0,0,0,0,21,14,7
REAGAN COUNTY,383,36 Years,39,21,18,12,6,6,1,1,0,0,0,0,0,0,0,26,14,12
REAGAN COUNTY,383,37 Years,42,23,19,18,10,8,1,1,0,0,0,0,0,0,0,23,12,11
REAGAN COUNTY,383,38 Years,51,27,24,15,8,7,1,1,0,0,0,0,0,0,0,35,18,17
REAGAN COUNTY,383,39 Years,52,28,24,14,6,8,1,1,0,0,0,0,0,0,0,37,21,16
REAGAN COUNTY,383,40 Years,52,29,23,12,5,7,1,1,0,0,0,0,0,0,0,39,23,16
REAGAN COUNTY,383,41 Years,50,30,20,11,5,6,3,2,1,0,0,0,0,0,0,36,23,13
REAGAN COUNTY,383,42 Years,44,22,22,11,4,7,1,0,1,0,0,0,0,0,0,32,18,14
REAGAN COUNTY,383,43 Years,41,23,18,9,4,5,0,0,0,0,0,0,0,0,0,32,19,13
REAGAN COUNTY,383,44 Years,48,31,17,7,3,4,1,1,0,0,0,0,0,0,0,40,27,13
REAGAN COUNTY,383,45 Years,53,36,17,10,6,4,1,1,0,0,0,0,0,0,0,42,29,13
REAGAN COUNTY,383,46 Years,51,33,18,7,4,3,0,0,0,0,0,0,0,0,0,44,29,15
REAGAN COUNTY,383,47 Years,51,33,18,8,4,4,0,0,0,0,0,0,0,0,0,43,29,14
REAGAN COUNTY,383,48 Years,34,19,15,5,2,3,0,0,0,0,0,0,0,0,0,29,17,12
REAGAN COUNTY,383,49 Years,35,19,16,5,2,3,0,0,0,0,0,0,0,0,0,30,17,13
REAGAN COUNTY,383,50 Years,37,20,17,6,3,3,0,0,0,0,0,0,0,0,0,31,17,14
REAGAN COUNTY,383,51 Years,38,23,15,7,5,2,0,0,0,0,0,0,0,0,0,31,18,13
REAGAN COUNTY,383,52 Years,34,19,15,10,6,4,1,1,0,0,0,0,0,0,0,23,12,11
REAGAN COUNTY,383,53 Years,44,21,23,15,6,9,3,3,0,0,0,0,0,0,0,26,12,14
REAGAN COUNTY,383,54 Years,40,19,21,15,5,10,0,0,0,0,0,0,0,0,0,25,14,11
REAGAN COUNTY,383,55 Years,38,17,21,14,6,8,0,0,0,0,0,0,2,2,0,22,9,13
REAGAN COUNTY,383,56 Years,36,15,21,12,5,7,0,0,0,0,0,0,1,1,0,23,9,14
REAGAN COUNTY,383,57 Years,31,16,15,10,5,5,0,0,0,0,0,0,0,0,0,21,11,10
REAGAN COUNTY,383,58 Years,32,21,11,13,7,6,0,0,0,0,0,0,0,0,0,19,14,5
REAGAN COUNTY,383,59 Years,32,17,15,14,6,8,1,0,1,0,0,0,0,0,0,17,11,6
REAGAN COUNTY,383,60 Years,35,18,17,16,7,9,1,1,0,0,0,0,0,0,0,18,10,8
REAGAN COUNTY,383,61 Years,37,19,18,19,10,9,0,0,0,0,0,0,0,0,0,18,9,9
REAGAN COUNTY,383,62 Years,34,16,18,16,8,8,0,0,0,0,0,0,0,0,0,18,8,10
REAGAN COUNTY,383,63 Years,29,14,15,15,6,9,1,1,0,0,0,0,0,0,0,13,7,6
REAGAN COUNTY,383,64 Years,32,16,16,16,7,9,1,1,0,0,0,0,0,0,0,15,8,7
REAGAN COUNTY,383,65 Years,33,15,18,16,6,10,1,1,0,0,0,0,1,0,1,15,8,7
REAGAN COUNTY,383,66 Years,32,16,16,14,5,9,0,0,0,0,0,0,0,0,0,18,11,7
REAGAN COUNTY,383,67 Years,30,16,14,14,6,8,0,0,0,0,0,0,0,0,0,16,10,6
REAGAN COUNTY,383,68 Years,27,13,14,17,7,10,0,0,0,0,0,0,0,0,0,10,6,4
REAGAN COUNTY,383,69 Years,24,12,12,13,7,6,0,0,0,0,0,0,0,0,0,11,5,6
REAGAN COUNTY,383,70 Years,21,8,13,12,5,7,0,0,0,0,0,0,0,0,0,9,3,6
REAGAN COUNTY,383,71 Years,25,9,16,13,5,8,2,0,2,0,0,0,0,0,0,10,4,6
REAGAN COUNTY,383,72 Years,23,10,13,12,5,7,1,0,1,0,0,0,0,0,0,10,5,5
REAGAN COUNTY,383,73 Years,16,8,8,7,4,3,0,0,0,0,0,0,0,0,0,9,4,5
REAGAN COUNTY,383,74 Years,16,9,7,6,4,2,0,0,0,0,0,0,0,0,0,10,5,5
REAGAN COUNTY,383,75 Years,18,10,8,8,5,3,0,0,0,0,0,0,0,0,0,10,5,5
REAGAN COUNTY,383,76 Years,18,8,10,9,4,5,0,0,0,0,0,0,0,0,0,9,4,5
REAGAN COUNTY,383,77 Years,14,8,6,7,4,3,0,0,0,0,0,0,0,0,0,7,4,3
REAGAN COUNTY,383,78 Years,10,6,4,5,3,2,0,0,0,0,0,0,0,0,0,5,3,2
REAGAN COUNTY,383,79 Years,10,5,5,6,3,3,0,0,0,0,0,0,0,0,0,4,2,2
REAGAN COUNTY,383,80 Years,10,5,5,6,2,4,0,0,0,0,0,0,0,0,0,4,3,1
REAGAN COUNTY,383,81 Years,10,5,5,4,2,2,0,0,0,0,0,0,0,0,0,6,3,3
REAGAN COUNTY,383,82 Years,11,5,6,5,2,3,0,0,0,0,0,0,0,0,0,6,3,3
REAGAN COUNTY,383,83 Years,8,4,4,5,3,2,0,0,0,0,0,0,0,0,0,3,1,2
REAGAN COUNTY,383,84 Years,7,4,3,3,2,1,0,0,0,0,0,0,0,0,0,4,2,2
REAGAN COUNTY,383,85 Years,7,4,3,3,2,1,0,0,0,0,0,0,0,0,0,4,2,2
REAGAN COUNTY,383,86 Years,7,3,4,4,2,2,0,0,0,0,0,0,0,0,0,3,1,2
REAGAN COUNTY,383,87 Years,6,3,3,4,2,2,0,0,0,0,0,0,0,0,0,2,1,1
REAGAN COUNTY,383,88 Years,4,2,2,3,1,2,0,0,0,0,0,0,0,0,0,1,1,0
REAGAN COUNTY,383,89 Years,2,1,1,1,0,1,0,0,0,0,0,0,0,0,0,1,1,0
REAGAN COUNTY,383,90 Years,1,0,1,1,0,1,0,0,0,0,0,0,0,0,0,0,0,0
REAGAN COUNTY,383,91 Years,1,0,1,1,0,1,0,0,0,0,0,0,0,0,0,0,0,0
REAGAN COUNTY,383,92 Years,2,0,2,2,0,2,0,0,0,0,0,0,0,0,0,0,0,0
REAGAN COUNTY,383,93 Years,1,0,1,1,0,1,0,0,0,0,0,0,0,0,0,0,0,0
REAGAN COUNTY,383,94 Years,0,0,0,0,0,0,0,0,0,0,0,0,0,0,0,0,0,0
REAGAN COUNTY,383,95 Years +,2,1,1,1,0,1,0,0,0,0,0,0,0,0,0,1,1,0
REAL COUNTY,385,All Ages,2817,1406,1411,1909,937,972,6,4,2,1,0,1,66,28,38,835,437,398
REAL COUNTY,385,< 1 Year,28,13,15,15,7,8,0,0,0,1,0,1,1,0,1,11,6,5
REAL COUNTY,385,1 Years,28,16,12,14,7,7,1,1,0,0,0,0,1,1,0,12,7,5
REAL COUNTY,385,2 Years,30,14,16,15,7,8,1,0,1,0,0,0,1,0,1,13,7,6
REAL COUNTY,385,3 Years,27,16,11,12,7,5,0,0,0,0,0,0,0,0,0,15,9,6
REAL COUNTY,385,4 Years,25,16,9,10,6,4,0,0,0,0,0,0,0,0,0,15,10,5
REAL COUNTY,385,5 Years,28,17,11,12,8,4,0,0,0,0,0,0,0,0,0,16,9,7
REAL COUNTY,385,6 Years,30,17,13,13,8,5,0,0,0,0,0,0,0,0,0,17,9,8
REAL COUNTY,385,7 Years,29,16,13,14,8,6,0,0,0,0,0,0,0,0,0,15,8,7
REAL COUNTY,385,8 Years,26,15,11,14,8,6,0,0,0,0,0,0,0,0,0,12,7,5
REAL COUNTY,385,9 Years,24,15,9,13,8,5,0,0,0,0,0,0,0,0,0,11,7,4
REAL COUNTY,385,10 Years,24,14,10,13,8,5,0,0,0,0,0,0,0,0,0,11,6,5
REAL COUNTY,385,11 Years,24,15,9,14,9,5,0,0,0,0,0,0,0,0,0,10,6,4
REAL COUNTY,385,12 Years,24,16,8,14,10,4,0,0,0,0,0,0,0,0,0,10,6,4
REAL COUNTY,385,13 Years,27,16,11,15,10,5,0,0,0,0,0,0,0,0,0,12,6,6
REAL COUNTY,385,14 Years,29,14,15,17,9,8,0,0,0,0,0,0,1,0,1,11,5,6
REAL COUNTY,385,15 Years,27,10,17,17,7,10,0,0,0,0,0,0,1,0,1,9,3,6
REAL COUNTY,385,16 Years,29,13,16,19,9,10,0,0,0,0,0,0,1,0,1,9,4,5
REAL COUNTY,385,17 Years,26,14,12,16,8,8,0,0,0,0,0,0,2,2,0,8,4,4
REAL COUNTY,385,18 Years,26,14,12,11,7,4,0,0,0,0,0,0,1,0,1,14,7,7
REAL COUNTY,385,19 Years,28,17,11,13,10,3,0,0,0,0,0,0,1,0,1,14,7,7
REAL COUNTY,385,20 Years,22,13,9,12,8,4,0,0,0,0,0,0,0,0,0,10,5,5
REAL COUNTY,385,21 Years,20,12,8,11,6,5,0,0,0,0,0,0,0,0,0,9,6,3
REAL COUNTY,385,22 Years,18,11,7,11,6,5,0,0,0,0,0,0,0,0,0,7,5,2
REAL COUNTY,385,23 Years,15,7,8,9,3,6,0,0,0,0,0,0,0,0,0,6,4,2
REAL COUNTY,385,24 Years,16,7,9,10,4,6,0,0,0,0,0,0,0,0,0,6,3,3
REAL COUNTY,385,25 Years,21,9,12,11,5,6,0,0,0,0,0,0,0,0,0,10,4,6
REAL COUNTY,385,26 Years,21,8,13,10,4,6,0,0,0,0,0,0,1,0,1,10,4,6
REAL COUNTY,385,27 Years,19,9,10,11,6,5,0,0,0,0,0,0,1,0,1,7,3,4
REAL COUNTY,385,28 Years,26,15,11,15,9,6,1,1,0,0,0,0,1,0,1,9,5,4
REAL COUNTY,385,29 Years,29,15,14,14,7,7,2,1,1,0,0,0,1,1,0,12,6,6
REAL COUNTY,385,30 Years,23,10,13,11,4,7,0,0,0,0,0,0,3,2,1,9,4,5
REAL COUNTY,385,31 Years,21,13,8,11,6,5,0,0,0,0,0,0,3,2,1,7,5,2
REAL COUNTY,385,32 Years,18,10,8,12,7,5,0,0,0,0,0,0,1,0,1,5,3,2
REAL COUNTY,385,33 Years,21,8,13,14,4,10,0,0,0,0,0,0,0,0,0,7,4,3
REAL COUNTY,385,34 Years,25,11,14,16,5,11,0,0,0,0,0,0,1,1,0,8,5,3
REAL COUNTY,385,35 Years,25,13,12,14,6,8,0,0,0,0,0,0,1,1,0,10,6,4
REAL COUNTY,385,36 Years,22,9,13,13,5,8,0,0,0,0,0,0,0,0,0,9,4,5
REAL COUNTY,385,37 Years,21,12,9,13,9,4,0,0,0,0,0,0,0,0,0,8,3,5
REAL COUNTY,385,38 Years,27,11,16,15,8,7,0,0,0,0,0,0,0,0,0,12,3,9
REAL COUNTY,385,39 Years,28,13,15,15,7,8,0,0,0,0,0,0,0,0,0,13,6,7
REAL COUNTY,385,40 Years,30,15,15,17,9,8,0,0,0,0,0,0,2,0,2,11,6,5
REAL COUNTY,385,41 Years,25,13,12,14,7,7,0,0,0,0,0,0,1,0,1,10,6,4
REAL COUNTY,385,42 Years,23,12,11,16,7,9,0,0,0,0,0,0,0,0,0,7,5,2
REAL COUNTY,385,43 Years,22,14,8,14,9,5,0,0,0,0,0,0,0,0,0,8,5,3
REAL COUNTY,385,44 Years,25,14,11,16,9,7,0,0,0,0,0,0,1,0,1,8,5,3
REAL COUNTY,385,45 Years,27,12,15,15,6,9,0,0,0,0,0,0,1,0,1,11,6,5
REAL COUNTY,385,46 Years,29,13,16,17,8,9,0,0,0,0,0,0,0,0,0,12,5,7
REAL COUNTY,385,47 Years,33,15,18,19,9,10,0,0,0,0,0,0,0,0,0,14,6,8
REAL COUNTY,385,48 Years,30,16,14,17,9,8,0,0,0,0,0,0,0,0,0,13,7,6
REAL COUNTY,385,49 Years,33,12,21,20,8,12,0,0,0,0,0,0,0,0,0,13,4,9
REAL COUNTY,385,50 Years,29,13,16,21,10,11,0,0,0,0,0,0,0,0,0,8,3,5
REAL COUNTY,385,51 Years,32,19,13,19,11,8,0,0,0,0,0,0,0,0,0,13,8,5
REAL COUNTY,385,52 Years,37,19,18,22,10,12,0,0,0,0,0,0,2,1,1,13,8,5
REAL COUNTY,385,53 Years,29,16,13,19,10,9,0,0,0,0,0,0,2,1,1,8,5,3
REAL COUNTY,385,54 Years,38,19,19,29,13,16,0,0,0,0,0,0,3,2,1,6,4,2
REAL COUNTY,385,55 Years,39,19,20,28,12,16,0,0,0,0,0,0,0,0,0,11,7,4
REAL COUNTY,385,56 Years,32,13,19,21,7,14,0,0,0,0,0,0,0,0,0,11,6,5
REAL COUNTY,385,57 Years,31,13,18,23,10,13,0,0,0,0,0,0,1,0,1,7,3,4
REAL COUNTY,385,58 Years,35,17,18,23,12,11,0,0,0,0,0,0,2,0,2,10,5,5
REAL COUNTY,385,59 Years,45,20,25,33,13,20,0,0,0,0,0,0,2,1,1,10,6,4
REAL COUNTY,385,60 Years,45,25,20,33,17,16,0,0,0,0,0,0,3,1,2,9,7,2
REAL COUNTY,385,61 Years,39,20,19,31,15,16,0,0,0,0,0,0,1,0,1,7,5,2
REAL COUNTY,385,62 Years,44,21,23,36,17,19,0,0,0,0,0,0,0,0,0,8,4,4
REAL COUNTY,385,63 Years,52,20,32,38,13,25,0,0,0,0,0,0,1,1,0,13,6,7
REAL COUNTY,385,64 Years,53,24,29,38,16,22,0,0,0,0,0,0,2,1,1,13,7,6
REAL COUNTY,385,65 Years,50,28,22,42,22,20,0,0,0,0,0,0,1,1,0,7,5,2
REAL COUNTY,385,66 Years,58,28,30,49,22,27,0,0,0,0,0,0,0,0,0,9,6,3
REAL COUNTY,385,67 Years,70,33,37,57,26,31,0,0,0,0,0,0,0,0,0,13,7,6
REAL COUNTY,385,68 Years,67,34,33,54,29,25,0,0,0,0,0,0,1,0,1,12,5,7
REAL COUNTY,385,69 Years,59,30,29,50,26,24,1,1,0,0,0,0,1,0,1,7,3,4
REAL COUNTY,385,70 Years,51,27,24,43,24,19,0,0,0,0,0,0,1,0,1,7,3,4
REAL COUNTY,385,71 Years,56,28,28,47,25,22,0,0,0,0,0,0,1,0,1,8,3,5
REAL COUNTY,385,72 Years,61,28,33,47,21,26,0,0,0,0,0,0,2,0,2,12,7,5
REAL COUNTY,385,73 Years,49,22,27,38,16,22,0,0,0,0,0,0,1,1,0,10,5,5
REAL COUNTY,385,74 Years,45,21,24,34,15,19,0,0,0,0,0,0,1,1,0,10,5,5
REAL COUNTY,385,75 Years,45,21,24,37,17,20,0,0,0,0,0,0,0,0,0,8,4,4
REAL COUNTY,385,76 Years,39,17,22,34,14,20,0,0,0,0,0,0,1,1,0,4,2,2
REAL COUNTY,385,77 Years,39,19,20,30,14,16,0,0,0,0,0,0,1,1,0,8,4,4
REAL COUNTY,385,78 Years,41,21,20,29,15,14,0,0,0,0,0,0,2,2,0,10,4,6
REAL COUNTY,385,79 Years,35,16,19,28,13,15,0,0,0,0,0,0,2,1,1,5,2,3
REAL COUNTY,385,80 Years,28,12,16,23,11,12,0,0,0,0,0,0,1,0,1,4,1,3
REAL COUNTY,385,81 Years,27,14,13,23,12,11,0,0,0,0,0,0,0,0,0,4,2,2
REAL COUNTY,385,82 Years,26,12,14,21,10,11,0,0,0,0,0,0,0,0,0,5,2,3
REAL COUNTY,385,83 Years,21,11,10,18,9,9,0,0,0,0,0,0,0,0,0,3,2,1
REAL COUNTY,385,84 Years,21,11,10,16,8,8,0,0,0,0,0,0,2,1,1,3,2,1
REAL COUNTY,385,85 Years,19,12,7,16,10,6,0,0,0,0,0,0,1,1,0,2,1,1
REAL COUNTY,385,86 Years,18,10,8,15,9,6,0,0,0,0,0,0,0,0,0,3,1,2
REAL COUNTY,385,87 Years,14,8,6,12,7,5,0,0,0,0,0,0,0,0,0,2,1,1
REAL COUNTY,385,88 Years,10,4,6,9,4,5,0,0,0,0,0,0,0,0,0,1,0,1
REAL COUNTY,385,89 Years,7,2,5,6,2,4,0,0,0,0,0,0,0,0,0,1,0,1
REAL COUNTY,385,90 Years,6,3,3,6,3,3,0,0,0,0,0,0,0,0,0,0,0,0
REAL COUNTY,385,91 Years,4,1,3,3,1,2,0,0,0,0,0,0,0,0,0,1,0,1
REAL COUNTY,385,92 Years,4,1,3,3,1,2,0,0,0,0,0,0,0,0,0,1,0,1
REAL COUNTY,385,93 Years,3,1,2,3,1,2,0,0,0,0,0,0,0,0,0,0,0,0
REAL COUNTY,385,94 Years,2,1,1,2,1,1,0,0,0,0,0,0,0,0,0,0,0,0
REAL COUNTY,385,95 Years +,8,2,6,6,2,4,0,0,0,0,0,0,0,0,0,2,0,2
RED RIVER COUNTY,387,All Ages,11556,5612,5944,8121,3948,4173,2063,959,1104,21,14,7,412,198,214,939,493,446
RED RIVER COUNTY,387,< 1 Year,124,62,62,76,38,38,18,9,9,0,0,0,8,4,4,22,11,11
RED RIVER COUNTY,387,1 Years,119,62,57,69,35,34,20,11,9,0,0,0,7,4,3,23,12,11
RED RIVER COUNTY,387,2 Years,121,62,59,72,37,35,20,10,10,0,0,0,7,4,3,22,11,11
RED RIVER COUNTY,387,3 Years,124,66,58,75,42,33,19,10,9,0,0,0,7,4,3,23,10,13
RED RIVER COUNTY,387,4 Years,121,66,55,75,42,33,19,10,9,0,0,0,8,5,3,19,9,10
RED RIVER COUNTY,387,5 Years,119,64,55,74,41,33,21,11,10,0,0,0,8,4,4,16,8,8
RED RIVER COUNTY,387,6 Years,121,64,57,75,41,34,22,10,12,0,0,0,6,3,3,18,10,8
RED RIVER COUNTY,387,7 Years,123,60,63,77,38,39,22,11,11,0,0,0,4,2,2,20,9,11
RED RIVER COUNTY,387,8 Years,129,63,66,84,40,44,17,9,8,0,0,0,7,3,4,21,11,10
RED RIVER COUNTY,387,9 Years,135,65,70,86,39,47,20,11,9,0,0,0,8,4,4,21,11,10
RED RIVER COUNTY,387,10 Years,135,62,73,83,38,45,22,11,11,0,0,0,8,3,5,22,10,12
RED RIVER COUNTY,387,11 Years,129,62,67,78,38,40,22,11,11,0,0,0,6,3,3,23,10,13
RED RIVER COUNTY,387,12 Years,124,62,62,79,36,43,19,9,10,0,0,0,5,1,4,21,16,5
RED RIVER COUNTY,387,13 Years,125,60,65,80,38,42,23,9,14,0,0,0,9,3,6,13,10,3
RED RIVER COUNTY,387,14 Years,134,61,73,84,39,45,28,12,16,0,0,0,9,3,6,13,7,6
RED RIVER COUNTY,387,15 Years,128,61,67,79,39,40,28,12,16,0,0,0,7,3,4,14,7,7
RED RIVER COUNTY,387,16 Years,129,67,62,81,42,39,28,13,15,0,0,0,5,2,3,15,10,5
RED RIVER COUNTY,387,17 Years,115,61,54,74,40,34,20,8,12,0,0,0,6,3,3,15,10,5
RED RIVER COUNTY,387,18 Years,118,63,55,79,44,35,19,10,9,0,0,0,5,3,2,15,6,9
RED RIVER COUNTY,387,19 Years,123,66,57,77,43,34,23,13,10,0,0,0,4,2,2,19,8,11
RED RIVER COUNTY,387,20 Years,117,62,55,71,38,33,21,12,9,0,0,0,6,4,2,19,8,11
RED RIVER COUNTY,387,21 Years,115,59,56,68,36,32,22,12,10,0,0,0,7,3,4,18,8,10
RED RIVER COUNTY,387,22 Years,109,59,50,65,36,29,23,12,11,0,0,0,8,4,4,13,7,6
RED RIVER COUNTY,387,23 Years,104,57,47,65,34,31,21,12,9,2,0,2,6,4,2,10,7,3
RED RIVER COUNTY,387,24 Years,104,55,49,65,33,32,18,8,10,0,0,0,8,5,3,13,9,4
RED RIVER COUNTY,387,25 Years,108,50,58,70,33,37,19,7,12,0,0,0,6,3,3,13,7,6
RED RIVER COUNTY,387,26 Years,117,59,58,77,39,38,27,13,14,0,0,0,2,1,1,11,6,5
RED RIVER COUNTY,387,27 Years,124,65,59,83,45,38,27,13,14,0,0,0,3,1,2,11,6,5
RED RIVER COUNTY,387,28 Years,117,64,53,76,39,37,24,15,9,0,0,0,4,2,2,13,8,5
RED RIVER COUNTY,387,29 Years,111,61,50,70,39,31,22,13,9,0,0,0,5,2,3,14,7,7
RED RIVER COUNTY,387,30 Years,125,63,62,82,42,40,25,13,12,0,0,0,5,2,3,13,6,7
RED RIVER COUNTY,387,31 Years,120,57,63,84,40,44,20,12,8,0,0,0,4,1,3,12,4,8
RED RIVER COUNTY,387,32 Years,117,57,60,86,43,43,20,10,10,0,0,0,3,1,2,8,3,5
RED RIVER COUNTY,387,33 Years,114,60,54,79,43,36,23,11,12,0,0,0,5,3,2,7,3,4
RED RIVER COUNTY,387,34 Years,114,55,59,76,39,37,24,12,12,0,0,0,5,1,4,9,3,6
RED RIVER COUNTY,387,35 Years,107,55,52,71,37,34,22,12,10,0,0,0,5,1,4,9,5,4
RED RIVER COUNTY,387,36 Years,104,57,47,71,41,30,20,10,10,0,0,0,3,1,2,10,5,5
RED RIVER COUNTY,387,37 Years,103,50,53,73,34,39,17,7,10,0,0,0,4,3,1,9,6,3
RED RIVER COUNTY,387,38 Years,112,56,56,75,35,40,19,10,9,1,1,0,4,3,1,13,7,6
RED RIVER COUNTY,387,39 Years,122,63,59,86,45,41,19,9,10,0,0,0,3,2,1,14,7,7
RED RIVER COUNTY,387,40 Years,122,55,67,87,38,49,19,8,11,0,0,0,2,1,1,14,8,6
RED RIVER COUNTY,387,41 Years,131,64,67,93,47,46,26,10,16,0,0,0,2,1,1,10,6,4
RED RIVER COUNTY,387,42 Years,128,61,67,93,46,47,24,10,14,0,0,0,1,0,1,10,5,5
RED RIVER COUNTY,387,43 Years,111,53,58,81,37,44,20,11,9,0,0,0,3,2,1,7,3,4
RED RIVER COUNTY,387,44 Years,117,49,68,85,34,51,18,8,10,0,0,0,4,3,1,10,4,6
RED RIVER COUNTY,387,45 Years,114,47,67,87,36,51,14,5,9,0,0,0,2,1,1,11,5,6
RED RIVER COUNTY,387,46 Years,106,54,52,76,39,37,15,7,8,0,0,0,4,3,1,11,5,6
RED RIVER COUNTY,387,47 Years,108,54,54,78,38,40,18,9,9,0,0,0,3,2,1,9,5,4
RED RIVER COUNTY,387,48 Years,110,54,56,84,42,42,16,9,7,0,0,0,0,0,0,10,3,7
RED RIVER COUNTY,387,49 Years,124,61,63,90,45,45,23,14,9,0,0,0,3,0,3,8,2,6
RED RIVER COUNTY,387,50 Years,147,71,76,109,52,57,26,14,12,0,0,0,4,1,3,8,4,4
RED RIVER COUNTY,387,51 Years,168,81,87,125,61,64,33,16,17,0,0,0,5,2,3,5,2,3
RED RIVER COUNTY,387,52 Years,151,71,80,105,50,55,32,14,18,0,0,0,4,3,1,10,4,6
RED RIVER COUNTY,387,53 Years,135,73,62,88,49,39,26,10,16,1,1,0,8,6,2,12,7,5
RED RIVER COUNTY,387,54 Years,149,73,76,94,48,46,30,10,20,1,1,0,11,7,4,13,7,6
RED RIVER COUNTY,387,55 Years,153,66,87,100,45,55,36,13,23,1,1,0,6,1,5,10,6,4
RED RIVER COUNTY,387,56 Years,159,75,84,97,44,53,45,20,25,1,1,0,7,4,3,9,6,3
RED RIVER COUNTY,387,57 Years,157,76,81,104,49,55,37,17,20,1,1,0,7,4,3,8,5,3
RED RIVER COUNTY,387,58 Years,165,82,83,121,58,63,29,14,15,0,0,0,6,4,2,9,6,3
RED RIVER COUNTY,387,59 Years,189,92,97,136,67,69,37,14,23,0,0,0,6,3,3,10,8,2
RED RIVER COUNTY,387,60 Years,186,88,98,129,61,68,36,16,20,1,1,0,9,3,6,11,7,4
RED RIVER COUNTY,387,61 Years,178,84,94,125,58,67,33,15,18,1,1,0,8,3,5,11,7,4
RED RIVER COUNTY,387,62 Years,182,88,94,130,65,65,36,15,21,2,1,1,3,1,2,11,6,5
RED RIVER COUNTY,387,63 Years,186,83,103,132,62,70,39,14,25,2,1,1,3,1,2,10,5,5
RED RIVER COUNTY,387,64 Years,184,76,108,130,59,71,40,13,27,1,0,1,4,0,4,9,4,5
RED RIVER COUNTY,387,65 Years,168,73,95,125,56,69,36,14,22,0,0,0,3,1,2,4,2,2
RED RIVER COUNTY,387,66 Years,164,76,88,128,61,67,29,12,17,0,0,0,3,1,2,4,2,2
RED RIVER COUNTY,387,67 Years,172,87,85,135,70,65,26,12,14,0,0,0,4,1,3,7,4,3
RED RIVER COUNTY,387,68 Years,188,97,91,148,80,68,30,14,16,0,0,0,3,0,3,7,3,4
RED RIVER COUNTY,387,69 Years,181,84,97,141,68,73,31,12,19,0,0,0,2,0,2,7,4,3
RED RIVER COUNTY,387,70 Years,166,74,92,128,57,71,29,10,19,1,1,0,2,2,0,6,4,2
RED RIVER COUNTY,387,71 Years,175,87,88,132,66,66,31,13,18,1,1,0,6,5,1,5,2,3
RED RIVER COUNTY,387,72 Years,164,86,78,128,64,64,26,15,11,0,0,0,6,5,1,4,2,2
RED RIVER COUNTY,387,73 Years,143,79,64,112,60,52,24,15,9,1,0,1,3,2,1,3,2,1
RED RIVER COUNTY,387,74 Years,142,68,74,112,52,60,23,13,10,1,0,1,3,2,1,3,1,2
RED RIVER COUNTY,387,75 Years,147,68,79,122,55,67,21,10,11,0,0,0,2,1,1,2,2,0
RED RIVER COUNTY,387,76 Years,137,59,78,113,47,66,19,9,10,0,0,0,3,2,1,2,1,1
RED RIVER COUNTY,387,77 Years,126,57,69,101,44,57,19,10,9,0,0,0,2,1,1,4,2,2
RED RIVER COUNTY,387,78 Years,133,64,69,109,52,57,17,8,9,1,1,0,3,1,2,3,2,1
RED RIVER COUNTY,387,79 Years,117,57,60,94,46,48,17,8,9,1,1,0,3,1,2,2,1,1
RED RIVER COUNTY,387,80 Years,97,44,53,79,37,42,13,5,8,0,0,0,3,1,2,2,1,1
RED RIVER COUNTY,387,81 Years,98,44,54,80,35,45,13,6,7,0,0,0,3,1,2,2,2,0
RED RIVER COUNTY,387,82 Years,82,38,44,65,29,36,12,6,6,0,0,0,2,1,1,3,2,1
RED RIVER COUNTY,387,83 Years,74,32,42,62,27,35,10,4,6,0,0,0,1,0,1,1,1,0
RED RIVER COUNTY,387,84 Years,70,32,38,59,27,32,9,4,5,0,0,0,1,0,1,1,1,0
RED RIVER COUNTY,387,85 Years,59,24,35,50,21,29,7,3,4,0,0,0,1,0,1,1,0,1
RED RIVER COUNTY,387,86 Years,52,21,31,44,18,26,7,3,4,0,0,0,1,0,1,0,0,0
RED RIVER COUNTY,387,87 Years,45,18,27,36,15,21,6,2,4,0,0,0,1,0,1,2,1,1
RED RIVER COUNTY,387,88 Years,40,19,21,33,14,19,5,3,2,0,0,0,1,1,0,1,1,0
RED RIVER COUNTY,387,89 Years,39,16,23,33,12,21,4,2,2,0,0,0,1,1,0,1,1,0
RED RIVER COUNTY,387,90 Years,30,9,21,26,9,17,4,0,4,0,0,0,0,0,0,0,0,0
RED RIVER COUNTY,387,91 Years,24,9,15,19,8,11,5,1,4,0,0,0,0,0,0,0,0,0
RED RIVER COUNTY,387,92 Years,23,8,15,19,6,13,3,1,2,0,0,0,1,1,0,0,0,0
RED RIVER COUNTY,387,93 Years,20,7,13,15,4,11,4,2,2,0,0,0,1,1,0,0,0,0
RED RIVER COUNTY,387,94 Years,18,5,13,14,5,9,3,0,3,0,0,0,1,0,1,0,0,0
RED RIVER COUNTY,387,95 Years +,42,16,26,30,12,18,9,3,6,0,0,0,1,0,1,2,1,1
REEVES COUNTY,389,All Ages,14887,9138,5749,2520,1706,814,682,570,112,137,81,56,101,65,36,11447,6716,4731
REEVES COUNTY,389,< 1 Year,177,89,88,20,9,11,4,2,2,2,1,1,3,2,1,148,75,73
REEVES COUNTY,389,1 Years,172,88,84,21,11,10,4,2,2,2,1,1,2,1,1,143,73,70
REEVES COUNTY,389,2 Years,170,87,83,20,10,10,4,2,2,2,1,1,2,1,1,142,73,69
REEVES COUNTY,389,3 Years,179,87,92,21,10,11,3,2,1,0,0,0,1,1,0,154,74,80
REEVES COUNTY,389,4 Years,182,88,94,22,11,11,2,1,1,0,0,0,0,0,0,158,76,82
REEVES COUNTY,389,5 Years,178,86,92,19,10,9,1,0,1,1,0,1,1,0,1,156,76,80
REEVES COUNTY,389,6 Years,183,92,91,21,11,10,2,1,1,1,0,1,1,0,1,158,80,78
REEVES COUNTY,389,7 Years,189,96,93,22,11,11,2,1,1,1,0,1,1,0,1,163,84,79
REEVES COUNTY,389,8 Years,215,108,107,24,11,13,5,3,2,2,0,2,3,2,1,181,92,89
REEVES COUNTY,389,9 Years,211,105,106,22,9,13,4,2,2,2,0,2,4,3,1,179,91,88
REEVES COUNTY,389,10 Years,195,99,96,21,9,12,4,2,2,1,0,1,4,3,1,165,85,80
REEVES COUNTY,389,11 Years,184,99,85,22,11,11,1,0,1,1,1,0,6,5,1,154,82,72
REEVES COUNTY,389,12 Years,178,98,80,20,12,8,1,1,0,1,1,0,4,3,1,152,81,71
REEVES COUNTY,389,13 Years,182,98,84,15,10,5,3,2,1,1,0,1,2,1,1,161,85,76
REEVES COUNTY,389,14 Years,201,102,99,16,8,8,3,2,1,1,0,1,2,1,1,179,91,88
REEVES COUNTY,389,15 Years,202,99,103,20,10,10,3,2,1,2,1,1,2,1,1,175,85,90
REEVES COUNTY,389,16 Years,176,90,86,17,10,7,4,3,1,2,1,1,1,1,0,152,75,77
REEVES COUNTY,389,17 Years,153,81,72,16,8,8,1,0,1,2,1,1,1,1,0,133,71,62
REEVES COUNTY,389,18 Years,179,105,74,18,10,8,2,2,0,1,0,1,0,0,0,158,93,65
REEVES COUNTY,389,19 Years,200,123,77,27,19,8,9,7,2,1,1,0,1,0,1,162,96,66
REEVES COUNTY,389,20 Years,302,224,78,62,55,7,16,13,3,4,3,1,2,1,1,218,152,66
REEVES COUNTY,389,21 Years,244,166,78,39,31,8,14,10,4,3,3,0,1,1,0,187,121,66
REEVES COUNTY,389,22 Years,225,147,78,30,25,5,10,7,3,1,0,1,0,0,0,184,115,69
REEVES COUNTY,389,23 Years,285,212,73,65,51,14,33,32,1,4,3,1,3,0,3,180,126,54
REEVES COUNTY,389,24 Years,358,291,67,94,83,11,44,41,3,4,2,2,2,1,1,214,164,50
REEVES COUNTY,389,25 Years,258,188,70,54,44,10,21,18,3,3,3,0,4,3,1,176,120,56
REEVES COUNTY,389,26 Years,248,170,78,49,38,11,26,22,4,1,1,0,0,0,0,172,109,63
REEVES COUNTY,389,27 Years,236,154,82,39,27,12,21,19,2,2,1,1,0,0,0,174,107,67
REEVES COUNTY,389,28 Years,262,177,85,55,39,16,10,10,0,2,1,1,0,0,0,195,127,68
REEVES COUNTY,389,29 Years,229,155,74,31,17,14,10,8,2,1,0,1,1,1,0,186,129,57
REEVES COUNTY,389,30 Years,205,138,67,22,12,10,6,2,4,0,0,0,1,1,0,176,123,53
REEVES COUNTY,389,31 Years,397,328,69,110,100,10,42,38,4,4,4,0,0,0,0,241,186,55
REEVES COUNTY,389,32 Years,238,166,72,34,25,9,19,17,2,3,3,0,0,0,0,182,121,61
REEVES COUNTY,389,33 Years,314,232,82,62,55,7,32,30,2,6,4,2,2,1,1,212,142,70
REEVES COUNTY,389,34 Years,171,97,74,21,15,6,4,2,2,5,2,3,2,1,1,139,77,62
REEVES COUNTY,389,35 Years,217,151,66,34,28,6,20,18,2,6,3,3,1,1,0,156,101,55
REEVES COUNTY,389,36 Years,276,206,70,46,36,10,26,24,2,7,4,3,1,1,0,196,141,55
REEVES COUNTY,389,37 Years,338,264,74,73,62,11,28,26,2,6,3,3,2,1,1,229,172,57
REEVES COUNTY,389,38 Years,347,268,79,73,64,9,28,27,1,5,3,2,2,2,0,239,172,67
REEVES COUNTY,389,39 Years,234,151,83,33,23,10,11,10,1,5,4,1,1,1,0,184,113,71
REEVES COUNTY,389,40 Years,223,145,78,29,19,10,10,9,1,2,2,0,1,1,0,181,114,67
REEVES COUNTY,389,41 Years,242,167,75,45,32,13,14,12,2,2,2,0,0,0,0,181,121,60
REEVES COUNTY,389,42 Years,203,132,71,39,28,11,13,11,2,1,1,0,1,1,0,149,91,58
REEVES COUNTY,389,43 Years,227,155,72,38,26,12,11,9,2,0,0,0,0,0,0,178,120,58
REEVES COUNTY,389,44 Years,206,132,74,38,27,11,9,7,2,2,1,1,1,1,0,156,96,60
REEVES COUNTY,389,45 Years,173,105,68,26,15,11,4,3,1,2,1,1,0,0,0,141,86,55
REEVES COUNTY,389,46 Years,197,131,66,40,31,9,12,11,1,1,0,1,1,0,1,143,89,54
REEVES COUNTY,389,47 Years,145,93,52,22,15,7,6,5,1,0,0,0,2,2,0,115,71,44
REEVES COUNTY,389,48 Years,190,132,58,44,35,9,12,11,1,0,0,0,0,0,0,134,86,48
REEVES COUNTY,389,49 Years,246,189,57,56,49,7,22,21,1,1,1,0,1,1,0,166,117,49
REEVES COUNTY,389,50 Years,177,113,64,22,16,6,7,7,0,0,0,0,0,0,0,148,90,58
REEVES COUNTY,389,51 Years,159,101,58,27,21,6,8,8,0,0,0,0,2,2,0,122,70,52
REEVES COUNTY,389,52 Years,147,86,61,29,22,7,5,4,1,1,1,0,0,0,0,112,59,53
REEVES COUNTY,389,53 Years,155,98,57,28,21,7,7,7,0,1,0,1,2,2,0,117,68,49
REEVES COUNTY,389,54 Years,156,98,58,33,22,11,3,3,0,1,0,1,0,0,0,119,73,46
REEVES COUNTY,389,55 Years,131,77,54,25,16,9,4,3,1,1,1,0,0,0,0,101,57,44
REEVES COUNTY,389,56 Years,129,71,58,25,16,9,5,4,1,1,0,1,1,1,0,97,50,47
REEVES COUNTY,389,57 Years,114,48,66,23,12,11,4,1,3,1,0,1,0,0,0,86,35,51
REEVES COUNTY,389,58 Years,137,64,73,23,13,10,3,2,1,1,0,1,2,1,1,108,48,60
REEVES COUNTY,389,59 Years,135,71,64,19,11,8,2,2,0,2,0,2,1,1,0,111,57,54
REEVES COUNTY,389,60 Years,123,68,55,23,12,11,3,2,1,1,0,1,1,1,0,95,53,42
REEVES COUNTY,389,61 Years,137,79,58,26,15,11,5,3,2,1,1,0,1,0,1,104,60,44
REEVES COUNTY,389,62 Years,125,67,58,23,10,13,4,2,2,1,1,0,1,0,1,96,54,42
REEVES COUNTY,389,63 Years,110,62,48,23,12,11,2,1,1,0,0,0,1,1,0,84,48,36
REEVES COUNTY,389,64 Years,112,66,46,25,15,10,2,1,1,0,0,0,1,1,0,84,49,35
REEVES COUNTY,389,65 Years,114,59,55,25,13,12,2,1,1,0,0,0,2,1,1,85,44,41
REEVES COUNTY,389,66 Years,110,52,58,20,10,10,2,1,1,1,0,1,1,1,0,86,40,46
REEVES COUNTY,389,67 Years,103,45,58,20,9,11,1,0,1,3,3,0,1,1,0,78,32,46
REEVES COUNTY,389,68 Years,100,51,49,22,11,11,2,1,1,3,3,0,0,0,0,73,36,37
REEVES COUNTY,389,69 Years,94,48,46,18,10,8,2,1,1,1,1,0,0,0,0,73,36,37
REEVES COUNTY,389,70 Years,85,44,41,16,9,7,1,1,0,1,1,0,0,0,0,67,33,34
REEVES COUNTY,389,71 Years,81,40,41,13,6,7,1,1,0,0,0,0,1,0,1,66,33,33
REEVES COUNTY,389,72 Years,86,45,41,13,7,6,2,1,1,1,1,0,4,3,1,66,33,33
REEVES COUNTY,389,73 Years,88,46,42,15,8,7,3,0,3,2,2,0,1,1,0,67,35,32
REEVES COUNTY,389,74 Years,81,38,43,15,8,7,1,0,1,2,1,1,1,0,1,62,29,33
REEVES COUNTY,389,75 Years,75,34,41,15,6,9,0,0,0,1,0,1,0,0,0,59,28,31
REEVES COUNTY,389,76 Years,64,28,36,14,6,8,0,0,0,0,0,0,0,0,0,50,22,28
REEVES COUNTY,389,77 Years,54,24,30,11,5,6,0,0,0,0,0,0,0,0,0,43,19,24
REEVES COUNTY,389,78 Years,60,28,32,12,6,6,0,0,0,0,0,0,1,0,1,47,22,25
REEVES COUNTY,389,79 Years,61,28,33,11,5,6,1,1,0,0,0,0,1,0,1,48,22,26
REEVES COUNTY,389,80 Years,48,21,27,12,5,7,1,0,1,0,0,0,0,0,0,35,16,19
REEVES COUNTY,389,81 Years,48,18,30,12,4,8,1,0,1,0,0,0,0,0,0,35,14,21
REEVES COUNTY,389,82 Years,46,18,28,11,4,7,0,0,0,0,0,0,1,0,1,34,14,20
REEVES COUNTY,389,83 Years,40,17,23,9,4,5,0,0,0,0,0,0,1,0,1,30,13,17
REEVES COUNTY,389,84 Years,38,15,23,7,2,5,0,0,0,0,0,0,0,0,0,31,13,18
REEVES COUNTY,389,85 Years,34,16,18,7,3,4,0,0,0,1,1,0,0,0,0,26,12,14
REEVES COUNTY,389,86 Years,33,15,18,7,3,4,1,1,0,0,0,0,0,0,0,25,11,14
REEVES COUNTY,389,87 Years,29,12,17,5,2,3,0,0,0,0,0,0,0,0,0,24,10,14
REEVES COUNTY,389,88 Years,23,7,16,4,1,3,0,0,0,0,0,0,0,0,0,19,6,13
REEVES COUNTY,389,89 Years,20,7,13,3,1,2,0,0,0,0,0,0,0,0,0,17,6,11
REEVES COUNTY,389,90 Years,18,6,12,4,1,3,0,0,0,0,0,0,0,0,0,14,5,9
REEVES COUNTY,389,91 Years,14,5,9,3,1,2,0,0,0,0,0,0,0,0,0,11,4,7
REEVES COUNTY,389,92 Years,14,4,10,4,1,3,0,0,0,0,0,0,0,0,0,10,3,7
REEVES COUNTY,389,93 Years,10,3,7,3,1,2,0,0,0,0,0,0,0,0,0,7,2,5
REEVES COUNTY,389,94 Years,8,2,6,3,1,2,0,0,0,0,0,0,0,0,0,5,1,4
REEVES COUNTY,389,95 Years +,19,7,12,5,2,3,1,1,0,0,0,0,0,0,0,13,4,9
REFUGIO COUNTY,391,All Ages,6746,3321,3425,2625,1278,1347,391,216,175,14,7,7,97,57,40,3619,1763,1856
REFUGIO COUNTY,391,< 1 Year,81,40,41,25,12,13,3,1,2,0,0,0,2,1,1,51,26,25
REFUGIO COUNTY,391,1 Years,82,42,40,23,11,12,3,2,1,0,0,0,2,1,1,54,28,26
REFUGIO COUNTY,391,2 Years,83,42,41,23,12,11,3,1,2,0,0,0,2,1,1,55,28,27
REFUGIO COUNTY,391,3 Years,67,31,36,16,8,8,3,1,2,0,0,0,1,0,1,47,22,25
REFUGIO COUNTY,391,4 Years,71,33,38,18,9,9,5,3,2,0,0,0,2,0,2,46,21,25
REFUGIO COUNTY,391,5 Years,78,38,40,21,10,11,3,1,2,0,0,0,0,0,0,54,27,27
REFUGIO COUNTY,391,6 Years,89,46,43,26,12,14,5,3,2,0,0,0,1,0,1,57,31,26
REFUGIO COUNTY,391,7 Years,91,46,45,27,13,14,6,4,2,0,0,0,0,0,0,58,29,29
REFUGIO COUNTY,391,8 Years,92,46,46,28,14,14,7,3,4,0,0,0,2,1,1,55,28,27
REFUGIO COUNTY,391,9 Years,92,43,49,29,14,15,7,3,4,0,0,0,1,0,1,55,26,29
REFUGIO COUNTY,391,10 Years,92,43,49,26,12,14,7,3,4,0,0,0,1,0,1,58,28,30
REFUGIO COUNTY,391,11 Years,95,45,50,28,13,15,4,3,1,0,0,0,1,0,1,62,29,33
REFUGIO COUNTY,391,12 Years,91,46,45,27,13,14,6,3,3,0,0,0,2,1,1,56,29,27
REFUGIO COUNTY,391,13 Years,73,39,34,19,10,9,4,3,1,0,0,0,0,0,0,50,26,24
REFUGIO COUNTY,391,14 Years,87,42,45,20,9,11,3,2,1,0,0,0,2,0,2,62,31,31
REFUGIO COUNTY,391,15 Years,98,49,49,25,13,12,4,1,3,0,0,0,1,0,1,68,35,33
REFUGIO COUNTY,391,16 Years,91,50,41,23,13,10,5,2,3,0,0,0,1,1,0,62,34,28
REFUGIO COUNTY,391,17 Years,84,41,43,25,14,11,5,2,3,0,0,0,1,1,0,53,24,29
REFUGIO COUNTY,391,18 Years,86,48,38,32,20,12,6,5,1,3,2,1,1,1,0,44,20,24
REFUGIO COUNTY,391,19 Years,84,46,38,30,18,12,5,3,2,1,0,1,2,1,1,46,24,22
REFUGIO COUNTY,391,20 Years,77,42,35,28,16,12,5,3,2,0,0,0,2,1,1,42,22,20
REFUGIO COUNTY,391,21 Years,94,48,46,31,16,15,5,3,2,0,0,0,2,1,1,56,28,28
REFUGIO COUNTY,391,22 Years,83,38,45,22,9,13,4,3,1,0,0,0,1,1,0,56,25,31
REFUGIO COUNTY,391,23 Years,77,40,37,22,13,9,4,3,1,0,0,0,1,1,0,50,23,27
REFUGIO COUNTY,391,24 Years,68,37,31,22,12,10,4,3,1,0,0,0,1,1,0,41,21,20
REFUGIO COUNTY,391,25 Years,65,40,25,23,12,11,4,3,1,0,0,0,1,1,0,37,24,13
REFUGIO COUNTY,391,26 Years,68,40,28,24,13,11,4,2,2,1,1,0,1,1,0,38,23,15
REFUGIO COUNTY,391,27 Years,73,40,33,25,14,11,4,2,2,0,0,0,1,1,0,43,23,20
REFUGIO COUNTY,391,28 Years,64,35,29,24,13,11,6,4,2,0,0,0,2,2,0,32,16,16
REFUGIO COUNTY,391,29 Years,76,38,38,26,13,13,6,2,4,0,0,0,3,2,1,41,21,20
REFUGIO COUNTY,391,30 Years,71,32,39,28,12,16,4,2,2,0,0,0,1,1,0,38,17,21
REFUGIO COUNTY,391,31 Years,64,34,30,21,10,11,4,3,1,0,0,0,0,0,0,39,21,18
REFUGIO COUNTY,391,32 Years,68,32,36,22,10,12,5,4,1,0,0,0,1,0,1,40,18,22
REFUGIO COUNTY,391,33 Years,70,31,39,19,8,11,5,2,3,0,0,0,2,2,0,44,19,25
REFUGIO COUNTY,391,34 Years,60,31,29,13,7,6,3,1,2,0,0,0,1,1,0,43,22,21
REFUGIO COUNTY,391,35 Years,69,41,28,26,14,12,3,1,2,0,0,0,0,0,0,40,26,14
REFUGIO COUNTY,391,36 Years,69,32,37,29,13,16,1,0,1,0,0,0,2,2,0,37,17,20
REFUGIO COUNTY,391,37 Years,61,28,33,20,9,11,1,0,1,0,0,0,2,2,0,38,17,21
REFUGIO COUNTY,391,38 Years,69,35,34,23,14,9,4,3,1,0,0,0,1,1,0,41,17,24
REFUGIO COUNTY,391,39 Years,90,49,41,31,17,14,4,3,1,0,0,0,1,1,0,54,28,26
REFUGIO COUNTY,391,40 Years,91,44,47,31,15,16,4,3,1,0,0,0,2,1,1,54,25,29
REFUGIO COUNTY,391,41 Years,85,41,44,24,11,13,7,5,2,0,0,0,1,0,1,53,25,28
REFUGIO COUNTY,391,42 Years,80,40,40,22,10,12,5,4,1,0,0,0,2,2,0,51,24,27
REFUGIO COUNTY,391,43 Years,75,41,34,23,12,11,5,3,2,0,0,0,1,1,0,46,25,21
REFUGIO COUNTY,391,44 Years,79,40,39,26,12,14,7,2,5,0,0,0,1,1,0,45,25,20
REFUGIO COUNTY,391,45 Years,64,32,32,23,13,10,3,1,2,0,0,0,0,0,0,38,18,20
REFUGIO COUNTY,391,46 Years,60,28,32,22,13,9,3,2,1,0,0,0,0,0,0,35,13,22
REFUGIO COUNTY,391,47 Years,64,32,32,20,12,8,3,2,1,0,0,0,0,0,0,41,18,23
REFUGIO COUNTY,391,48 Years,64,30,34,23,10,13,5,3,2,1,1,0,0,0,0,35,16,19
REFUGIO COUNTY,391,49 Years,74,37,37,30,14,16,6,4,2,1,0,1,0,0,0,37,19,18
REFUGIO COUNTY,391,50 Years,68,34,34,26,13,13,3,2,1,1,0,1,0,0,0,38,19,19
REFUGIO COUNTY,391,51 Years,75,38,37,33,18,15,4,3,1,1,0,1,0,0,0,37,17,20
REFUGIO COUNTY,391,52 Years,77,39,38,34,20,14,4,2,2,1,0,1,0,0,0,38,17,21
REFUGIO COUNTY,391,53 Years,79,37,42,31,14,17,2,1,1,1,1,0,1,0,1,44,21,23
REFUGIO COUNTY,391,54 Years,80,33,47,33,14,19,2,1,1,0,0,0,2,0,2,43,18,25
REFUGIO COUNTY,391,55 Years,82,35,47,38,16,22,3,2,1,0,0,0,0,0,0,41,17,24
REFUGIO COUNTY,391,56 Years,80,38,42,35,14,21,3,2,1,0,0,0,3,3,0,39,19,20
REFUGIO COUNTY,391,57 Years,80,39,41,35,16,19,4,3,1,0,0,0,1,1,0,40,19,21
REFUGIO COUNTY,391,58 Years,98,46,52,43,21,22,6,5,1,0,0,0,0,0,0,49,20,29
REFUGIO COUNTY,391,59 Years,103,52,51,49,26,23,6,6,0,0,0,0,0,0,0,48,20,28
REFUGIO COUNTY,391,60 Years,100,48,52,46,21,25,6,5,1,0,0,0,0,0,0,48,22,26
REFUGIO COUNTY,391,61 Years,96,47,49,46,21,25,3,2,1,0,0,0,2,2,0,45,22,23
REFUGIO COUNTY,391,62 Years,95,50,45,44,22,22,6,4,2,1,1,0,2,2,0,42,21,21
REFUGIO COUNTY,391,63 Years,86,44,42,40,19,21,6,4,2,0,0,0,1,1,0,39,20,19
REFUGIO COUNTY,391,64 Years,85,40,45,41,19,22,6,4,2,0,0,0,1,0,1,37,17,20
REFUGIO COUNTY,391,65 Years,86,43,43,49,24,25,3,2,1,0,0,0,1,0,1,33,17,16
REFUGIO COUNTY,391,66 Years,93,45,48,48,22,26,3,1,2,0,0,0,4,2,2,38,20,18
REFUGIO COUNTY,391,67 Years,94,46,48,45,23,22,4,2,2,0,0,0,3,1,2,42,20,22
REFUGIO COUNTY,391,68 Years,84,45,39,43,22,21,6,4,2,0,0,0,2,1,1,33,18,15
REFUGIO COUNTY,391,69 Years,78,46,32,42,24,18,5,3,2,0,0,0,1,1,0,30,18,12
REFUGIO COUNTY,391,70 Years,76,42,34,36,21,15,4,2,2,0,0,0,3,1,2,33,18,15
REFUGIO COUNTY,391,71 Years,70,35,35,35,17,18,3,2,1,0,0,0,3,1,2,29,15,14
REFUGIO COUNTY,391,72 Years,71,36,35,39,19,20,3,2,1,0,0,0,0,0,0,29,15,14
REFUGIO COUNTY,391,73 Years,70,34,36,40,18,22,5,3,2,0,0,0,0,0,0,25,13,12
REFUGIO COUNTY,391,74 Years,84,35,49,44,17,27,6,1,5,1,0,1,2,2,0,31,15,16
REFUGIO COUNTY,391,75 Years,74,30,44,38,13,25,7,3,4,0,0,0,1,1,0,28,13,15
REFUGIO COUNTY,391,76 Years,70,28,42,35,15,20,4,1,3,0,0,0,1,0,1,30,12,18
REFUGIO COUNTY,391,77 Years,69,29,40,33,16,17,8,3,5,0,0,0,0,0,0,28,10,18
REFUGIO COUNTY,391,78 Years,73,35,38,39,19,20,8,3,5,1,1,0,1,0,1,24,12,12
REFUGIO COUNTY,391,79 Years,66,29,37,37,15,22,7,3,4,0,0,0,1,0,1,21,11,10
REFUGIO COUNTY,391,80 Years,54,22,32,28,12,16,6,3,3,0,0,0,0,0,0,20,7,13
REFUGIO COUNTY,391,81 Years,49,20,29,23,10,13,6,3,3,0,0,0,0,0,0,20,7,13
REFUGIO COUNTY,391,82 Years,43,20,23,24,12,12,2,1,1,0,0,0,0,0,0,17,7,10
REFUGIO COUNTY,391,83 Years,41,18,23,24,11,13,2,1,1,0,0,0,1,0,1,14,6,8
REFUGIO COUNTY,391,84 Years,35,15,20,21,9,12,2,0,2,0,0,0,0,0,0,12,6,6
REFUGIO COUNTY,391,85 Years,32,16,16,19,10,9,2,1,1,0,0,0,0,0,0,11,5,6
REFUGIO COUNTY,391,86 Years,30,16,14,18,10,8,2,1,1,0,0,0,0,0,0,10,5,5
REFUGIO COUNTY,391,87 Years,28,10,18,17,6,11,2,0,2,0,0,0,1,1,0,8,3,5
REFUGIO COUNTY,391,88 Years,20,7,13,11,4,7,0,0,0,0,0,0,0,0,0,9,3,6
REFUGIO COUNTY,391,89 Years,16,7,9,8,3,5,0,0,0,0,0,0,1,1,0,7,3,4
REFUGIO COUNTY,391,90 Years,15,6,9,8,3,5,0,0,0,0,0,0,0,0,0,7,3,4
REFUGIO COUNTY,391,91 Years,12,4,8,6,2,4,0,0,0,0,0,0,0,0,0,6,2,4
REFUGIO COUNTY,391,92 Years,11,4,7,6,2,4,1,0,1,0,0,0,0,0,0,4,2,2
REFUGIO COUNTY,391,93 Years,10,3,7,6,2,4,1,0,1,0,0,0,0,0,0,3,1,2
REFUGIO COUNTY,391,94 Years,5,2,3,3,1,2,0,0,0,0,0,0,0,0,0,2,1,1
REFUGIO COUNTY,391,95 Years +,24,9,15,12,5,7,3,0,3,0,0,0,0,0,0,9,4,5
ROBERTS COUNTY,393,All Ages,801,390,411,723,347,376,0,0,0,0,0,0,8,5,3,70,38,32
ROBERTS COUNTY,393,< 1 Year,9,5,4,7,4,3,0,0,0,0,0,0,0,0,0,2,1,1
ROBERTS COUNTY,393,1 Years,10,5,5,7,4,3,0,0,0,0,0,0,0,0,0,3,1,2
ROBERTS COUNTY,393,2 Years,9,5,4,7,4,3,0,0,0,0,0,0,0,0,0,2,1,1
ROBERTS COUNTY,393,3 Years,7,3,4,6,3,3,0,0,0,0,0,0,0,0,0,1,0,1
ROBERTS COUNTY,393,4 Years,9,5,4,9,5,4,0,0,0,0,0,0,0,0,0,0,0,0
ROBERTS COUNTY,393,5 Years,10,5,5,10,5,5,0,0,0,0,0,0,0,0,0,0,0,0
ROBERTS COUNTY,393,6 Years,12,7,5,10,5,5,0,0,0,0,0,0,0,0,0,2,2,0
ROBERTS COUNTY,393,7 Years,11,4,7,9,3,6,0,0,0,0,0,0,0,0,0,2,1,1
ROBERTS COUNTY,393,8 Years,10,2,8,8,2,6,0,0,0,0,0,0,0,0,0,2,0,2
ROBERTS COUNTY,393,9 Years,12,3,9,11,3,8,0,0,0,0,0,0,0,0,0,1,0,1
ROBERTS COUNTY,393,10 Years,9,4,5,9,4,5,0,0,0,0,0,0,0,0,0,0,0,0
ROBERTS COUNTY,393,11 Years,9,4,5,9,4,5,0,0,0,0,0,0,0,0,0,0,0,0
ROBERTS COUNTY,393,12 Years,10,4,6,9,3,6,0,0,0,0,0,0,0,0,0,1,1,0
ROBERTS COUNTY,393,13 Years,7,3,4,7,3,4,0,0,0,0,0,0,0,0,0,0,0,0
ROBERTS COUNTY,393,14 Years,10,7,3,9,6,3,0,0,0,0,0,0,0,0,0,1,1,0
ROBERTS COUNTY,393,15 Years,17,10,7,16,9,7,0,0,0,0,0,0,0,0,0,1,1,0
ROBERTS COUNTY,393,16 Years,14,8,6,12,7,5,0,0,0,0,0,0,1,1,0,1,0,1
ROBERTS COUNTY,393,17 Years,12,5,7,11,5,6,0,0,0,0,0,0,0,0,0,1,0,1
ROBERTS COUNTY,393,18 Years,12,5,7,10,3,7,0,0,0,0,0,0,0,0,0,2,2,0
ROBERTS COUNTY,393,19 Years,8,4,4,7,3,4,0,0,0,0,0,0,0,0,0,1,1,0
ROBERTS COUNTY,393,20 Years,7,3,4,6,3,3,0,0,0,0,0,0,0,0,0,1,0,1
ROBERTS COUNTY,393,21 Years,11,6,5,10,5,5,0,0,0,0,0,0,0,0,0,1,1,0
ROBERTS COUNTY,393,22 Years,10,6,4,9,5,4,0,0,0,0,0,0,0,0,0,1,1,0
ROBERTS COUNTY,393,23 Years,6,2,4,5,2,3,0,0,0,0,0,0,0,0,0,1,0,1
ROBERTS COUNTY,393,24 Years,5,3,2,5,3,2,0,0,0,0,0,0,0,0,0,0,0,0
ROBERTS COUNTY,393,25 Years,5,3,2,5,3,2,0,0,0,0,0,0,0,0,0,0,0,0
ROBERTS COUNTY,393,26 Years,6,3,3,6,3,3,0,0,0,0,0,0,0,0,0,0,0,0
ROBERTS COUNTY,393,27 Years,4,1,3,4,1,3,0,0,0,0,0,0,0,0,0,0,0,0
ROBERTS COUNTY,393,28 Years,5,2,3,5,2,3,0,0,0,0,0,0,0,0,0,0,0,0
ROBERTS COUNTY,393,29 Years,6,3,3,6,3,3,0,0,0,0,0,0,0,0,0,0,0,0
ROBERTS COUNTY,393,30 Years,6,3,3,6,3,3,0,0,0,0,0,0,0,0,0,0,0,0
ROBERTS COUNTY,393,31 Years,5,3,2,4,2,2,0,0,0,0,0,0,1,1,0,0,0,0
ROBERTS COUNTY,393,32 Years,7,4,3,6,3,3,0,0,0,0,0,0,1,1,0,0,0,0
ROBERTS COUNTY,393,33 Years,10,5,5,9,4,5,0,0,0,0,0,0,0,0,0,1,1,0
ROBERTS COUNTY,393,34 Years,9,4,5,7,3,4,0,0,0,0,0,0,0,0,0,2,1,1
ROBERTS COUNTY,393,35 Years,11,5,6,10,4,6,0,0,0,0,0,0,0,0,0,1,1,0
ROBERTS COUNTY,393,36 Years,9,2,7,7,1,6,0,0,0,0,0,0,0,0,0,2,1,1
ROBERTS COUNTY,393,37 Years,10,5,5,8,4,4,0,0,0,0,0,0,0,0,0,2,1,1
ROBERTS COUNTY,393,38 Years,12,6,6,10,6,4,0,0,0,0,0,0,0,0,0,2,0,2
ROBERTS COUNTY,393,39 Years,13,9,4,13,9,4,0,0,0,0,0,0,0,0,0,0,0,0
ROBERTS COUNTY,393,40 Years,15,8,7,14,7,7,0,0,0,0,0,0,0,0,0,1,1,0
ROBERTS COUNTY,393,41 Years,14,8,6,13,7,6,0,0,0,0,0,0,0,0,0,1,1,0
ROBERTS COUNTY,393,42 Years,11,6,5,10,5,5,0,0,0,0,0,0,1,1,0,0,0,0
ROBERTS COUNTY,393,43 Years,16,12,4,15,11,4,0,0,0,0,0,0,1,1,0,0,0,0
ROBERTS COUNTY,393,44 Years,13,10,3,12,9,3,0,0,0,0,0,0,0,0,0,1,1,0
ROBERTS COUNTY,393,45 Years,10,7,3,9,6,3,0,0,0,0,0,0,0,0,0,1,1,0
ROBERTS COUNTY,393,46 Years,8,4,4,7,3,4,0,0,0,0,0,0,0,0,0,1,1,0
ROBERTS COUNTY,393,47 Years,9,2,7,7,1,6,0,0,0,0,0,0,0,0,0,2,1,1
ROBERTS COUNTY,393,48 Years,3,0,3,3,0,3,0,0,0,0,0,0,0,0,0,0,0,0
ROBERTS COUNTY,393,49 Years,4,3,1,4,3,1,0,0,0,0,0,0,0,0,0,0,0,0
ROBERTS COUNTY,393,50 Years,5,3,2,4,3,1,0,0,0,0,0,0,0,0,0,1,0,1
ROBERTS COUNTY,393,51 Years,5,2,3,4,2,2,0,0,0,0,0,0,0,0,0,1,0,1
ROBERTS COUNTY,393,52 Years,8,2,6,7,2,5,0,0,0,0,0,0,0,0,0,1,0,1
ROBERTS COUNTY,393,53 Years,12,3,9,10,2,8,0,0,0,0,0,0,0,0,0,2,1,1
ROBERTS COUNTY,393,54 Years,10,3,7,7,2,5,0,0,0,0,0,0,0,0,0,3,1,2
ROBERTS COUNTY,393,55 Years,9,3,6,7,2,5,0,0,0,0,0,0,0,0,0,2,1,1
ROBERTS COUNTY,393,56 Years,7,3,4,7,3,4,0,0,0,0,0,0,0,0,0,0,0,0
ROBERTS COUNTY,393,57 Years,7,4,3,6,3,3,0,0,0,0,0,0,0,0,0,1,1,0
ROBERTS COUNTY,393,58 Years,10,6,4,9,5,4,0,0,0,0,0,0,0,0,0,1,1,0
ROBERTS COUNTY,393,59 Years,11,6,5,9,5,4,0,0,0,0,0,0,0,0,0,2,1,1
ROBERTS COUNTY,393,60 Years,13,8,5,12,8,4,0,0,0,0,0,0,0,0,0,1,0,1
ROBERTS COUNTY,393,61 Years,12,9,3,10,7,3,0,0,0,0,0,0,0,0,0,2,2,0
ROBERTS COUNTY,393,62 Years,13,7,6,12,6,6,0,0,0,0,0,0,0,0,0,1,1,0
ROBERTS COUNTY,393,63 Years,12,6,6,11,6,5,0,0,0,0,0,0,0,0,0,1,0,1
ROBERTS COUNTY,393,64 Years,9,5,4,8,5,3,0,0,0,0,0,0,1,0,1,0,0,0
ROBERTS COUNTY,393,65 Years,10,5,5,9,5,4,0,0,0,0,0,0,1,0,1,0,0,0
ROBERTS COUNTY,393,66 Years,9,4,5,8,3,5,0,0,0,0,0,0,0,0,0,1,1,0
ROBERTS COUNTY,393,67 Years,8,4,4,8,4,4,0,0,0,0,0,0,0,0,0,0,0,0
ROBERTS COUNTY,393,68 Years,14,5,9,13,5,8,0,0,0,0,0,0,0,0,0,1,0,1
ROBERTS COUNTY,393,69 Years,11,5,6,10,5,5,0,0,0,0,0,0,1,0,1,0,0,0
ROBERTS COUNTY,393,70 Years,12,6,6,10,5,5,0,0,0,0,0,0,0,0,0,2,1,1
ROBERTS COUNTY,393,71 Years,10,4,6,9,4,5,0,0,0,0,0,0,0,0,0,1,0,1
ROBERTS COUNTY,393,72 Years,8,4,4,8,4,4,0,0,0,0,0,0,0,0,0,0,0,0
ROBERTS COUNTY,393,73 Years,7,4,3,7,4,3,0,0,0,0,0,0,0,0,0,0,0,0
ROBERTS COUNTY,393,74 Years,10,5,5,10,5,5,0,0,0,0,0,0,0,0,0,0,0,0
ROBERTS COUNTY,393,75 Years,10,6,4,10,6,4,0,0,0,0,0,0,0,0,0,0,0,0
ROBERTS COUNTY,393,76 Years,9,4,5,9,4,5,0,0,0,0,0,0,0,0,0,0,0,0
ROBERTS COUNTY,393,77 Years,8,3,5,8,3,5,0,0,0,0,0,0,0,0,0,0,0,0
ROBERTS COUNTY,393,78 Years,9,2,7,9,2,7,0,0,0,0,0,0,0,0,0,0,0,0
ROBERTS COUNTY,393,79 Years,9,3,6,8,2,6,0,0,0,0,0,0,0,0,0,1,1,0
ROBERTS COUNTY,393,80 Years,9,3,6,8,2,6,0,0,0,0,0,0,0,0,0,1,1,0
ROBERTS COUNTY,393,81 Years,6,3,3,6,3,3,0,0,0,0,0,0,0,0,0,0,0,0
ROBERTS COUNTY,393,82 Years,4,2,2,4,2,2,0,0,0,0,0,0,0,0,0,0,0,0
ROBERTS COUNTY,393,83 Years,4,2,2,4,2,2,0,0,0,0,0,0,0,0,0,0,0,0
ROBERTS COUNTY,393,84 Years,5,2,3,5,2,3,0,0,0,0,0,0,0,0,0,0,0,0
ROBERTS COUNTY,393,85 Years,4,1,3,4,1,3,0,0,0,0,0,0,0,0,0,0,0,0
ROBERTS COUNTY,393,86 Years,2,1,1,2,1,1,0,0,0,0,0,0,0,0,0,0,0,0
ROBERTS COUNTY,393,87 Years,4,3,1,4,3,1,0,0,0,0,0,0,0,0,0,0,0,0
ROBERTS COUNTY,393,88 Years,2,2,0,2,2,0,0,0,0,0,0,0,0,0,0,0,0,0
ROBERTS COUNTY,393,89 Years,1,1,0,1,1,0,0,0,0,0,0,0,0,0,0,0,0,0
ROBERTS COUNTY,393,90 Years,0,0,0,0,0,0,0,0,0,0,0,0,0,0,0,0,0,0
ROBERTS COUNTY,393,91 Years,1,0,1,1,0,1,0,0,0,0,0,0,0,0,0,0,0,0
ROBERTS COUNTY,393,92 Years,1,0,1,1,0,1,0,0,0,0,0,0,0,0,0,0,0,0
ROBERTS COUNTY,393,93 Years,1,0,1,1,0,1,0,0,0,0,0,0,0,0,0,0,0,0
ROBERTS COUNTY,393,94 Years,2,0,2,2,0,2,0,0,0,0,0,0,0,0,0,0,0,0
ROBERTS COUNTY,393,95 Years +,1,0,1,1,0,1,0,0,0,0,0,0,0,0,0,0,0,0
ROBERTSON COUNTY,395,All Ages,17124,8356,8768,9367,4655,4712,3412,1556,1856,115,62,53,240,123,117,3990,1960,2030
ROBERTSON COUNTY,395,< 1 Year,185,95,90,77,38,39,39,20,19,1,1,0,7,4,3,61,32,29
ROBERTSON COUNTY,395,1 Years,182,94,88,69,35,34,39,20,19,1,1,0,6,3,3,67,35,32
ROBERTSON COUNTY,395,2 Years,185,95,90,70,36,34,41,21,20,1,0,1,6,3,3,67,35,32
ROBERTSON COUNTY,395,3 Years,210,104,106,85,46,39,47,23,24,1,0,1,6,3,3,71,32,39
ROBERTSON COUNTY,395,4 Years,218,110,108,87,47,40,48,24,24,0,0,0,7,3,4,76,36,40
ROBERTSON COUNTY,395,5 Years,217,111,106,87,45,42,44,22,22,2,0,2,6,3,3,78,41,37
ROBERTSON COUNTY,395,6 Years,217,114,103,89,47,42,41,21,20,1,0,1,6,2,4,80,44,36
ROBERTSON COUNTY,395,7 Years,222,117,105,97,52,45,41,21,20,0,0,0,6,2,4,78,42,36
ROBERTSON COUNTY,395,8 Years,240,125,115,113,61,52,48,24,24,0,0,0,3,1,2,76,39,37
ROBERTSON COUNTY,395,9 Years,236,124,112,111,57,54,47,25,22,0,0,0,4,3,1,74,39,35
ROBERTSON COUNTY,395,10 Years,222,115,107,104,51,53,46,24,22,0,0,0,4,3,1,68,37,31
ROBERTSON COUNTY,395,11 Years,216,114,102,101,50,51,41,22,19,0,0,0,4,3,1,70,39,31
ROBERTSON COUNTY,395,12 Years,220,114,106,99,51,48,41,22,19,0,0,0,5,4,1,75,37,38
ROBERTSON COUNTY,395,13 Years,213,102,111,89,44,45,39,19,20,1,1,0,5,3,2,79,35,44
ROBERTSON COUNTY,395,14 Years,239,116,123,99,55,44,45,19,26,4,2,2,6,4,2,85,36,49
ROBERTSON COUNTY,395,15 Years,238,110,128,113,55,58,46,20,26,3,1,2,4,3,1,72,31,41
ROBERTSON COUNTY,395,16 Years,240,121,119,110,59,51,45,21,24,2,1,1,2,1,1,81,39,42
ROBERTSON COUNTY,395,17 Years,216,115,101,96,53,43,43,24,19,0,0,0,4,1,3,73,37,36
ROBERTSON COUNTY,395,18 Years,202,109,93,89,54,35,43,22,21,1,0,1,3,1,2,66,32,34
ROBERTSON COUNTY,395,19 Years,198,111,87,83,53,30,40,19,21,2,2,0,2,1,1,71,36,35
ROBERTSON COUNTY,395,20 Years,195,105,90,78,45,33,45,23,22,3,3,0,1,0,1,68,34,34
ROBERTSON COUNTY,395,21 Years,207,108,99,85,42,43,49,29,20,3,3,0,5,4,1,65,30,35
ROBERTSON COUNTY,395,22 Years,206,108,98,91,47,44,44,24,20,5,3,2,5,4,1,61,30,31
ROBERTSON COUNTY,395,23 Years,163,86,77,76,39,37,31,17,14,3,2,1,3,1,2,50,27,23
ROBERTSON COUNTY,395,24 Years,154,72,82,68,32,36,31,14,17,2,0,2,4,2,2,49,24,25
ROBERTSON COUNTY,395,25 Years,161,75,86,72,36,36,35,17,18,1,0,1,3,1,2,50,21,29
ROBERTSON COUNTY,395,26 Years,168,87,81,83,46,37,39,19,20,1,1,0,2,0,2,43,21,22
ROBERTSON COUNTY,395,27 Years,191,102,89,91,49,42,46,24,22,1,1,0,3,2,1,50,26,24
ROBERTSON COUNTY,395,28 Years,196,99,97,90,44,46,50,28,22,0,0,0,6,3,3,50,24,26
ROBERTSON COUNTY,395,29 Years,197,97,100,94,46,48,49,25,24,1,1,0,4,2,2,49,23,26
ROBERTSON COUNTY,395,30 Years,202,100,102,96,48,48,53,28,25,1,1,0,3,3,0,49,20,29
ROBERTSON COUNTY,395,31 Years,204,97,107,94,43,51,56,29,27,0,0,0,3,2,1,51,23,28
ROBERTSON COUNTY,395,32 Years,200,90,110,82,38,44,59,26,33,0,0,0,2,1,1,57,25,32
ROBERTSON COUNTY,395,33 Years,198,99,99,91,48,43,57,26,31,0,0,0,1,1,0,49,24,25
ROBERTSON COUNTY,395,34 Years,197,102,95,98,48,50,45,22,23,0,0,0,0,0,0,54,32,22
ROBERTSON COUNTY,395,35 Years,192,102,90,94,49,45,46,25,21,2,2,0,0,0,0,50,26,24
ROBERTSON COUNTY,395,36 Years,184,91,93,95,50,45,43,22,21,2,1,1,0,0,0,44,18,26
ROBERTSON COUNTY,395,37 Years,199,103,96,106,57,49,39,20,19,1,0,1,0,0,0,53,26,27
ROBERTSON COUNTY,395,38 Years,224,105,119,116,61,55,39,18,21,3,1,2,2,0,2,64,25,39
ROBERTSON COUNTY,395,39 Years,235,99,136,113,52,61,46,20,26,3,3,0,2,0,2,71,24,47
ROBERTSON COUNTY,395,40 Years,224,103,121,125,60,65,38,20,18,2,2,0,1,1,0,58,20,38
ROBERTSON COUNTY,395,41 Years,205,101,104,114,60,54,32,17,15,3,2,1,2,0,2,54,22,32
ROBERTSON COUNTY,395,42 Years,219,113,106,120,65,55,35,15,20,4,2,2,3,1,2,57,30,27
ROBERTSON COUNTY,395,43 Years,217,109,108,112,61,51,38,14,24,4,1,3,5,2,3,58,31,27
ROBERTSON COUNTY,395,44 Years,211,94,117,106,51,55,45,13,32,3,1,2,3,2,1,54,27,27
ROBERTSON COUNTY,395,45 Years,202,88,114,101,49,52,43,13,30,5,3,2,3,0,3,50,23,27
ROBERTSON COUNTY,395,46 Years,187,85,102,89,44,45,44,14,30,4,3,1,3,0,3,47,24,23
ROBERTSON COUNTY,395,47 Years,195,78,117,92,41,51,57,17,40,1,1,0,3,0,3,42,19,23
ROBERTSON COUNTY,395,48 Years,168,80,88,82,40,42,42,16,26,1,1,0,2,1,1,41,22,19
ROBERTSON COUNTY,395,49 Years,157,83,74,84,49,35,33,11,22,1,1,0,1,1,0,38,21,17
ROBERTSON COUNTY,395,50 Years,175,91,84,101,52,49,35,16,19,1,1,0,0,0,0,38,22,16
ROBERTSON COUNTY,395,51 Years,198,88,110,115,48,67,37,16,21,4,1,3,1,0,1,41,23,18
ROBERTSON COUNTY,395,52 Years,186,87,99,109,51,58,37,11,26,2,1,1,3,2,1,35,22,13
ROBERTSON COUNTY,395,53 Years,192,91,101,109,57,52,42,12,30,2,1,1,3,2,1,36,19,17
ROBERTSON COUNTY,395,54 Years,199,92,107,116,59,57,42,14,28,1,0,1,1,1,0,39,18,21
ROBERTSON COUNTY,395,55 Years,210,100,110,116,53,63,49,23,26,4,3,1,1,0,1,40,21,19
ROBERTSON COUNTY,395,56 Years,215,103,112,127,56,71,48,24,24,3,2,1,2,2,0,35,19,16
ROBERTSON COUNTY,395,57 Years,219,109,110,128,66,62,46,22,24,1,0,1,2,1,1,42,20,22
ROBERTSON COUNTY,395,58 Years,226,112,114,141,70,71,44,22,22,1,0,1,3,2,1,37,18,19
ROBERTSON COUNTY,395,59 Years,224,110,114,156,75,81,41,23,18,0,0,0,2,1,1,25,11,14
ROBERTSON COUNTY,395,60 Years,227,98,129,157,69,88,41,16,25,1,0,1,2,0,2,26,13,13
ROBERTSON COUNTY,395,61 Years,212,97,115,136,62,74,39,14,25,1,0,1,5,3,2,31,18,13
ROBERTSON COUNTY,395,62 Years,228,114,114,143,73,70,44,17,27,1,0,1,4,3,1,36,21,15
ROBERTSON COUNTY,395,63 Years,251,124,127,167,84,83,43,17,26,1,0,1,4,3,1,36,20,16
ROBERTSON COUNTY,395,64 Years,241,114,127,155,76,79,48,20,28,2,0,2,3,1,2,33,17,16
ROBERTSON COUNTY,395,65 Years,241,121,120,152,81,71,51,23,28,1,0,1,2,0,2,35,17,18
ROBERTSON COUNTY,395,66 Years,232,121,111,149,81,68,46,22,24,1,1,0,2,0,2,34,17,17
ROBERTSON COUNTY,395,67 Years,219,107,112,149,76,73,38,16,22,2,1,1,3,2,1,27,12,15
ROBERTSON COUNTY,395,68 Years,238,114,124,166,82,84,35,13,22,2,0,2,4,2,2,31,17,14
ROBERTSON COUNTY,395,69 Years,234,107,127,164,75,89,36,13,23,2,2,0,1,0,1,31,17,14
ROBERTSON COUNTY,395,70 Years,198,93,105,140,66,74,32,13,19,1,1,0,1,0,1,24,13,11
ROBERTSON COUNTY,395,71 Years,188,91,97,138,64,74,29,14,15,0,0,0,2,0,2,19,13,6
ROBERTSON COUNTY,395,72 Years,191,92,99,140,67,73,29,13,16,0,0,0,1,0,1,21,12,9
ROBERTSON COUNTY,395,73 Years,197,95,102,141,67,74,33,16,17,0,0,0,1,1,0,22,11,11
ROBERTSON COUNTY,395,74 Years,190,97,93,138,72,66,32,16,16,0,0,0,2,2,0,18,7,11
ROBERTSON COUNTY,395,75 Years,186,100,86,138,76,62,29,14,15,0,0,0,2,2,0,17,8,9
ROBERTSON COUNTY,395,76 Years,159,83,76,114,60,54,27,14,13,0,0,0,1,1,0,17,8,9
ROBERTSON COUNTY,395,77 Years,125,59,66,92,45,47,18,6,12,0,0,0,1,1,0,14,7,7
ROBERTSON COUNTY,395,78 Years,125,59,66,93,48,45,19,6,13,0,0,0,0,0,0,13,5,8
ROBERTSON COUNTY,395,79 Years,118,55,63,87,43,44,18,7,11,0,0,0,1,1,0,12,4,8
ROBERTSON COUNTY,395,80 Years,109,50,59,80,38,42,15,6,9,1,0,1,1,0,1,12,6,6
ROBERTSON COUNTY,395,81 Years,96,43,53,71,31,40,13,4,9,0,0,0,3,2,1,9,6,3
ROBERTSON COUNTY,395,82 Years,83,34,49,64,26,38,10,3,7,0,0,0,3,2,1,6,3,3
ROBERTSON COUNTY,395,83 Years,87,33,54,68,25,43,12,5,7,0,0,0,0,0,0,7,3,4
ROBERTSON COUNTY,395,84 Years,80,32,48,60,23,37,12,5,7,0,0,0,0,0,0,8,4,4
ROBERTSON COUNTY,395,85 Years,77,33,44,56,23,33,10,5,5,0,0,0,0,0,0,11,5,6
ROBERTSON COUNTY,395,86 Years,69,25,44,53,19,34,8,3,5,0,0,0,0,0,0,8,3,5
ROBERTSON COUNTY,395,87 Years,56,19,37,43,14,29,8,3,5,0,0,0,0,0,0,5,2,3
ROBERTSON COUNTY,395,88 Years,42,17,25,33,15,18,7,2,5,0,0,0,0,0,0,2,0,2
ROBERTSON COUNTY,395,89 Years,36,16,20,29,14,15,5,1,4,0,0,0,1,1,0,1,0,1
ROBERTSON COUNTY,395,90 Years,31,10,21,25,9,16,5,1,4,0,0,0,0,0,0,1,0,1
ROBERTSON COUNTY,395,91 Years,26,8,18,20,7,13,4,1,3,0,0,0,0,0,0,2,0,2
ROBERTSON COUNTY,395,92 Years,22,6,16,17,5,12,2,0,2,0,0,0,0,0,0,3,1,2
ROBERTSON COUNTY,395,93 Years,22,8,14,17,7,10,4,1,3,0,0,0,0,0,0,1,0,1
ROBERTSON COUNTY,395,94 Years,19,7,12,15,6,9,4,1,3,0,0,0,0,0,0,0,0,0
ROBERTSON COUNTY,395,95 Years +,51,14,37,33,10,23,12,3,9,0,0,0,1,0,1,5,1,4
ROCKWALL COUNTY,397,All Ages,130150,64263,65887,90514,44384,46130,8211,4146,4065,3918,1789,2129,2916,1456,1460,24591,12488,12103
ROCKWALL COUNTY,397,< 1 Year,1404,710,694,731,373,358,118,61,57,45,22,23,103,49,54,407,205,202
ROCKWALL COUNTY,397,1 Years,1264,646,618,661,338,323,95,48,47,32,16,16,65,34,31,411,210,201
ROCKWALL COUNTY,397,2 Years,1259,643,616,661,338,323,91,46,45,32,16,16,64,33,31,411,210,201
ROCKWALL COUNTY,397,3 Years,1483,763,720,863,444,419,111,53,58,34,17,17,72,39,33,403,210,193
ROCKWALL COUNTY,397,4 Years,1551,802,749,929,474,455,110,54,56,40,20,20,74,40,34,398,214,184
ROCKWALL COUNTY,397,5 Years,1558,810,748,946,491,455,107,57,50,42,19,23,73,40,33,390,203,187
ROCKWALL COUNTY,397,6 Years,1592,817,775,997,508,489,100,54,46,41,19,22,68,40,28,386,196,190
ROCKWALL COUNTY,397,7 Years,1654,850,804,1046,538,508,100,51,49,44,24,20,65,39,26,399,198,201
ROCKWALL COUNTY,397,8 Years,1843,971,872,1172,624,548,112,52,60,49,26,23,76,43,33,434,226,208
ROCKWALL COUNTY,397,9 Years,1903,1000,903,1199,646,553,110,52,58,56,27,29,81,42,39,457,233,224
ROCKWALL COUNTY,397,10 Years,1935,1006,929,1216,642,574,112,56,56,56,27,29,77,42,35,474,239,235
ROCKWALL COUNTY,397,11 Years,1963,1017,946,1244,653,591,116,60,56,54,25,29,72,36,36,477,243,234
ROCKWALL COUNTY,397,12 Years,2017,1035,982,1286,659,627,135,73,62,40,23,17,67,25,42,489,255,234
ROCKWALL COUNTY,397,13 Years,1950,998,952,1246,646,600,143,68,75,41,19,22,61,31,30,459,234,225
ROCKWALL COUNTY,397,14 Years,2046,1044,1002,1291,675,616,146,69,77,54,20,34,64,37,27,491,243,248
ROCKWALL COUNTY,397,15 Years,2155,1094,1061,1336,684,652,152,79,73,61,28,33,70,33,37,536,270,266
ROCKWALL COUNTY,397,16 Years,2184,1134,1050,1371,710,661,161,89,72,58,34,24,65,29,36,529,272,257
ROCKWALL COUNTY,397,17 Years,2210,1133,1077,1424,729,695,160,77,83,58,35,23,59,26,33,509,266,243
ROCKWALL COUNTY,397,18 Years,1999,1006,993,1276,637,639,131,57,74,64,38,26,53,23,30,475,251,224
ROCKWALL COUNTY,397,19 Years,1869,926,943,1198,583,615,131,62,69,58,30,28,51,24,27,431,227,204
ROCKWALL COUNTY,397,20 Years,1915,974,941,1235,611,624,139,70,69,60,32,28,53,31,22,428,230,198
ROCKWALL COUNTY,397,21 Years,1923,982,941,1254,636,618,132,70,62,75,28,47,51,30,21,411,218,193
ROCKWALL COUNTY,397,22 Years,1784,895,889,1172,589,583,120,58,62,63,23,40,48,27,21,381,198,183
ROCKWALL COUNTY,397,23 Years,1417,713,704,904,442,462,87,43,44,47,22,25,39,19,20,340,187,153
ROCKWALL COUNTY,397,24 Years,1329,687,642,833,424,409,82,46,36,53,23,30,36,18,18,325,176,149
ROCKWALL COUNTY,397,25 Years,1290,670,620,818,423,395,93,50,43,47,24,23,30,13,17,302,160,142
ROCKWALL COUNTY,397,26 Years,1354,691,663,868,440,428,105,53,52,52,30,22,35,17,18,294,151,143
ROCKWALL COUNTY,397,27 Years,1410,715,695,890,444,446,113,57,56,52,31,21,40,21,19,315,162,153
ROCKWALL COUNTY,397,28 Years,1452,717,735,963,465,498,99,53,46,36,19,17,43,21,22,311,159,152
ROCKWALL COUNTY,397,29 Years,1473,712,761,996,472,524,98,54,44,33,16,17,38,20,18,308,150,158
ROCKWALL COUNTY,397,30 Years,1378,671,707,909,447,462,80,41,39,51,19,32,35,16,19,303,148,155
ROCKWALL COUNTY,397,31 Years,1172,578,594,733,353,380,70,36,34,35,14,21,29,10,19,305,165,140
ROCKWALL COUNTY,397,32 Years,1111,552,559,659,329,330,73,33,40,36,21,15,24,9,15,319,160,159
ROCKWALL COUNTY,397,33 Years,1528,762,766,962,490,472,129,61,68,43,21,22,33,18,15,361,172,189
ROCKWALL COUNTY,397,34 Years,1591,797,794,1011,515,496,126,64,62,67,33,34,28,14,14,359,171,188
ROCKWALL COUNTY,397,35 Years,1554,764,790,1020,498,522,107,60,47,64,26,38,21,8,13,342,172,170
ROCKWALL COUNTY,397,36 Years,1621,750,871,1092,488,604,77,39,38,58,21,37,29,16,13,365,186,179
ROCKWALL COUNTY,397,37 Years,1777,825,952,1210,554,656,109,44,65,50,24,26,33,18,15,375,185,190
ROCKWALL COUNTY,397,38 Years,1821,901,920,1211,600,611,124,49,75,62,35,27,33,16,17,391,201,190
ROCKWALL COUNTY,397,39 Years,1937,922,1015,1272,597,675,142,71,71,69,34,35,39,20,19,415,200,215
ROCKWALL COUNTY,397,40 Years,2012,966,1046,1347,637,710,153,85,68,70,29,41,32,16,16,410,199,211
ROCKWALL COUNTY,397,41 Years,2097,1048,1049,1409,706,703,147,83,64,66,29,37,33,17,16,442,213,229
ROCKWALL COUNTY,397,42 Years,2154,1079,1075,1455,712,743,174,104,70,58,29,29,28,14,14,439,220,219
ROCKWALL COUNTY,397,43 Years,1987,1035,952,1336,675,661,138,80,58,59,36,23,24,11,13,430,233,197
ROCKWALL COUNTY,397,44 Years,1956,980,976,1318,653,665,119,60,59,75,41,34,19,10,9,425,216,209
ROCKWALL COUNTY,397,45 Years,1918,946,972,1284,630,654,123,65,58,80,34,46,33,17,16,398,200,198
ROCKWALL COUNTY,397,46 Years,1942,951,991,1328,647,681,135,64,71,65,21,44,38,20,18,376,199,177
ROCKWALL COUNTY,397,47 Years,1951,962,989,1354,668,686,132,63,69,68,23,45,39,21,18,358,187,171
ROCKWALL COUNTY,397,48 Years,1867,916,951,1275,629,646,125,62,63,74,24,50,31,12,19,362,189,173
ROCKWALL COUNTY,397,49 Years,1805,908,897,1248,630,618,122,65,57,68,27,41,24,9,15,343,177,166
ROCKWALL COUNTY,397,50 Years,1855,917,938,1295,642,653,135,66,69,70,32,38,23,9,14,332,168,164
ROCKWALL COUNTY,397,51 Years,2009,998,1011,1417,706,711,170,85,85,72,34,38,28,12,16,322,161,161
ROCKWALL COUNTY,397,52 Years,1993,1001,992,1446,734,712,151,78,73,68,31,37,27,14,13,301,144,157
ROCKWALL COUNTY,397,53 Years,1783,859,924,1294,628,666,124,64,60,64,28,36,21,10,11,280,129,151
ROCKWALL COUNTY,397,54 Years,1701,826,875,1244,604,640,108,58,50,57,24,33,24,12,12,268,128,140
ROCKWALL COUNTY,397,55 Years,1639,837,802,1208,609,599,113,69,44,56,25,31,24,11,13,238,123,115
ROCKWALL COUNTY,397,56 Years,1586,840,746,1167,613,554,122,73,49,52,24,28,25,14,11,220,116,104
ROCKWALL COUNTY,397,57 Years,1633,852,781,1240,641,599,122,65,57,43,24,19,20,13,7,208,109,99
ROCKWALL COUNTY,397,58 Years,1646,830,816,1276,633,643,109,56,53,47,21,26,18,11,7,196,109,87
ROCKWALL COUNTY,397,59 Years,1614,796,818,1272,624,648,98,47,51,34,11,23,16,9,7,194,105,89
ROCKWALL COUNTY,397,60 Years,1568,770,798,1254,617,637,87,42,45,33,14,19,19,9,10,175,88,87
ROCKWALL COUNTY,397,61 Years,1613,798,815,1279,636,643,104,57,47,32,13,19,16,8,8,182,84,98
ROCKWALL COUNTY,397,62 Years,1582,773,809,1264,623,641,91,47,44,27,10,17,17,8,9,183,85,98
ROCKWALL COUNTY,397,63 Years,1492,723,769,1198,583,615,79,40,39,34,11,23,18,6,12,163,83,80
ROCKWALL COUNTY,397,64 Years,1434,694,740,1176,575,601,73,34,39,39,13,26,18,6,12,128,66,62
ROCKWALL COUNTY,397,65 Years,1400,647,753,1139,534,605,73,35,38,33,13,20,16,6,10,139,59,80
ROCKWALL COUNTY,397,66 Years,1373,654,719,1129,535,594,72,35,37,27,12,15,16,10,6,129,62,67
ROCKWALL COUNTY,397,67 Years,1306,613,693,1094,508,586,54,23,31,29,13,16,17,9,8,112,60,52
ROCKWALL COUNTY,397,68 Years,1185,539,646,999,463,536,42,15,27,36,11,25,12,5,7,96,45,51
ROCKWALL COUNTY,397,69 Years,1127,503,624,952,442,510,40,19,21,41,11,30,11,4,7,83,27,56
ROCKWALL COUNTY,397,70 Years,1097,521,576,924,450,474,40,17,23,41,14,27,9,5,4,83,35,48
ROCKWALL COUNTY,397,71 Years,1007,478,529,852,407,445,37,17,20,33,13,20,10,3,7,75,38,37
ROCKWALL COUNTY,397,72 Years,952,440,512,815,371,444,33,18,15,28,11,17,10,3,7,66,37,29
ROCKWALL COUNTY,397,73 Years,927,431,496,802,362,440,23,12,11,27,14,13,12,6,6,63,37,26
ROCKWALL COUNTY,397,74 Years,884,405,479,761,344,417,26,13,13,28,14,14,15,7,8,54,27,27
ROCKWALL COUNTY,397,75 Years,880,401,479,763,352,411,22,8,14,32,11,21,10,4,6,53,26,27
ROCKWALL COUNTY,397,76 Years,724,336,388,627,297,330,15,6,9,23,5,18,6,2,4,53,26,27
ROCKWALL COUNTY,397,77 Years,643,282,361,560,251,309,19,6,13,13,4,9,5,1,4,46,20,26
ROCKWALL COUNTY,397,78 Years,603,253,350,536,228,308,18,7,11,10,4,6,7,2,5,32,12,20
ROCKWALL COUNTY,397,79 Years,584,245,339,521,220,301,11,5,6,11,5,6,7,2,5,34,13,21
ROCKWALL COUNTY,397,80 Years,511,224,287,452,197,255,9,4,5,12,7,5,6,3,3,32,13,19
ROCKWALL COUNTY,397,81 Years,448,210,238,393,184,209,12,4,8,11,7,4,3,3,0,29,12,17
ROCKWALL COUNTY,397,82 Years,411,185,226,363,163,200,12,4,8,10,6,4,5,4,1,21,8,13
ROCKWALL COUNTY,397,83 Years,378,155,223,345,140,205,7,2,5,9,5,4,5,2,3,12,6,6
ROCKWALL COUNTY,397,84 Years,316,121,195,290,113,177,6,1,5,8,3,5,3,1,2,9,3,6
ROCKWALL COUNTY,397,85 Years,258,104,154,233,93,140,6,2,4,6,3,3,4,1,3,9,5,4
ROCKWALL COUNTY,397,86 Years,235,99,136,208,84,124,6,3,3,5,3,2,4,2,2,12,7,5
ROCKWALL COUNTY,397,87 Years,214,82,132,196,74,122,4,1,3,4,2,2,2,1,1,8,4,4
ROCKWALL COUNTY,397,88 Years,216,67,149,199,61,138,3,1,2,2,1,1,2,1,1,10,3,7
ROCKWALL COUNTY,397,89 Years,202,68,134,186,62,124,4,1,3,2,1,1,2,1,1,8,3,5
ROCKWALL COUNTY,397,90 Years,163,53,110,146,47,99,4,2,2,3,1,2,2,1,1,8,2,6
ROCKWALL COUNTY,397,91 Years,141,39,102,131,35,96,1,0,1,2,0,2,1,1,0,6,3,3
ROCKWALL COUNTY,397,92 Years,115,31,84,107,28,79,1,0,1,1,1,0,1,0,1,5,2,3
ROCKWALL COUNTY,397,93 Years,90,25,65,82,22,60,3,1,2,1,1,0,0,0,0,4,1,3
ROCKWALL COUNTY,397,94 Years,68,19,49,63,17,46,1,0,1,2,1,1,0,0,0,2,1,1
ROCKWALL COUNTY,397,95 Years +,179,45,134,157,36,121,7,2,5,5,3,2,1,0,1,9,4,5
RUNNELS COUNTY,399,All Ages,9846,4999,4847,5816,2909,2907,152,86,66,10,6,4,154,77,77,3714,1921,1793
RUNNELS COUNTY,399,< 1 Year,118,58,60,51,25,26,1,1,0,0,0,0,5,2,3,61,30,31
RUNNELS COUNTY,399,1 Years,121,62,59,51,26,25,2,1,1,0,0,0,4,2,2,64,33,31
RUNNELS COUNTY,399,2 Years,121,62,59,52,27,25,2,1,1,0,0,0,4,2,2,63,32,31
RUNNELS COUNTY,399,3 Years,133,77,56,63,37,26,2,1,1,0,0,0,4,2,2,64,37,27
RUNNELS COUNTY,399,4 Years,134,77,57,63,37,26,2,1,1,0,0,0,3,1,2,66,38,28
RUNNELS COUNTY,399,5 Years,124,69,55,61,35,26,2,1,1,0,0,0,3,1,2,58,32,26
RUNNELS COUNTY,399,6 Years,123,67,56,61,34,27,2,1,1,0,0,0,3,2,1,57,30,27
RUNNELS COUNTY,399,7 Years,120,62,58,60,32,28,2,1,1,0,0,0,4,2,2,54,27,27
RUNNELS COUNTY,399,8 Years,112,59,53,57,32,25,2,1,1,0,0,0,4,3,1,49,23,26
RUNNELS COUNTY,399,9 Years,108,59,49,55,29,26,1,1,0,1,1,0,4,4,0,47,24,23
RUNNELS COUNTY,399,10 Years,116,62,54,60,31,29,1,1,0,1,1,0,2,2,0,52,27,25
RUNNELS COUNTY,399,11 Years,134,67,67,68,30,38,4,1,3,0,0,0,2,2,0,60,34,26
RUNNELS COUNTY,399,12 Years,141,75,66,73,37,36,2,1,1,0,0,0,0,0,0,66,37,29
RUNNELS COUNTY,399,13 Years,131,71,60,72,40,32,1,1,0,0,0,0,0,0,0,58,30,28
RUNNELS COUNTY,399,14 Years,143,74,69,78,40,38,1,1,0,0,0,0,3,2,1,61,31,30
RUNNELS COUNTY,399,15 Years,139,64,75,69,31,38,4,2,2,0,0,0,2,1,1,64,30,34
RUNNELS COUNTY,399,16 Years,134,69,65,65,33,32,5,3,2,0,0,0,1,0,1,63,33,30
RUNNELS COUNTY,399,17 Years,131,70,61,59,30,29,4,2,2,0,0,0,1,1,0,67,37,30
RUNNELS COUNTY,399,18 Years,150,81,69,74,40,34,3,1,2,0,0,0,2,1,1,71,39,32
RUNNELS COUNTY,399,19 Years,144,78,66,74,41,33,1,1,0,0,0,0,1,0,1,68,36,32
RUNNELS COUNTY,399,20 Years,134,71,63,60,29,31,1,1,0,0,0,0,1,0,1,72,41,31
RUNNELS COUNTY,399,21 Years,124,64,60,60,31,29,2,1,1,0,0,0,1,0,1,61,32,29
RUNNELS COUNTY,399,22 Years,113,59,54,57,31,26,3,2,1,0,0,0,2,2,0,51,24,27
RUNNELS COUNTY,399,23 Years,93,46,47,43,23,20,3,3,0,0,0,0,2,1,1,45,19,26
RUNNELS COUNTY,399,24 Years,107,51,56,50,24,26,4,2,2,0,0,0,3,2,1,50,23,27
RUNNELS COUNTY,399,25 Years,122,57,65,62,29,33,2,1,1,0,0,0,2,0,2,56,27,29
RUNNELS COUNTY,399,26 Years,119,61,58,60,32,28,2,1,1,0,0,0,3,1,2,54,27,27
RUNNELS COUNTY,399,27 Years,116,64,52,55,32,23,3,2,1,0,0,0,4,2,2,54,28,26
RUNNELS COUNTY,399,28 Years,95,48,47,46,23,23,3,2,1,0,0,0,1,0,1,45,23,22
RUNNELS COUNTY,399,29 Years,93,49,44,50,26,24,2,1,1,0,0,0,1,1,0,40,21,19
RUNNELS COUNTY,399,30 Years,96,54,42,54,31,23,2,1,1,0,0,0,2,1,1,38,21,17
RUNNELS COUNTY,399,31 Years,97,51,46,52,27,25,1,1,0,0,0,0,3,1,2,41,22,19
RUNNELS COUNTY,399,32 Years,102,55,47,52,29,23,2,1,1,0,0,0,3,2,1,45,23,22
RUNNELS COUNTY,399,33 Years,108,59,49,52,28,24,1,0,1,0,0,0,4,2,2,51,29,22
RUNNELS COUNTY,399,34 Years,110,58,52,57,25,32,1,1,0,0,0,0,3,3,0,49,29,20
RUNNELS COUNTY,399,35 Years,96,48,48,58,26,32,1,1,0,0,0,0,2,1,1,35,20,15
RUNNELS COUNTY,399,36 Years,96,47,49,58,28,30,1,0,1,0,0,0,2,0,2,35,19,16
RUNNELS COUNTY,399,37 Years,110,55,55,65,33,32,2,0,2,0,0,0,3,1,2,40,21,19
RUNNELS COUNTY,399,38 Years,134,70,64,78,41,37,2,1,1,0,0,0,1,0,1,53,28,25
RUNNELS COUNTY,399,39 Years,144,75,69,74,39,35,1,1,0,0,0,0,2,1,1,67,34,33
RUNNELS COUNTY,399,40 Years,125,54,71,65,25,40,1,1,0,0,0,0,1,0,1,58,28,30
RUNNELS COUNTY,399,41 Years,116,52,64,62,27,35,1,1,0,0,0,0,1,0,1,52,24,28
RUNNELS COUNTY,399,42 Years,116,56,60,69,36,33,1,0,1,1,0,1,0,0,0,45,20,25
RUNNELS COUNTY,399,43 Years,114,64,50,72,41,31,1,1,0,0,0,0,0,0,0,41,22,19
RUNNELS COUNTY,399,44 Years,116,72,44,66,39,27,1,1,0,0,0,0,0,0,0,49,32,17
RUNNELS COUNTY,399,45 Years,99,50,49,51,25,26,1,1,0,0,0,0,1,1,0,46,23,23
RUNNELS COUNTY,399,46 Years,96,47,49,50,23,27,3,1,2,0,0,0,1,1,0,42,22,20
RUNNELS COUNTY,399,47 Years,104,51,53,55,23,32,2,1,1,0,0,0,0,0,0,47,27,20
RUNNELS COUNTY,399,48 Years,103,47,56,58,27,31,0,0,0,0,0,0,1,0,1,44,20,24
RUNNELS COUNTY,399,49 Years,100,50,50,58,31,27,1,1,0,0,0,0,1,0,1,40,18,22
RUNNELS COUNTY,399,50 Years,109,55,54,68,35,33,1,1,0,0,0,0,0,0,0,40,19,21
RUNNELS COUNTY,399,51 Years,112,53,59,67,31,36,1,1,0,0,0,0,0,0,0,44,21,23
RUNNELS COUNTY,399,52 Years,123,56,67,77,36,41,2,0,2,0,0,0,1,0,1,43,20,23
RUNNELS COUNTY,399,53 Years,125,56,69,76,39,37,2,0,2,0,0,0,1,0,1,46,17,29
RUNNELS COUNTY,399,54 Years,111,51,60,69,36,33,1,0,1,1,1,0,1,0,1,39,14,25
RUNNELS COUNTY,399,55 Years,115,55,60,71,34,37,1,1,0,1,1,0,1,0,1,41,19,22
RUNNELS COUNTY,399,56 Years,122,62,60,78,35,43,1,1,0,0,0,0,2,1,1,41,25,16
RUNNELS COUNTY,399,57 Years,135,72,63,85,42,43,2,2,0,0,0,0,3,2,1,45,26,19
RUNNELS COUNTY,399,58 Years,130,68,62,87,45,42,3,2,1,0,0,0,2,1,1,38,20,18
RUNNELS COUNTY,399,59 Years,137,68,69,94,46,48,2,2,0,2,0,2,2,1,1,37,19,18
RUNNELS COUNTY,399,60 Years,145,72,73,97,47,50,4,2,2,1,0,1,2,1,1,41,22,19
RUNNELS COUNTY,399,61 Years,126,68,58,85,44,41,3,2,1,0,0,0,2,1,1,36,21,15
RUNNELS COUNTY,399,62 Years,125,67,58,82,43,39,3,2,1,0,0,0,2,1,1,38,21,17
RUNNELS COUNTY,399,63 Years,123,60,63,85,38,47,2,0,2,0,0,0,1,1,0,35,21,14
RUNNELS COUNTY,399,64 Years,110,52,58,75,34,41,3,0,3,0,0,0,0,0,0,32,18,14
RUNNELS COUNTY,399,65 Years,116,62,54,81,42,39,3,2,1,0,0,0,1,0,1,31,18,13
RUNNELS COUNTY,399,66 Years,130,66,64,91,44,47,2,1,1,0,0,0,5,3,2,32,18,14
RUNNELS COUNTY,399,67 Years,123,61,62,88,42,46,2,1,1,0,0,0,2,1,1,31,17,14
RUNNELS COUNTY,399,68 Years,108,56,52,79,39,40,2,1,1,0,0,0,0,0,0,27,16,11
RUNNELS COUNTY,399,69 Years,104,57,47,77,40,37,1,1,0,2,2,0,1,1,0,23,13,10
RUNNELS COUNTY,399,70 Years,122,70,52,94,53,41,1,1,0,0,0,0,2,1,1,25,15,10
RUNNELS COUNTY,399,71 Years,115,67,48,92,53,39,1,1,0,0,0,0,1,1,0,21,12,9
RUNNELS COUNTY,399,72 Years,108,56,52,80,43,37,1,0,1,0,0,0,1,0,1,26,13,13
RUNNELS COUNTY,399,73 Years,90,46,44,63,32,31,1,0,1,0,0,0,1,1,0,25,13,12
RUNNELS COUNTY,399,74 Years,86,36,50,63,25,38,1,0,1,0,0,0,1,1,0,21,10,11
RUNNELS COUNTY,399,75 Years,96,46,50,76,35,41,2,1,1,0,0,0,0,0,0,18,10,8
RUNNELS COUNTY,399,76 Years,89,46,43,68,34,34,2,1,1,0,0,0,0,0,0,19,11,8
RUNNELS COUNTY,399,77 Years,89,44,45,67,34,33,2,1,1,0,0,0,0,0,0,20,9,11
RUNNELS COUNTY,399,78 Years,88,42,46,69,35,34,1,1,0,0,0,0,0,0,0,18,6,12
RUNNELS COUNTY,399,79 Years,81,35,46,63,29,34,0,0,0,0,0,0,1,1,0,17,5,12
RUNNELS COUNTY,399,80 Years,71,31,40,51,24,27,1,0,1,0,0,0,1,1,0,18,6,12
RUNNELS COUNTY,399,81 Years,68,29,39,51,24,27,0,0,0,0,0,0,1,0,1,16,5,11
RUNNELS COUNTY,399,82 Years,56,27,29,44,21,23,0,0,0,0,0,0,0,0,0,12,6,6
RUNNELS COUNTY,399,83 Years,57,27,30,45,21,24,0,0,0,0,0,0,1,0,1,11,6,5
RUNNELS COUNTY,399,84 Years,57,24,33,44,18,26,1,1,0,0,0,0,4,1,3,8,4,4
RUNNELS COUNTY,399,85 Years,43,18,25,34,15,19,1,1,0,0,0,0,1,0,1,7,2,5
RUNNELS COUNTY,399,86 Years,35,15,20,28,12,16,1,1,0,0,0,0,0,0,0,6,2,4
RUNNELS COUNTY,399,87 Years,32,15,17,25,11,14,0,0,0,0,0,0,1,1,0,6,3,3
RUNNELS COUNTY,399,88 Years,25,10,15,21,8,13,0,0,0,0,0,0,1,1,0,3,1,2
RUNNELS COUNTY,399,89 Years,25,10,15,23,9,14,0,0,0,0,0,0,0,0,0,2,1,1
RUNNELS COUNTY,399,90 Years,21,9,12,19,8,11,0,0,0,0,0,0,0,0,0,2,1,1
RUNNELS COUNTY,399,91 Years,19,6,13,16,5,11,0,0,0,0,0,0,1,0,1,2,1,1
RUNNELS COUNTY,399,92 Years,16,5,11,13,4,9,0,0,0,0,0,0,1,0,1,2,1,1
RUNNELS COUNTY,399,93 Years,13,5,8,10,3,7,0,0,0,0,0,0,0,0,0,3,2,1
RUNNELS COUNTY,399,94 Years,11,4,7,9,3,6,0,0,0,0,0,0,0,0,0,2,1,1
RUNNELS COUNTY,399,95 Years +,29,11,18,21,7,14,0,0,0,0,0,0,3,1,2,5,3,2
RUSK COUNTY,401,All Ages,53462,28850,24612,33032,17208,15824,8963,5265,3698,239,133,106,1226,627,599,10002,5617,4385
RUSK COUNTY,401,< 1 Year,540,276,264,266,135,131,75,39,36,3,1,2,29,15,14,167,86,81
RUSK COUNTY,401,1 Years,514,262,252,253,129,124,74,37,37,4,2,2,24,13,11,159,81,78
RUSK COUNTY,401,2 Years,519,264,255,259,132,127,75,38,37,3,1,2,24,12,12,158,81,77
RUSK COUNTY,401,3 Years,576,299,277,311,161,150,74,38,36,1,0,1,29,17,12,161,83,78
RUSK COUNTY,401,4 Years,595,308,287,322,168,154,74,35,39,1,0,1,28,16,12,170,89,81
RUSK COUNTY,401,5 Years,596,310,286,313,164,149,75,37,38,2,2,0,32,18,14,174,89,85
RUSK COUNTY,401,6 Years,617,320,297,314,163,151,80,40,40,3,2,1,33,18,15,187,97,90
RUSK COUNTY,401,7 Years,618,318,300,317,161,156,78,41,37,2,2,0,32,17,15,189,97,92
RUSK COUNTY,401,8 Years,622,325,297,321,164,157,78,39,39,4,3,1,28,18,10,191,101,90
RUSK COUNTY,401,9 Years,639,336,303,331,175,156,80,40,40,4,3,1,25,16,9,199,102,97
RUSK COUNTY,401,10 Years,666,351,315,344,183,161,83,42,41,4,3,1,29,17,12,206,106,100
RUSK COUNTY,401,11 Years,685,360,325,355,186,169,86,48,38,4,3,1,27,15,12,213,108,105
RUSK COUNTY,401,12 Years,668,340,328,352,172,180,81,48,33,4,3,1,28,18,10,203,99,104
RUSK COUNTY,401,13 Years,672,336,336,370,180,190,83,48,35,3,3,0,28,17,11,188,88,100
RUSK COUNTY,401,14 Years,693,335,358,392,191,201,88,43,45,2,0,2,29,12,17,182,89,93
RUSK COUNTY,401,15 Years,696,337,359,392,194,198,89,40,49,2,0,2,27,11,16,186,92,94
RUSK COUNTY,401,16 Years,677,331,346,382,187,195,90,44,46,1,0,1,26,11,15,178,89,89
RUSK COUNTY,401,17 Years,673,340,333,362,184,178,99,56,43,2,1,1,21,10,11,189,89,100
RUSK COUNTY,401,18 Years,694,397,297,374,210,164,112,78,34,2,1,1,20,12,8,186,96,90
RUSK COUNTY,401,19 Years,667,370,297,366,198,168,111,75,36,0,0,0,25,11,14,165,86,79
RUSK COUNTY,401,20 Years,744,436,308,413,233,180,131,88,43,2,1,1,28,16,12,170,98,72
RUSK COUNTY,401,21 Years,778,462,316,428,250,178,150,100,50,2,1,1,21,12,9,177,99,78
RUSK COUNTY,401,22 Years,750,450,300,400,237,163,147,99,48,3,1,2,20,12,8,180,101,79
RUSK COUNTY,401,23 Years,710,445,265,363,223,140,139,104,35,3,2,1,26,17,9,179,99,80
RUSK COUNTY,401,24 Years,715,461,254,355,228,127,144,107,37,1,1,0,26,15,11,189,110,79
RUSK COUNTY,401,25 Years,712,444,268,362,224,138,150,109,41,3,2,1,17,5,12,180,104,76
RUSK COUNTY,401,26 Years,705,439,266,384,230,154,143,105,38,5,3,2,14,4,10,159,97,62
RUSK COUNTY,401,27 Years,740,458,282,417,255,162,152,105,47,2,1,1,15,4,11,154,93,61
RUSK COUNTY,401,28 Years,739,467,272,396,238,158,145,103,42,2,1,1,17,10,7,179,115,64
RUSK COUNTY,401,29 Years,740,469,271,403,237,166,148,108,40,3,1,2,20,13,7,166,110,56
RUSK COUNTY,401,30 Years,707,436,271,396,228,168,148,105,43,5,3,2,14,8,6,144,92,52
RUSK COUNTY,401,31 Years,727,445,282,416,241,175,159,111,48,3,3,0,9,4,5,140,86,54
RUSK COUNTY,401,32 Years,715,419,296,414,225,189,135,89,46,5,2,3,8,4,4,153,99,54
RUSK COUNTY,401,33 Years,711,402,309,426,221,205,141,94,47,8,3,5,9,6,3,127,78,49
RUSK COUNTY,401,34 Years,691,394,297,418,223,195,134,87,47,7,3,4,9,6,3,123,75,48
RUSK COUNTY,401,35 Years,668,374,294,393,207,186,120,80,40,12,8,4,9,5,4,134,74,60
RUSK COUNTY,401,36 Years,665,377,288,389,202,187,116,79,37,12,9,3,6,1,5,142,86,56
RUSK COUNTY,401,37 Years,659,379,280,390,205,185,114,77,37,7,5,2,10,6,4,138,86,52
RUSK COUNTY,401,38 Years,645,377,268,390,218,172,103,66,37,3,2,1,8,4,4,141,87,54
RUSK COUNTY,401,39 Years,650,375,275,396,222,174,124,74,50,3,2,1,4,1,3,123,76,47
RUSK COUNTY,401,40 Years,693,396,297,420,229,191,123,77,46,5,3,2,7,3,4,138,84,54
RUSK COUNTY,401,41 Years,696,390,306,427,226,201,113,75,38,5,4,1,6,2,4,145,83,62
RUSK COUNTY,401,42 Years,705,404,301,418,232,186,119,74,45,3,2,1,9,3,6,156,93,63
RUSK COUNTY,401,43 Years,733,420,313,435,232,203,131,90,41,2,0,2,13,7,6,152,91,61
RUSK COUNTY,401,44 Years,699,402,297,415,225,190,131,88,43,2,1,1,11,4,7,140,84,56
RUSK COUNTY,401,45 Years,679,405,274,404,227,177,125,84,41,2,1,1,14,6,8,134,87,47
RUSK COUNTY,401,46 Years,701,415,286,409,225,184,137,89,48,2,1,1,13,7,6,140,93,47
RUSK COUNTY,401,47 Years,702,406,296,409,219,190,132,85,47,2,1,1,8,4,4,151,97,54
RUSK COUNTY,401,48 Years,691,402,289,404,229,175,140,86,54,2,1,1,11,6,5,134,80,54
RUSK COUNTY,401,49 Years,660,388,272,400,237,163,125,73,52,2,1,1,10,4,6,123,73,50
RUSK COUNTY,401,50 Years,643,370,273,384,223,161,131,75,56,3,1,2,6,2,4,119,69,50
RUSK COUNTY,401,51 Years,687,379,308,431,239,192,137,71,66,3,2,1,7,3,4,109,64,45
RUSK COUNTY,401,52 Years,723,396,327,473,252,221,130,75,55,4,2,2,10,5,5,106,62,44
RUSK COUNTY,401,53 Years,650,367,283,419,224,195,113,75,38,5,2,3,11,5,6,102,61,41
RUSK COUNTY,401,54 Years,608,346,262,387,207,180,119,77,42,3,2,1,10,4,6,89,56,33
RUSK COUNTY,401,55 Years,602,333,269,377,195,182,124,79,45,1,1,0,5,1,4,95,57,38
RUSK COUNTY,401,56 Years,597,324,273,377,196,181,122,71,51,2,1,1,8,4,4,88,52,36
RUSK COUNTY,401,57 Years,619,340,279,406,219,187,130,73,57,2,2,0,6,0,6,75,46,29
RUSK COUNTY,401,58 Years,653,352,301,449,238,211,127,69,58,1,1,0,8,2,6,68,42,26
RUSK COUNTY,401,59 Years,671,361,310,451,235,216,134,71,63,2,2,0,12,9,3,72,44,28
RUSK COUNTY,401,60 Years,651,318,333,450,212,238,123,64,59,3,1,2,5,3,2,70,38,32
RUSK COUNTY,401,61 Years,661,314,347,483,231,252,104,47,57,3,1,2,8,2,6,63,33,30
RUSK COUNTY,401,62 Years,709,346,363,499,243,256,116,57,59,2,1,1,16,5,11,76,40,36
RUSK COUNTY,401,63 Years,673,338,335,467,230,237,117,63,54,2,1,1,12,3,9,75,41,34
RUSK COUNTY,401,64 Years,657,337,320,475,241,234,107,58,49,4,2,2,10,5,5,61,31,30
RUSK COUNTY,401,65 Years,654,324,330,472,234,238,108,52,56,4,2,2,8,4,4,62,32,30
RUSK COUNTY,401,66 Years,640,301,339,464,220,244,107,49,58,1,0,1,11,3,8,57,29,28
RUSK COUNTY,401,67 Years,627,307,320,458,224,234,109,52,57,2,0,2,11,5,6,47,26,21
RUSK COUNTY,401,68 Years,607,294,313,451,216,235,99,44,55,2,1,1,10,6,4,45,27,18
RUSK COUNTY,401,69 Years,614,286,328,467,217,250,89,40,49,3,1,2,9,4,5,46,24,22
RUSK COUNTY,401,70 Years,576,262,314,441,205,236,85,35,50,3,1,2,8,3,5,39,18,21
RUSK COUNTY,401,71 Years,519,243,276,401,189,212,73,33,40,2,1,1,9,5,4,34,15,19
RUSK COUNTY,401,72 Years,497,239,258,375,176,199,80,38,42,2,1,1,9,6,3,31,18,13
RUSK COUNTY,401,73 Years,477,232,245,370,179,191,75,34,41,2,1,1,7,5,2,23,13,10
RUSK COUNTY,401,74 Years,475,231,244,376,183,193,65,29,36,1,1,0,7,5,2,26,13,13
RUSK COUNTY,401,75 Years,471,218,253,379,176,203,61,27,34,1,0,1,6,3,3,24,12,12
RUSK COUNTY,401,76 Years,406,182,224,323,145,178,60,25,35,1,0,1,5,3,2,17,9,8
RUSK COUNTY,401,77 Years,375,172,203,307,141,166,45,18,27,2,1,1,4,3,1,17,9,8
RUSK COUNTY,401,78 Years,350,162,188,287,135,152,41,16,25,0,0,0,5,1,4,17,10,7
RUSK COUNTY,401,79 Years,327,150,177,264,122,142,43,18,25,0,0,0,7,3,4,13,7,6
RUSK COUNTY,401,80 Years,293,126,167,242,106,136,36,14,22,1,0,1,7,3,4,7,3,4
RUSK COUNTY,401,81 Years,264,112,152,227,96,131,28,12,16,0,0,0,4,2,2,5,2,3
RUSK COUNTY,401,82 Years,246,112,134,209,93,116,25,13,12,1,0,1,2,2,0,9,4,5
RUSK COUNTY,401,83 Years,200,90,110,169,75,94,21,10,11,0,0,0,3,2,1,7,3,4
RUSK COUNTY,401,84 Years,178,82,96,149,68,81,20,9,11,0,0,0,4,2,2,5,3,2
RUSK COUNTY,401,85 Years,156,68,88,126,55,71,21,8,13,0,0,0,4,3,1,5,2,3
RUSK COUNTY,401,86 Years,140,62,78,115,50,65,16,6,10,1,1,0,2,2,0,6,3,3
RUSK COUNTY,401,87 Years,132,60,72,108,48,60,17,7,10,1,1,0,2,2,0,4,2,2
RUSK COUNTY,401,88 Years,115,49,66,97,42,55,13,5,8,0,0,0,2,1,1,3,1,2
RUSK COUNTY,401,89 Years,105,43,62,82,34,48,15,5,10,0,0,0,3,1,2,5,3,2
RUSK COUNTY,401,90 Years,92,38,54,72,30,42,16,5,11,0,0,0,1,1,0,3,2,1
RUSK COUNTY,401,91 Years,81,27,54,64,23,41,15,3,12,0,0,0,1,0,1,1,1,0
RUSK COUNTY,401,92 Years,68,23,45,56,19,37,9,2,7,0,0,0,1,0,1,2,2,0
RUSK COUNTY,401,93 Years,55,21,34,47,17,30,5,2,3,0,0,0,1,0,1,2,2,0
RUSK COUNTY,401,94 Years,41,16,25,34,12,22,4,2,2,0,0,0,1,0,1,2,2,0
RUSK COUNTY,401,95 Years +,120,45,75,86,28,58,24,10,14,0,0,0,2,1,1,8,6,2
SABINE COUNTY,403,All Ages,10136,5046,5090,8373,4146,4227,807,415,392,37,13,24,370,198,172,549,274,275
SABINE COUNTY,403,< 1 Year,98,52,46,69,37,32,8,4,4,1,0,1,7,4,3,13,7,6
SABINE COUNTY,403,1 Years,94,49,45,65,33,32,8,4,4,0,0,0,6,4,2,15,8,7
SABINE COUNTY,403,2 Years,95,50,45,66,34,32,8,4,4,0,0,0,5,3,2,16,9,7
SABINE COUNTY,403,3 Years,105,57,48,75,41,34,9,4,5,0,0,0,9,7,2,12,5,7
SABINE COUNTY,403,4 Years,102,57,45,72,39,33,10,5,5,0,0,0,13,10,3,7,3,4
SABINE COUNTY,403,5 Years,102,56,46,71,37,34,10,6,4,0,0,0,14,10,4,7,3,4
SABINE COUNTY,403,6 Years,102,56,46,71,37,34,11,7,4,0,0,0,12,8,4,8,4,4
SABINE COUNTY,403,7 Years,101,56,45,70,38,32,10,7,3,0,0,0,10,6,4,11,5,6
SABINE COUNTY,403,8 Years,95,54,41,67,37,30,8,6,2,0,0,0,9,6,3,11,5,6
SABINE COUNTY,403,9 Years,87,46,41,60,32,28,8,4,4,1,1,0,8,5,3,10,4,6
SABINE COUNTY,403,10 Years,88,46,42,61,33,28,9,5,4,0,0,0,9,5,4,9,3,6
SABINE COUNTY,403,11 Years,90,43,47,66,34,32,10,4,6,0,0,0,6,3,3,8,2,6
SABINE COUNTY,403,12 Years,97,38,59,76,29,47,10,4,6,0,0,0,4,3,1,7,2,5
SABINE COUNTY,403,13 Years,98,43,55,70,28,42,8,4,4,0,0,0,9,6,3,11,5,6
SABINE COUNTY,403,14 Years,103,46,57,73,33,40,10,4,6,1,0,1,9,5,4,10,4,6
SABINE COUNTY,403,15 Years,108,52,56,79,41,38,12,5,7,1,0,1,5,3,2,11,3,8
SABINE COUNTY,403,16 Years,117,56,61,83,39,44,16,9,7,1,0,1,5,3,2,12,5,7
SABINE COUNTY,403,17 Years,108,55,53,76,38,38,13,7,6,1,0,1,5,3,2,13,7,6
SABINE COUNTY,403,18 Years,105,50,55,80,36,44,8,4,4,0,0,0,6,4,2,11,6,5
SABINE COUNTY,403,19 Years,103,48,55,79,34,45,9,7,2,0,0,0,5,3,2,10,4,6
SABINE COUNTY,403,20 Years,103,47,56,79,36,43,9,4,5,0,0,0,5,3,2,10,4,6
SABINE COUNTY,403,21 Years,103,49,54,77,38,39,11,5,6,0,0,0,4,1,3,11,5,6
SABINE COUNTY,403,22 Years,99,52,47,72,37,35,11,6,5,0,0,0,6,3,3,10,6,4
SABINE COUNTY,403,23 Years,87,47,40,65,35,30,7,3,4,0,0,0,7,4,3,8,5,3
SABINE COUNTY,403,24 Years,78,39,39,60,31,29,7,2,5,0,0,0,6,3,3,5,3,2
SABINE COUNTY,403,25 Years,79,40,39,61,31,30,8,4,4,0,0,0,3,2,1,7,3,4
SABINE COUNTY,403,26 Years,84,44,40,71,39,32,6,2,4,0,0,0,4,2,2,3,1,2
SABINE COUNTY,403,27 Years,90,46,44,77,42,35,6,2,4,0,0,0,5,1,4,2,1,1
SABINE COUNTY,403,28 Years,92,47,45,74,37,37,7,5,2,0,0,0,5,2,3,6,3,3
SABINE COUNTY,403,29 Years,93,49,44,74,37,37,10,7,3,1,1,0,4,3,1,4,1,3
SABINE COUNTY,403,30 Years,92,52,40,74,39,35,11,8,3,2,2,0,0,0,0,5,3,2
SABINE COUNTY,403,31 Years,84,44,40,68,36,32,7,3,4,1,1,0,2,1,1,6,3,3
SABINE COUNTY,403,32 Years,85,40,45,70,33,37,7,3,4,0,0,0,3,3,0,5,1,4
SABINE COUNTY,403,33 Years,91,40,51,75,37,38,10,2,8,0,0,0,0,0,0,6,1,5
SABINE COUNTY,403,34 Years,90,40,50,74,37,37,7,1,6,0,0,0,2,0,2,7,2,5
SABINE COUNTY,403,35 Years,91,42,49,73,35,38,4,2,2,0,0,0,3,0,3,11,5,6
SABINE COUNTY,403,36 Years,92,51,41,76,42,34,4,2,2,0,0,0,3,1,2,9,6,3
SABINE COUNTY,403,37 Years,79,44,35,67,34,33,4,3,1,0,0,0,1,1,0,7,6,1
SABINE COUNTY,403,38 Years,79,42,37,69,34,35,5,4,1,0,0,0,2,1,1,3,3,0
SABINE COUNTY,403,39 Years,84,45,39,69,37,32,8,4,4,0,0,0,2,1,1,5,3,2
SABINE COUNTY,403,40 Years,87,47,40,68,33,35,7,5,2,0,0,0,2,1,1,10,8,2
SABINE COUNTY,403,41 Years,89,39,50,66,25,41,12,8,4,0,0,0,2,1,1,9,5,4
SABINE COUNTY,403,42 Years,93,36,57,73,28,45,12,5,7,0,0,0,2,1,1,6,2,4
SABINE COUNTY,403,43 Years,94,38,56,79,31,48,7,3,4,0,0,0,3,2,1,5,2,3
SABINE COUNTY,403,44 Years,94,47,47,79,37,42,7,5,2,1,0,1,3,2,1,4,3,1
SABINE COUNTY,403,45 Years,90,47,43,75,35,40,8,6,2,0,0,0,1,0,1,6,6,0
SABINE COUNTY,403,46 Years,85,44,41,72,36,36,5,4,1,1,0,1,1,0,1,6,4,2
SABINE COUNTY,403,47 Years,83,43,40,70,36,34,4,2,2,0,0,0,3,2,1,6,3,3
SABINE COUNTY,403,48 Years,87,46,41,74,37,37,8,5,3,0,0,0,2,1,1,3,3,0
SABINE COUNTY,403,49 Years,95,45,50,74,37,37,12,5,7,0,0,0,3,1,2,6,2,4
SABINE COUNTY,403,50 Years,103,49,54,82,39,43,12,6,6,1,0,1,2,1,1,6,3,3
SABINE COUNTY,403,51 Years,100,50,50,85,43,42,7,4,3,1,0,1,3,1,2,4,2,2
SABINE COUNTY,403,52 Years,116,58,58,96,50,46,10,3,7,2,2,0,2,1,1,6,2,4
SABINE COUNTY,403,53 Years,121,54,67,99,44,55,10,4,6,3,3,0,1,1,0,8,2,6
SABINE COUNTY,403,54 Years,123,54,69,98,45,53,15,5,10,4,2,2,0,0,0,6,2,4
SABINE COUNTY,403,55 Years,117,51,66,85,34,51,23,12,11,3,1,2,1,0,1,5,4,1
SABINE COUNTY,403,56 Years,111,59,52,86,43,43,18,10,8,0,0,0,2,1,1,5,5,0
SABINE COUNTY,403,57 Years,135,70,65,108,56,52,18,9,9,0,0,0,4,2,2,5,3,2
SABINE COUNTY,403,58 Years,155,83,72,128,70,58,14,7,7,1,0,1,5,2,3,7,4,3
SABINE COUNTY,403,59 Years,156,70,86,129,58,71,12,7,5,1,0,1,7,1,6,7,4,3
SABINE COUNTY,403,60 Years,188,88,100,162,76,86,12,7,5,0,0,0,8,2,6,6,3,3
SABINE COUNTY,403,61 Years,198,98,100,175,88,87,13,8,5,1,0,1,4,0,4,5,2,3
SABINE COUNTY,403,62 Years,191,99,92,169,86,83,13,9,4,1,0,1,5,2,3,3,2,1
SABINE COUNTY,403,63 Years,180,90,90,159,79,80,11,7,4,2,0,2,5,2,3,3,2,1
SABINE COUNTY,403,64 Years,176,82,94,153,72,81,14,7,7,1,0,1,5,2,3,3,1,2
SABINE COUNTY,403,65 Years,180,89,91,159,78,81,14,9,5,1,0,1,4,2,2,2,0,2
SABINE COUNTY,403,66 Years,203,107,96,179,92,87,14,8,6,0,0,0,6,4,2,4,3,1
SABINE COUNTY,403,67 Years,182,93,89,161,81,80,12,7,5,1,0,1,4,2,2,4,3,1
SABINE COUNTY,403,68 Years,180,97,83,164,89,75,9,4,5,1,0,1,3,2,1,3,2,1
SABINE COUNTY,403,69 Years,180,97,83,165,88,77,10,5,5,0,0,0,3,2,1,2,2,0
SABINE COUNTY,403,70 Years,174,93,81,158,83,75,11,6,5,0,0,0,2,2,0,3,2,1
SABINE COUNTY,403,71 Years,165,91,74,148,80,68,9,6,3,0,0,0,3,2,1,5,3,2
SABINE COUNTY,403,72 Years,166,87,79,148,76,72,9,7,2,0,0,0,4,2,2,5,2,3
SABINE COUNTY,403,73 Years,159,82,77,140,73,67,8,5,3,0,0,0,4,1,3,7,3,4
SABINE COUNTY,403,74 Years,161,78,83,143,69,74,7,4,3,0,0,0,5,1,4,6,4,2
SABINE COUNTY,403,75 Years,166,84,82,152,75,77,7,5,2,0,0,0,4,1,3,3,3,0
SABINE COUNTY,403,76 Years,154,77,77,138,67,71,9,5,4,0,0,0,6,4,2,1,1,0
SABINE COUNTY,403,77 Years,135,66,69,122,60,62,8,3,5,0,0,0,3,2,1,2,1,1
SABINE COUNTY,403,78 Years,136,63,73,127,61,66,3,0,3,0,0,0,4,1,3,2,1,1
SABINE COUNTY,403,79 Years,125,63,62,118,59,59,4,2,2,0,0,0,2,1,1,1,1,0
SABINE COUNTY,403,80 Years,106,57,49,100,53,47,3,2,1,0,0,0,1,0,1,2,2,0
SABINE COUNTY,403,81 Years,98,51,47,92,49,43,4,1,3,0,0,0,1,0,1,1,1,0
SABINE COUNTY,403,82 Years,90,47,43,82,42,40,3,1,2,0,0,0,3,2,1,2,2,0
SABINE COUNTY,403,83 Years,80,43,37,74,40,34,3,1,2,0,0,0,3,2,1,0,0,0
SABINE COUNTY,403,84 Years,69,34,35,63,31,32,4,2,2,0,0,0,2,1,1,0,0,0
SABINE COUNTY,403,85 Years,60,28,32,56,27,29,3,1,2,0,0,0,1,0,1,0,0,0
SABINE COUNTY,403,86 Years,56,25,31,51,24,27,4,1,3,0,0,0,0,0,0,1,0,1
SABINE COUNTY,403,87 Years,50,21,29,45,20,25,2,1,1,1,0,1,0,0,0,2,0,2
SABINE COUNTY,403,88 Years,40,17,23,37,16,21,2,0,2,0,0,0,1,1,0,0,0,0
SABINE COUNTY,403,89 Years,34,14,20,31,13,18,1,0,1,0,0,0,1,1,0,1,0,1
SABINE COUNTY,403,90 Years,26,11,15,24,11,13,2,0,2,0,0,0,0,0,0,0,0,0
SABINE COUNTY,403,91 Years,24,8,16,20,8,12,2,0,2,0,0,0,0,0,0,2,0,2
SABINE COUNTY,403,92 Years,23,7,16,20,7,13,2,0,2,0,0,0,0,0,0,1,0,1
SABINE COUNTY,403,93 Years,19,6,13,16,6,10,1,0,1,0,0,0,0,0,0,2,0,2
SABINE COUNTY,403,94 Years,16,4,12,14,4,10,2,0,2,0,0,0,0,0,0,0,0,0
SABINE COUNTY,403,95 Years +,39,9,30,28,9,19,7,0,7,0,0,0,1,0,1,3,0,3
SAN AUGUSTINE COUNTY,405,All Ages,7860,3884,3976,5210,2573,2637,1846,869,977,15,3,12,122,64,58,667,375,292
SAN AUGUSTINE COUNTY,405,< 1 Year,84,40,44,46,22,24,18,9,9,0,0,0,5,2,3,15,7,8
SAN AUGUSTINE COUNTY,405,1 Years,84,43,41,48,24,24,17,9,8,0,0,0,4,2,2,15,8,7
SAN AUGUSTINE COUNTY,405,2 Years,87,44,43,51,25,26,17,9,8,0,0,0,4,2,2,15,8,7
SAN AUGUSTINE COUNTY,405,3 Years,86,42,44,50,27,23,19,8,11,0,0,0,3,1,2,14,6,8
SAN AUGUSTINE COUNTY,405,4 Years,84,42,42,51,28,23,18,7,11,0,0,0,2,1,1,13,6,7
SAN AUGUSTINE COUNTY,405,5 Years,86,44,42,50,27,23,20,9,11,0,0,0,3,1,2,13,7,6
SAN AUGUSTINE COUNTY,405,6 Years,85,43,42,49,24,25,19,9,10,0,0,0,3,1,2,14,9,5
SAN AUGUSTINE COUNTY,405,7 Years,87,45,42,50,24,26,20,10,10,0,0,0,3,1,2,14,10,4
SAN AUGUSTINE COUNTY,405,8 Years,84,45,39,51,26,25,20,11,9,0,0,0,1,1,0,12,7,5
SAN AUGUSTINE COUNTY,405,9 Years,90,45,45,53,24,29,22,12,10,0,0,0,1,1,0,14,8,6
SAN AUGUSTINE COUNTY,405,10 Years,97,49,48,54,24,30,24,13,11,0,0,0,1,1,0,18,11,7
SAN AUGUSTINE COUNTY,405,11 Years,97,49,48,51,23,28,25,12,13,0,0,0,1,1,0,20,13,7
SAN AUGUSTINE COUNTY,405,12 Years,75,37,38,38,21,17,21,10,11,0,0,0,4,1,3,12,5,7
SAN AUGUSTINE COUNTY,405,13 Years,86,44,42,44,27,17,28,12,16,0,0,0,2,1,1,12,4,8
SAN AUGUSTINE COUNTY,405,14 Years,91,46,45,48,25,23,29,14,15,0,0,0,1,1,0,13,6,7
SAN AUGUSTINE COUNTY,405,15 Years,91,47,44,50,28,22,28,14,14,0,0,0,0,0,0,13,5,8
SAN AUGUSTINE COUNTY,405,16 Years,89,47,42,48,28,20,25,11,14,0,0,0,0,0,0,16,8,8
SAN AUGUSTINE COUNTY,405,17 Years,87,47,40,45,27,18,27,12,15,0,0,0,1,1,0,14,7,7
SAN AUGUSTINE COUNTY,405,18 Years,80,41,39,39,23,16,26,10,16,1,1,0,3,2,1,11,5,6
SAN AUGUSTINE COUNTY,405,19 Years,78,38,40,41,23,18,23,7,16,1,1,0,3,2,1,10,5,5
SAN AUGUSTINE COUNTY,405,20 Years,77,36,41,41,22,19,24,8,16,0,0,0,2,1,1,10,5,5
SAN AUGUSTINE COUNTY,405,21 Years,77,40,37,41,23,18,24,10,14,0,0,0,1,0,1,11,7,4
SAN AUGUSTINE COUNTY,405,22 Years,70,38,32,39,21,18,20,11,9,0,0,0,1,0,1,10,6,4
SAN AUGUSTINE COUNTY,405,23 Years,67,36,31,43,22,21,15,9,6,0,0,0,2,1,1,7,4,3
SAN AUGUSTINE COUNTY,405,24 Years,66,34,32,42,21,21,16,9,7,1,0,1,2,1,1,5,3,2
SAN AUGUSTINE COUNTY,405,25 Years,59,32,27,37,19,18,17,11,6,0,0,0,1,0,1,4,2,2
SAN AUGUSTINE COUNTY,405,26 Years,63,33,30,38,20,18,17,9,8,0,0,0,2,1,1,6,3,3
SAN AUGUSTINE COUNTY,405,27 Years,78,43,35,52,27,25,18,11,7,0,0,0,2,1,1,6,4,2
SAN AUGUSTINE COUNTY,405,28 Years,78,38,40,53,25,28,17,10,7,0,0,0,1,0,1,7,3,4
SAN AUGUSTINE COUNTY,405,29 Years,86,37,49,58,27,31,17,8,9,1,0,1,3,0,3,7,2,5
SAN AUGUSTINE COUNTY,405,30 Years,86,38,48,58,28,30,18,9,9,0,0,0,2,0,2,8,1,7
SAN AUGUSTINE COUNTY,405,31 Years,89,45,44,63,33,30,21,11,10,0,0,0,0,0,0,5,1,4
SAN AUGUSTINE COUNTY,405,32 Years,86,46,40,56,30,26,25,13,12,0,0,0,0,0,0,5,3,2
SAN AUGUSTINE COUNTY,405,33 Years,75,40,35,46,24,22,22,12,10,1,1,0,1,0,1,5,3,2
SAN AUGUSTINE COUNTY,405,34 Years,76,40,36,49,24,25,22,12,10,0,0,0,1,0,1,4,4,0
SAN AUGUSTINE COUNTY,405,35 Years,73,38,35,43,22,21,23,10,13,0,0,0,2,2,0,5,4,1
SAN AUGUSTINE COUNTY,405,36 Years,74,37,37,42,19,23,20,10,10,0,0,0,2,1,1,10,7,3
SAN AUGUSTINE COUNTY,405,37 Years,73,38,35,39,19,20,18,10,8,0,0,0,2,1,1,14,8,6
SAN AUGUSTINE COUNTY,405,38 Years,71,39,32,38,20,18,20,12,8,0,0,0,1,0,1,12,7,5
SAN AUGUSTINE COUNTY,405,39 Years,74,37,37,42,19,23,19,11,8,0,0,0,2,1,1,11,6,5
SAN AUGUSTINE COUNTY,405,40 Years,72,31,41,39,16,23,24,11,13,1,0,1,1,0,1,7,4,3
SAN AUGUSTINE COUNTY,405,41 Years,64,28,36,35,15,20,21,10,11,1,0,1,0,0,0,7,3,4
SAN AUGUSTINE COUNTY,405,42 Years,71,31,40,38,16,22,21,12,9,1,0,1,0,0,0,11,3,8
SAN AUGUSTINE COUNTY,405,43 Years,76,36,40,46,22,24,21,9,12,0,0,0,0,0,0,9,5,4
SAN AUGUSTINE COUNTY,405,44 Years,80,36,44,50,23,27,19,7,12,0,0,0,0,0,0,11,6,5
SAN AUGUSTINE COUNTY,405,45 Years,69,36,33,39,19,20,20,10,10,0,0,0,1,1,0,9,6,3
SAN AUGUSTINE COUNTY,405,46 Years,71,35,36,43,23,20,22,9,13,0,0,0,0,0,0,6,3,3
SAN AUGUSTINE COUNTY,405,47 Years,71,38,33,48,23,25,16,10,6,0,0,0,0,0,0,7,5,2
SAN AUGUSTINE COUNTY,405,48 Years,69,35,34,51,23,28,10,7,3,0,0,0,0,0,0,8,5,3
SAN AUGUSTINE COUNTY,405,49 Years,77,39,38,59,25,34,12,9,3,0,0,0,0,0,0,6,5,1
SAN AUGUSTINE COUNTY,405,50 Years,81,42,39,60,30,30,16,9,7,0,0,0,2,1,1,3,2,1
SAN AUGUSTINE COUNTY,405,51 Years,86,41,45,63,30,33,15,7,8,0,0,0,3,1,2,5,3,2
SAN AUGUSTINE COUNTY,405,52 Years,85,36,49,60,25,35,19,9,10,0,0,0,1,0,1,5,2,3
SAN AUGUSTINE COUNTY,405,53 Years,86,39,47,57,24,33,25,12,13,0,0,0,0,0,0,4,3,1
SAN AUGUSTINE COUNTY,405,54 Years,89,46,43,54,24,30,26,15,11,0,0,0,0,0,0,9,7,2
SAN AUGUSTINE COUNTY,405,55 Years,99,50,49,61,32,29,28,12,16,1,0,1,2,2,0,7,4,3
SAN AUGUSTINE COUNTY,405,56 Years,108,60,48,65,37,28,32,14,18,1,0,1,2,2,0,8,7,1
SAN AUGUSTINE COUNTY,405,57 Years,114,53,61,74,34,40,30,13,17,0,0,0,2,1,1,8,5,3
SAN AUGUSTINE COUNTY,405,58 Years,116,54,62,78,37,41,27,10,17,0,0,0,4,3,1,7,4,3
SAN AUGUSTINE COUNTY,405,59 Years,130,63,67,89,45,44,33,13,20,0,0,0,3,1,2,5,4,1
SAN AUGUSTINE COUNTY,405,60 Years,125,58,67,82,37,45,32,14,18,1,0,1,4,3,1,6,4,2
SAN AUGUSTINE COUNTY,405,61 Years,133,62,71,96,43,53,27,13,14,1,0,1,2,1,1,7,5,2
SAN AUGUSTINE COUNTY,405,62 Years,132,69,63,97,49,48,27,13,14,0,0,0,3,3,0,5,4,1
SAN AUGUSTINE COUNTY,405,63 Years,147,80,67,103,56,47,35,19,16,0,0,0,3,2,1,6,3,3
SAN AUGUSTINE COUNTY,405,64 Years,158,88,70,107,64,43,41,20,21,2,0,2,2,1,1,6,3,3
SAN AUGUSTINE COUNTY,405,65 Years,153,67,86,112,50,62,35,15,20,1,0,1,2,1,1,3,1,2
SAN AUGUSTINE COUNTY,405,66 Years,132,61,71,96,44,52,33,15,18,0,0,0,1,1,0,2,1,1
SAN AUGUSTINE COUNTY,405,67 Years,120,61,59,86,44,42,27,10,17,0,0,0,1,1,0,6,6,0
SAN AUGUSTINE COUNTY,405,68 Years,111,60,51,80,44,36,20,8,12,0,0,0,1,1,0,10,7,3
SAN AUGUSTINE COUNTY,405,69 Years,113,61,52,85,47,38,22,11,11,0,0,0,0,0,0,6,3,3
SAN AUGUSTINE COUNTY,405,70 Years,116,57,59,88,45,43,25,11,14,0,0,0,0,0,0,3,1,2
SAN AUGUSTINE COUNTY,405,71 Years,112,59,53,88,46,42,21,11,10,0,0,0,0,0,0,3,2,1
SAN AUGUSTINE COUNTY,405,72 Years,111,64,47,87,50,37,18,10,8,0,0,0,0,0,0,6,4,2
SAN AUGUSTINE COUNTY,405,73 Years,102,52,50,82,41,41,17,9,8,0,0,0,0,0,0,3,2,1
SAN AUGUSTINE COUNTY,405,74 Years,99,50,49,76,39,37,20,9,11,0,0,0,0,0,0,3,2,1
SAN AUGUSTINE COUNTY,405,75 Years,113,53,60,89,41,48,20,9,11,0,0,0,2,2,0,2,1,1
SAN AUGUSTINE COUNTY,405,76 Years,94,44,50,76,37,39,15,5,10,0,0,0,1,1,0,2,1,1
SAN AUGUSTINE COUNTY,405,77 Years,84,43,41,67,35,32,14,6,8,0,0,0,0,0,0,3,2,1
SAN AUGUSTINE COUNTY,405,78 Years,81,37,44,67,30,37,11,4,7,0,0,0,0,0,0,3,3,0
SAN AUGUSTINE COUNTY,405,79 Years,85,38,47,73,32,41,10,4,6,0,0,0,0,0,0,2,2,0
SAN AUGUSTINE COUNTY,405,80 Years,71,36,35,60,30,30,10,5,5,0,0,0,0,0,0,1,1,0
SAN AUGUSTINE COUNTY,405,81 Years,62,28,34,51,24,27,10,4,6,0,0,0,0,0,0,1,0,1
SAN AUGUSTINE COUNTY,405,82 Years,60,26,34,49,22,27,10,3,7,0,0,0,0,0,0,1,1,0
SAN AUGUSTINE COUNTY,405,83 Years,57,24,33,47,21,26,9,3,6,0,0,0,1,0,1,0,0,0
SAN AUGUSTINE COUNTY,405,84 Years,49,20,29,42,17,25,5,2,3,0,0,0,2,1,1,0,0,0
SAN AUGUSTINE COUNTY,405,85 Years,36,17,19,31,14,17,4,2,2,0,0,0,1,1,0,0,0,0
SAN AUGUSTINE COUNTY,405,86 Years,38,19,19,32,17,15,6,2,4,0,0,0,0,0,0,0,0,0
SAN AUGUSTINE COUNTY,405,87 Years,37,15,22,31,12,19,5,2,3,0,0,0,0,0,0,1,1,0
SAN AUGUSTINE COUNTY,405,88 Years,31,12,19,26,10,16,4,1,3,0,0,0,0,0,0,1,1,0
SAN AUGUSTINE COUNTY,405,89 Years,28,9,19,22,8,14,5,1,4,0,0,0,0,0,0,1,0,1
SAN AUGUSTINE COUNTY,405,90 Years,24,9,15,19,8,11,5,1,4,0,0,0,0,0,0,0,0,0
SAN AUGUSTINE COUNTY,405,91 Years,23,9,14,18,8,10,5,1,4,0,0,0,0,0,0,0,0,0
SAN AUGUSTINE COUNTY,405,92 Years,20,8,12,15,7,8,4,1,3,0,0,0,0,0,0,1,0,1
SAN AUGUSTINE COUNTY,405,93 Years,16,5,11,12,4,8,4,1,3,0,0,0,0,0,0,0,0,0
SAN AUGUSTINE COUNTY,405,94 Years,14,3,11,10,2,8,4,1,3,0,0,0,0,0,0,0,0,0
SAN AUGUSTINE COUNTY,405,95 Years +,33,8,25,22,7,15,10,1,9,0,0,0,0,0,0,1,0,1
SAN JACINTO COUNTY,407,All Ages,29672,14778,14894,21293,10607,10686,2923,1439,1484,147,57,90,661,341,320,4648,2334,2314
SAN JACINTO COUNTY,407,< 1 Year,326,161,165,182,88,94,28,15,13,2,0,2,18,10,8,96,48,48
SAN JACINTO COUNTY,407,1 Years,308,159,149,172,89,83,31,16,15,1,1,0,14,7,7,90,46,44
SAN JACINTO COUNTY,407,2 Years,310,159,151,175,91,84,31,16,15,1,0,1,13,6,7,90,46,44
SAN JACINTO COUNTY,407,3 Years,317,161,156,196,103,93,27,15,12,1,0,1,20,7,13,73,36,37
SAN JACINTO COUNTY,407,4 Years,317,167,150,199,106,93,27,15,12,0,0,0,19,8,11,72,38,34
SAN JACINTO COUNTY,407,5 Years,324,177,147,202,109,93,32,17,15,1,0,1,14,8,6,75,43,32
SAN JACINTO COUNTY,407,6 Years,324,177,147,204,109,95,32,18,14,1,0,1,9,7,2,78,43,35
SAN JACINTO COUNTY,407,7 Years,327,168,159,202,107,95,34,20,14,1,0,1,13,4,9,77,37,40
SAN JACINTO COUNTY,407,8 Years,336,162,174,209,102,107,31,18,13,2,0,2,11,3,8,83,39,44
SAN JACINTO COUNTY,407,9 Years,342,165,177,207,102,105,30,16,14,3,0,3,15,4,11,87,43,44
SAN JACINTO COUNTY,407,10 Years,339,172,167,205,107,98,31,15,16,3,1,2,14,5,9,86,44,42
SAN JACINTO COUNTY,407,11 Years,341,178,163,209,113,96,30,14,16,4,2,2,11,5,6,87,44,43
SAN JACINTO COUNTY,407,12 Years,383,195,188,241,115,126,32,21,11,3,2,1,7,5,2,100,52,48
SAN JACINTO COUNTY,407,13 Years,363,187,176,230,120,110,36,20,16,2,1,1,13,7,6,82,39,43
SAN JACINTO COUNTY,407,14 Years,377,203,174,234,127,107,37,21,16,1,0,1,14,6,8,91,49,42
SAN JACINTO COUNTY,407,15 Years,388,207,181,244,127,117,35,21,14,2,1,1,11,6,5,96,52,44
SAN JACINTO COUNTY,407,16 Years,381,196,185,235,121,114,40,18,22,1,0,1,13,11,2,92,46,46
SAN JACINTO COUNTY,407,17 Years,380,188,192,233,115,118,48,20,28,1,0,1,13,9,4,85,44,41
SAN JACINTO COUNTY,407,18 Years,350,183,167,221,113,108,35,17,18,5,3,2,11,5,6,78,45,33
SAN JACINTO COUNTY,407,19 Years,332,180,152,205,110,95,28,15,13,6,3,3,11,5,6,82,47,35
SAN JACINTO COUNTY,407,20 Years,330,176,154,200,107,93,27,15,12,4,2,2,13,5,8,86,47,39
SAN JACINTO COUNTY,407,21 Years,326,170,156,197,103,94,27,15,12,1,0,1,12,4,8,89,48,41
SAN JACINTO COUNTY,407,22 Years,307,167,140,187,102,85,28,13,15,0,0,0,9,4,5,83,48,35
SAN JACINTO COUNTY,407,23 Years,278,151,127,179,98,81,37,20,17,0,0,0,8,5,3,54,28,26
SAN JACINTO COUNTY,407,24 Years,286,161,125,184,105,79,35,21,14,0,0,0,8,5,3,59,30,29
SAN JACINTO COUNTY,407,25 Years,289,157,132,180,97,83,34,19,15,0,0,0,8,4,4,67,37,30
SAN JACINTO COUNTY,407,26 Years,318,153,165,206,91,115,39,22,17,2,2,0,7,5,2,64,33,31
SAN JACINTO COUNTY,407,27 Years,334,160,174,225,106,119,42,22,20,3,1,2,6,3,3,58,28,30
SAN JACINTO COUNTY,407,28 Years,305,152,153,200,107,93,31,11,20,3,0,3,8,6,2,63,28,35
SAN JACINTO COUNTY,407,29 Years,318,155,163,205,104,101,34,13,21,2,1,1,12,5,7,65,32,33
SAN JACINTO COUNTY,407,30 Years,321,157,164,223,111,112,32,16,16,2,0,2,10,5,5,54,25,29
SAN JACINTO COUNTY,407,31 Years,335,162,173,236,114,122,32,15,17,2,0,2,6,3,3,59,30,29
SAN JACINTO COUNTY,407,32 Years,332,157,175,229,107,122,30,13,17,2,1,1,8,4,4,63,32,31
SAN JACINTO COUNTY,407,33 Years,329,157,172,229,102,127,30,12,18,1,1,0,6,5,1,63,37,26
SAN JACINTO COUNTY,407,34 Years,330,162,168,221,104,117,30,14,16,0,0,0,5,5,0,74,39,35
SAN JACINTO COUNTY,407,35 Years,316,157,159,204,101,103,31,16,15,1,1,0,4,1,3,76,38,38
SAN JACINTO COUNTY,407,36 Years,274,134,140,192,95,97,33,16,17,0,0,0,2,0,2,47,23,24
SAN JACINTO COUNTY,407,37 Years,264,123,141,194,91,103,31,17,14,0,0,0,1,1,0,38,14,24
SAN JACINTO COUNTY,407,38 Years,302,144,158,223,106,117,28,17,11,0,0,0,5,3,2,46,18,28
SAN JACINTO COUNTY,407,39 Years,309,148,161,215,105,110,35,17,18,1,1,0,7,5,2,51,20,31
SAN JACINTO COUNTY,407,40 Years,291,131,160,204,92,112,30,15,15,1,1,0,6,3,3,50,20,30
SAN JACINTO COUNTY,407,41 Years,280,123,157,196,83,113,25,15,10,2,1,1,5,3,2,52,21,31
SAN JACINTO COUNTY,407,42 Years,291,141,150,210,101,109,27,13,14,2,1,1,6,4,2,46,22,24
SAN JACINTO COUNTY,407,43 Years,304,158,146,216,114,102,31,18,13,1,0,1,4,2,2,52,24,28
SAN JACINTO COUNTY,407,44 Years,316,155,161,229,106,123,36,21,15,1,0,1,4,4,0,46,24,22
SAN JACINTO COUNTY,407,45 Years,287,140,147,208,93,115,30,15,15,3,2,1,5,4,1,41,26,15
SAN JACINTO COUNTY,407,46 Years,304,153,151,213,109,104,25,11,14,2,1,1,2,1,1,62,31,31
SAN JACINTO COUNTY,407,47 Years,311,148,163,224,110,114,22,11,11,2,0,2,2,1,1,61,26,35
SAN JACINTO COUNTY,407,48 Years,328,157,171,234,113,121,33,18,15,2,1,1,3,1,2,56,24,32
SAN JACINTO COUNTY,407,49 Years,352,188,164,257,138,119,40,20,20,1,1,0,5,2,3,49,27,22
SAN JACINTO COUNTY,407,50 Years,377,194,183,278,148,130,38,16,22,1,1,0,3,3,0,57,26,31
SAN JACINTO COUNTY,407,51 Years,351,170,181,261,130,131,39,19,20,1,0,1,6,3,3,44,18,26
SAN JACINTO COUNTY,407,52 Years,367,173,194,266,134,132,47,21,26,3,0,3,5,2,3,46,16,30
SAN JACINTO COUNTY,407,53 Years,368,166,202,261,127,134,34,15,19,4,1,3,3,1,2,66,22,44
SAN JACINTO COUNTY,407,54 Years,338,155,183,237,114,123,31,12,19,3,1,2,3,1,2,64,27,37
SAN JACINTO COUNTY,407,55 Years,313,141,172,235,106,129,26,8,18,2,1,1,3,2,1,47,24,23
SAN JACINTO COUNTY,407,56 Years,344,159,185,267,124,143,31,11,20,4,1,3,3,1,2,39,22,17
SAN JACINTO COUNTY,407,57 Years,377,164,213,272,124,148,38,14,24,3,0,3,5,2,3,59,24,35
SAN JACINTO COUNTY,407,58 Years,419,203,216,304,148,156,48,21,27,1,0,1,8,3,5,58,31,27
SAN JACINTO COUNTY,407,59 Years,462,243,219,350,180,170,54,27,27,1,0,1,7,3,4,50,33,17
SAN JACINTO COUNTY,407,60 Years,468,249,219,362,192,170,49,24,25,1,0,1,11,6,5,45,27,18
SAN JACINTO COUNTY,407,61 Years,462,228,234,356,181,175,51,24,27,1,0,1,12,5,7,42,18,24
SAN JACINTO COUNTY,407,62 Years,491,250,241,384,194,190,56,29,27,0,0,0,11,7,4,40,20,20
SAN JACINTO COUNTY,407,63 Years,514,259,255,404,198,206,56,27,29,5,4,1,11,7,4,38,23,15
SAN JACINTO COUNTY,407,64 Years,496,245,251,390,192,198,54,25,29,3,2,1,10,6,4,39,20,19
SAN JACINTO COUNTY,407,65 Years,505,250,255,401,195,206,50,25,25,1,0,1,7,4,3,46,26,20
SAN JACINTO COUNTY,407,66 Years,493,249,244,399,200,199,47,24,23,0,0,0,6,3,3,41,22,19
SAN JACINTO COUNTY,407,67 Years,478,240,238,378,191,187,58,28,30,2,0,2,5,3,2,35,18,17
SAN JACINTO COUNTY,407,68 Years,456,227,229,365,180,185,49,25,24,1,0,1,8,5,3,33,17,16
SAN JACINTO COUNTY,407,69 Years,442,221,221,365,182,183,37,21,16,0,0,0,6,3,3,34,15,19
SAN JACINTO COUNTY,407,70 Years,438,204,234,358,171,187,33,18,15,2,1,1,6,2,4,39,12,27
SAN JACINTO COUNTY,407,71 Years,413,202,211,330,163,167,38,17,21,3,1,2,8,5,3,34,16,18
SAN JACINTO COUNTY,407,72 Years,418,208,210,343,173,170,37,16,21,4,2,2,9,6,3,25,11,14
SAN JACINTO COUNTY,407,73 Years,389,196,193,334,166,168,28,14,14,3,2,1,8,6,2,16,8,8
SAN JACINTO COUNTY,407,74 Years,357,178,179,311,154,157,26,12,14,2,1,1,6,4,2,12,7,5
SAN JACINTO COUNTY,407,75 Years,356,173,183,304,144,160,26,11,15,3,2,1,6,4,2,17,12,5
SAN JACINTO COUNTY,407,76 Years,303,144,159,256,118,138,22,10,12,1,1,0,7,3,4,17,12,5
SAN JACINTO COUNTY,407,77 Years,282,134,148,242,117,125,22,8,14,1,0,1,5,2,3,12,7,5
SAN JACINTO COUNTY,407,78 Years,243,123,120,205,105,100,24,12,12,2,1,1,2,0,2,10,5,5
SAN JACINTO COUNTY,407,79 Years,232,118,114,195,101,94,23,12,11,2,1,1,4,0,4,8,4,4
SAN JACINTO COUNTY,407,80 Years,217,105,112,187,91,96,20,10,10,1,1,0,3,0,3,6,3,3
SAN JACINTO COUNTY,407,81 Years,193,94,99,168,81,87,17,8,9,0,0,0,2,1,1,6,4,2
SAN JACINTO COUNTY,407,82 Years,169,83,86,147,70,77,15,8,7,1,0,1,1,1,0,5,4,1
SAN JACINTO COUNTY,407,83 Years,153,83,70,133,74,59,13,5,8,1,1,0,1,1,0,5,2,3
SAN JACINTO COUNTY,407,84 Years,129,68,61,112,61,51,10,3,7,0,0,0,2,1,1,5,3,2
SAN JACINTO COUNTY,407,85 Years,111,55,56,96,49,47,10,4,6,0,0,0,1,0,1,4,2,2
SAN JACINTO COUNTY,407,86 Years,105,49,56,91,45,46,9,3,6,1,0,1,1,0,1,3,1,2
SAN JACINTO COUNTY,407,87 Years,98,44,54,85,40,45,8,3,5,0,0,0,0,0,0,5,1,4
SAN JACINTO COUNTY,407,88 Years,87,43,44,77,39,38,6,2,4,0,0,0,1,1,0,3,1,2
SAN JACINTO COUNTY,407,89 Years,73,38,35,61,32,29,7,3,4,0,0,0,1,1,0,4,2,2
SAN JACINTO COUNTY,407,90 Years,60,28,32,49,23,26,6,3,3,1,0,1,0,0,0,4,2,2
SAN JACINTO COUNTY,407,91 Years,48,23,25,39,17,22,5,3,2,0,0,0,1,1,0,3,2,1
SAN JACINTO COUNTY,407,92 Years,34,16,18,28,14,14,5,2,3,0,0,0,0,0,0,1,0,1
SAN JACINTO COUNTY,407,93 Years,29,12,17,23,9,14,4,1,3,0,0,0,1,1,0,1,1,0
SAN JACINTO COUNTY,407,94 Years,25,9,16,20,7,13,3,1,2,0,0,0,0,0,0,2,1,1
SAN JACINTO COUNTY,407,95 Years +,57,20,37,39,14,25,13,5,8,0,0,0,1,0,1,4,1,3
SAN PATRICIO COUNTY,409,All Ages,69767,35275,34492,25622,12937,12685,993,573,420,590,262,328,1028,534,494,41534,20969,20565
SAN PATRICIO COUNTY,409,< 1 Year,858,440,418,234,118,116,15,8,7,6,4,2,26,14,12,577,296,281
SAN PATRICIO COUNTY,409,1 Years,851,436,415,226,116,110,15,8,7,6,3,3,22,12,10,582,297,285
SAN PATRICIO COUNTY,409,2 Years,858,440,418,231,118,113,16,9,7,6,4,2,21,11,10,584,298,286
SAN PATRICIO COUNTY,409,3 Years,909,467,442,246,125,121,11,5,6,4,3,1,16,9,7,632,325,307
SAN PATRICIO COUNTY,409,4 Years,937,487,450,258,132,126,10,5,5,5,4,1,19,12,7,645,334,311
SAN PATRICIO COUNTY,409,5 Years,996,513,483,272,138,134,12,6,6,5,2,3,21,13,8,686,354,332
SAN PATRICIO COUNTY,409,6 Years,1045,535,510,279,142,137,14,8,6,5,1,4,24,13,11,723,371,352
SAN PATRICIO COUNTY,409,7 Years,1089,552,537,286,143,143,16,10,6,6,4,2,22,11,11,759,384,375
SAN PATRICIO COUNTY,409,8 Years,1086,563,523,281,150,131,13,8,5,8,4,4,19,10,9,765,391,374
SAN PATRICIO COUNTY,409,9 Years,1060,554,506,283,154,129,12,6,6,9,5,4,18,10,8,738,379,359
SAN PATRICIO COUNTY,409,10 Years,1018,543,475,280,155,125,11,5,6,9,5,4,17,10,7,701,368,333
SAN PATRICIO COUNTY,409,11 Years,996,528,468,280,151,129,9,4,5,7,4,3,19,11,8,681,358,323
SAN PATRICIO COUNTY,409,12 Years,1050,554,496,291,145,146,13,7,6,6,5,1,17,11,6,723,386,337
SAN PATRICIO COUNTY,409,13 Years,1050,549,501,297,147,150,14,5,9,6,5,1,21,11,10,712,381,331
SAN PATRICIO COUNTY,409,14 Years,1015,529,486,299,161,138,10,1,9,8,5,3,17,7,10,681,355,326
SAN PATRICIO COUNTY,409,15 Years,1020,533,487,313,171,142,10,2,8,8,7,1,18,5,13,671,348,323
SAN PATRICIO COUNTY,409,16 Years,996,506,490,293,150,143,10,3,7,10,6,4,17,6,11,666,341,325
SAN PATRICIO COUNTY,409,17 Years,1038,527,511,288,148,140,11,7,4,9,5,4,26,13,13,704,354,350
SAN PATRICIO COUNTY,409,18 Years,1032,524,508,285,155,130,13,8,5,4,2,2,26,13,13,704,346,358
SAN PATRICIO COUNTY,409,19 Years,958,493,465,282,152,130,16,10,6,7,2,5,19,13,6,634,316,318
SAN PATRICIO COUNTY,409,20 Years,953,479,474,287,146,141,15,9,6,7,3,4,21,12,9,623,309,314
SAN PATRICIO COUNTY,409,21 Years,964,498,466,281,157,124,12,7,5,7,2,5,18,9,9,646,323,323
SAN PATRICIO COUNTY,409,22 Years,896,470,426,244,137,107,12,6,6,5,1,4,18,9,9,617,317,300
SAN PATRICIO COUNTY,409,23 Years,785,394,391,228,122,106,10,4,6,10,1,9,15,8,7,522,259,263
SAN PATRICIO COUNTY,409,24 Years,755,395,360,230,125,105,11,7,4,13,8,5,11,5,6,490,250,240
SAN PATRICIO COUNTY,409,25 Years,792,432,360,248,137,111,9,8,1,9,7,2,16,7,9,510,273,237
SAN PATRICIO COUNTY,409,26 Years,846,450,396,273,142,131,8,6,2,7,5,2,15,8,7,543,289,254
SAN PATRICIO COUNTY,409,27 Years,910,494,416,314,168,146,14,9,5,4,4,0,15,8,7,563,305,258
SAN PATRICIO COUNTY,409,28 Years,867,467,400,306,161,145,19,12,7,5,4,1,20,12,8,517,278,239
SAN PATRICIO COUNTY,409,29 Years,862,452,410,301,153,148,22,12,10,10,4,6,18,13,5,511,270,241
SAN PATRICIO COUNTY,409,30 Years,886,470,416,304,162,142,18,10,8,7,2,5,12,8,4,545,288,257
SAN PATRICIO COUNTY,409,31 Years,896,472,424,314,166,148,16,10,6,8,5,3,7,3,4,551,288,263
SAN PATRICIO COUNTY,409,32 Years,923,486,437,322,172,150,13,8,5,6,3,3,9,6,3,573,297,276
SAN PATRICIO COUNTY,409,33 Years,983,528,455,318,160,158,19,8,11,7,4,3,9,7,2,630,349,281
SAN PATRICIO COUNTY,409,34 Years,965,511,454,333,166,167,17,11,6,9,2,7,9,6,3,597,326,271
SAN PATRICIO COUNTY,409,35 Years,971,506,465,339,168,171,18,13,5,10,4,6,13,7,6,591,314,277
SAN PATRICIO COUNTY,409,36 Years,922,468,454,315,159,156,13,9,4,6,3,3,16,7,9,572,290,282
SAN PATRICIO COUNTY,409,37 Years,909,473,436,310,166,144,18,10,8,5,2,3,10,4,6,566,291,275
SAN PATRICIO COUNTY,409,38 Years,962,497,465,335,181,154,17,11,6,8,3,5,12,4,8,590,298,292
SAN PATRICIO COUNTY,409,39 Years,992,491,501,363,185,178,19,13,6,7,2,5,14,8,6,589,283,306
SAN PATRICIO COUNTY,409,40 Years,969,478,491,346,169,177,18,10,8,7,1,6,10,7,3,588,291,297
SAN PATRICIO COUNTY,409,41 Years,935,473,462,335,170,165,14,8,6,11,5,6,10,5,5,565,285,280
SAN PATRICIO COUNTY,409,42 Years,940,475,465,332,166,166,12,7,5,11,3,8,11,5,6,574,294,280
SAN PATRICIO COUNTY,409,43 Years,966,510,456,325,164,161,15,12,3,8,4,4,7,4,3,611,326,285
SAN PATRICIO COUNTY,409,44 Years,908,474,434,310,161,149,15,9,6,9,4,5,6,4,2,568,296,272
SAN PATRICIO COUNTY,409,45 Years,869,448,421,306,157,149,12,7,5,11,2,9,9,5,4,531,277,254
SAN PATRICIO COUNTY,409,46 Years,853,452,401,287,152,135,16,12,4,12,4,8,9,5,4,529,279,250
SAN PATRICIO COUNTY,409,47 Years,807,425,382,274,142,132,11,8,3,10,4,6,11,5,6,501,266,235
SAN PATRICIO COUNTY,409,48 Years,769,404,365,261,134,127,8,4,4,9,5,4,11,6,5,480,255,225
SAN PATRICIO COUNTY,409,49 Years,792,410,382,282,145,137,9,4,5,8,5,3,8,4,4,485,252,233
SAN PATRICIO COUNTY,409,50 Years,812,412,400,302,158,144,13,6,7,9,2,7,7,3,4,481,243,238
SAN PATRICIO COUNTY,409,51 Years,836,425,411,309,158,151,17,12,5,9,4,5,6,2,4,495,249,246
SAN PATRICIO COUNTY,409,52 Years,835,415,420,322,152,170,15,10,5,8,4,4,7,4,3,483,245,238
SAN PATRICIO COUNTY,409,53 Years,761,383,378,302,146,156,11,7,4,7,4,3,5,3,2,436,223,213
SAN PATRICIO COUNTY,409,54 Years,725,350,375,280,141,139,9,7,2,8,3,5,9,4,5,419,195,224
SAN PATRICIO COUNTY,409,55 Years,711,347,364,279,143,136,12,9,3,6,3,3,7,2,5,407,190,217
SAN PATRICIO COUNTY,409,56 Years,752,367,385,317,165,152,11,8,3,4,1,3,6,1,5,414,192,222
SAN PATRICIO COUNTY,409,57 Years,797,380,417,352,177,175,11,7,4,6,2,4,5,2,3,423,192,231
SAN PATRICIO COUNTY,409,58 Years,821,397,424,372,190,182,12,7,5,9,4,5,6,1,5,422,195,227
SAN PATRICIO COUNTY,409,59 Years,827,415,412,379,191,188,12,7,5,11,5,6,9,4,5,416,208,208
SAN PATRICIO COUNTY,409,60 Years,828,402,426,386,191,195,12,7,5,10,3,7,9,5,4,411,196,215
SAN PATRICIO COUNTY,409,61 Years,832,414,418,413,216,197,12,7,5,8,3,5,9,4,5,390,184,206
SAN PATRICIO COUNTY,409,62 Years,820,399,421,408,204,204,9,5,4,7,3,4,12,5,7,384,182,202
SAN PATRICIO COUNTY,409,63 Years,773,378,395,394,194,200,9,5,4,10,2,8,11,5,6,349,172,177
SAN PATRICIO COUNTY,409,64 Years,732,354,378,378,184,194,14,8,6,12,4,8,10,4,6,318,154,164
SAN PATRICIO COUNTY,409,65 Years,706,348,358,361,179,182,12,7,5,8,3,5,14,6,8,311,153,158
SAN PATRICIO COUNTY,409,66 Years,701,344,357,347,172,175,14,8,6,6,2,4,11,4,7,323,158,165
SAN PATRICIO COUNTY,409,67 Years,706,358,348,342,176,166,14,8,6,4,1,3,10,4,6,336,169,167
SAN PATRICIO COUNTY,409,68 Years,690,341,349,339,170,169,11,7,4,7,2,5,9,4,5,324,158,166
SAN PATRICIO COUNTY,409,69 Years,661,326,335,326,168,158,9,5,4,7,2,5,9,4,5,310,147,163
SAN PATRICIO COUNTY,409,70 Years,613,306,307,320,163,157,7,4,3,6,2,4,7,5,2,273,132,141
SAN PATRICIO COUNTY,409,71 Years,592,285,307,305,147,158,4,2,2,6,2,4,8,6,2,269,128,141
SAN PATRICIO COUNTY,409,72 Years,596,286,310,307,147,160,5,2,3,6,2,4,6,4,2,272,131,141
SAN PATRICIO COUNTY,409,73 Years,553,257,296,289,134,155,6,3,3,3,1,2,6,5,1,249,114,135
SAN PATRICIO COUNTY,409,74 Years,549,258,291,294,141,153,5,3,2,2,1,1,9,5,4,239,108,131
SAN PATRICIO COUNTY,409,75 Years,550,250,300,303,142,161,6,3,3,2,1,1,8,5,3,231,99,132
SAN PATRICIO COUNTY,409,76 Years,468,209,259,242,110,132,4,1,3,4,1,3,7,4,3,211,93,118
SAN PATRICIO COUNTY,409,77 Years,433,192,241,228,101,127,4,2,2,5,1,4,3,1,2,193,87,106
SAN PATRICIO COUNTY,409,78 Years,440,198,242,233,101,132,5,3,2,6,1,5,4,2,2,192,91,101
SAN PATRICIO COUNTY,409,79 Years,401,176,225,216,93,123,5,4,1,4,1,3,4,1,3,172,77,95
SAN PATRICIO COUNTY,409,80 Years,332,145,187,190,85,105,3,1,2,2,1,1,6,3,3,131,55,76
SAN PATRICIO COUNTY,409,81 Years,304,133,171,177,82,95,3,2,1,1,1,0,5,3,2,118,45,73
SAN PATRICIO COUNTY,409,82 Years,272,120,152,152,68,84,3,1,2,2,1,1,2,1,1,113,49,64
SAN PATRICIO COUNTY,409,83 Years,231,97,134,134,56,78,2,0,2,1,0,1,1,1,0,93,40,53
SAN PATRICIO COUNTY,409,84 Years,221,90,131,135,56,79,2,0,2,1,1,0,1,1,0,82,32,50
SAN PATRICIO COUNTY,409,85 Years,189,84,105,115,52,63,2,1,1,1,1,0,0,0,0,71,30,41
SAN PATRICIO COUNTY,409,86 Years,163,70,93,99,46,53,2,1,1,0,0,0,0,0,0,62,23,39
SAN PATRICIO COUNTY,409,87 Years,159,67,92,94,40,54,3,2,1,0,0,0,0,0,0,62,25,37
SAN PATRICIO COUNTY,409,88 Years,129,53,76,76,31,45,0,0,0,1,1,0,0,0,0,52,21,31
SAN PATRICIO COUNTY,409,89 Years,104,43,61,59,25,34,1,1,0,0,0,0,0,0,0,44,17,27
SAN PATRICIO COUNTY,409,90 Years,93,35,58,51,20,31,0,0,0,0,0,0,1,0,1,41,15,26
SAN PATRICIO COUNTY,409,91 Years,78,26,52,41,14,27,0,0,0,0,0,0,1,0,1,36,12,24
SAN PATRICIO COUNTY,409,92 Years,62,21,41,32,12,20,0,0,0,0,0,0,1,0,1,29,9,20
SAN PATRICIO COUNTY,409,93 Years,48,17,31,27,10,17,0,0,0,0,0,0,0,0,0,21,7,14
SAN PATRICIO COUNTY,409,94 Years,40,14,26,20,8,12,0,0,0,0,0,0,0,0,0,20,6,14
SAN PATRICIO COUNTY,409,95 Years +,112,33,79,48,14,34,1,1,0,1,0,1,2,0,2,60,18,42
SAN SABA COUNTY,411,All Ages,5832,3184,2648,3649,1881,1768,200,189,11,5,3,2,84,34,50,1894,1077,817
SAN SABA COUNTY,411,< 1 Year,59,29,30,28,14,14,1,0,1,0,0,0,2,1,1,28,14,14
SAN SABA COUNTY,411,1 Years,58,30,28,28,14,14,1,1,0,0,0,0,2,1,1,27,14,13
SAN SABA COUNTY,411,2 Years,59,31,28,28,14,14,1,1,0,0,0,0,2,1,1,28,15,13
SAN SABA COUNTY,411,3 Years,70,33,37,32,15,17,0,0,0,0,0,0,1,0,1,37,18,19
SAN SABA COUNTY,411,4 Years,65,30,35,31,14,17,0,0,0,0,0,0,0,0,0,34,16,18
SAN SABA COUNTY,411,5 Years,62,30,32,29,14,15,0,0,0,0,0,0,0,0,0,33,16,17
SAN SABA COUNTY,411,6 Years,65,35,30,29,14,15,0,0,0,0,0,0,5,5,0,31,16,15
SAN SABA COUNTY,411,7 Years,64,33,31,28,14,14,0,0,0,0,0,0,1,1,0,35,18,17
SAN SABA COUNTY,411,8 Years,61,33,28,27,15,12,0,0,0,0,0,0,0,0,0,34,18,16
SAN SABA COUNTY,411,9 Years,62,31,31,28,16,12,0,0,0,0,0,0,0,0,0,34,15,19
SAN SABA COUNTY,411,10 Years,62,30,32,29,18,11,0,0,0,0,0,0,0,0,0,33,12,21
SAN SABA COUNTY,411,11 Years,63,31,32,29,18,11,0,0,0,0,0,0,3,2,1,31,11,20
SAN SABA COUNTY,411,12 Years,63,33,30,32,15,17,0,0,0,0,0,0,1,1,0,30,17,13
SAN SABA COUNTY,411,13 Years,61,32,29,30,15,15,2,2,0,0,0,0,1,0,1,28,15,13
SAN SABA COUNTY,411,14 Years,63,29,34,28,13,15,0,0,0,0,0,0,2,1,1,33,15,18
SAN SABA COUNTY,411,15 Years,69,35,34,37,19,18,1,1,0,0,0,0,2,1,1,29,14,15
SAN SABA COUNTY,411,16 Years,65,31,34,35,17,18,2,1,1,0,0,0,2,1,1,26,12,14
SAN SABA COUNTY,411,17 Years,56,25,31,26,12,14,2,0,2,0,0,0,2,1,1,26,12,14
SAN SABA COUNTY,411,18 Years,78,44,34,43,25,18,0,0,0,0,0,0,2,1,1,33,18,15
SAN SABA COUNTY,411,19 Years,79,50,29,45,27,18,4,3,1,0,0,0,1,0,1,29,20,9
SAN SABA COUNTY,411,20 Years,97,68,29,49,32,17,9,7,2,0,0,0,1,0,1,38,29,9
SAN SABA COUNTY,411,21 Years,96,69,27,40,26,14,13,11,2,0,0,0,1,0,1,42,32,10
SAN SABA COUNTY,411,22 Years,88,64,24,46,32,14,7,7,0,0,0,0,1,0,1,34,25,9
SAN SABA COUNTY,411,23 Years,85,67,18,42,32,10,9,9,0,0,0,0,1,0,1,33,26,7
SAN SABA COUNTY,411,24 Years,87,70,17,36,27,9,19,19,0,0,0,0,1,0,1,31,24,7
SAN SABA COUNTY,411,25 Years,104,82,22,46,34,12,13,13,0,0,0,0,2,0,2,43,35,8
SAN SABA COUNTY,411,26 Years,97,74,23,41,29,12,14,14,0,0,0,0,1,0,1,41,31,10
SAN SABA COUNTY,411,27 Years,90,67,23,43,30,13,11,11,0,0,0,0,1,0,1,35,26,9
SAN SABA COUNTY,411,28 Years,85,61,24,44,31,13,11,11,0,1,1,0,0,0,0,29,18,11
SAN SABA COUNTY,411,29 Years,91,66,25,46,33,13,12,12,0,1,1,0,1,0,1,31,20,11
SAN SABA COUNTY,411,30 Years,81,57,24,38,25,13,10,10,0,0,0,0,1,0,1,32,22,10
SAN SABA COUNTY,411,31 Years,83,56,27,40,26,14,11,11,0,0,0,0,2,0,2,30,19,11
SAN SABA COUNTY,411,32 Years,75,48,27,37,23,14,5,5,0,0,0,0,1,0,1,32,20,12
SAN SABA COUNTY,411,33 Years,67,38,29,37,17,20,7,7,0,1,1,0,0,0,0,22,13,9
SAN SABA COUNTY,411,34 Years,65,41,24,34,21,13,8,8,0,0,0,0,0,0,0,23,12,11
SAN SABA COUNTY,411,35 Years,59,33,26,30,16,14,7,7,0,0,0,0,2,0,2,20,10,10
SAN SABA COUNTY,411,36 Years,54,28,26,29,14,15,2,2,0,0,0,0,0,0,0,23,12,11
SAN SABA COUNTY,411,37 Years,51,32,19,26,15,11,1,1,0,0,0,0,0,0,0,24,16,8
SAN SABA COUNTY,411,38 Years,55,32,23,32,16,16,1,1,0,0,0,0,0,0,0,22,15,7
SAN SABA COUNTY,411,39 Years,57,33,24,28,14,14,2,2,0,0,0,0,1,0,1,26,17,9
SAN SABA COUNTY,411,40 Years,51,28,23,22,11,11,2,2,0,0,0,0,1,0,1,26,15,11
SAN SABA COUNTY,411,41 Years,61,31,30,31,14,17,2,2,0,0,0,0,1,0,1,27,15,12
SAN SABA COUNTY,411,42 Years,54,31,23,29,14,15,2,2,0,0,0,0,0,0,0,23,15,8
SAN SABA COUNTY,411,43 Years,44,25,19,25,13,12,1,1,0,0,0,0,1,1,0,17,10,7
SAN SABA COUNTY,411,44 Years,48,26,22,30,14,16,0,0,0,0,0,0,1,1,0,17,11,6
SAN SABA COUNTY,411,45 Years,48,19,29,29,11,18,0,0,0,0,0,0,2,1,1,17,7,10
SAN SABA COUNTY,411,46 Years,40,14,26,27,10,17,0,0,0,0,0,0,0,0,0,13,4,9
SAN SABA COUNTY,411,47 Years,56,26,30,38,17,21,0,0,0,0,0,0,0,0,0,18,9,9
SAN SABA COUNTY,411,48 Years,55,31,24,37,20,17,0,0,0,0,0,0,0,0,0,18,11,7
SAN SABA COUNTY,411,49 Years,55,33,22,33,20,13,1,1,0,0,0,0,0,0,0,21,12,9
SAN SABA COUNTY,411,50 Years,54,27,27,33,19,14,0,0,0,1,0,1,1,0,1,19,8,11
SAN SABA COUNTY,411,51 Years,53,28,25,36,20,16,0,0,0,0,0,0,2,0,2,15,8,7
SAN SABA COUNTY,411,52 Years,62,32,30,43,23,20,0,0,0,0,0,0,1,0,1,18,9,9
SAN SABA COUNTY,411,53 Years,69,35,34,48,24,24,1,1,0,0,0,0,0,0,0,20,10,10
SAN SABA COUNTY,411,54 Years,60,31,29,40,20,20,1,1,0,0,0,0,0,0,0,19,10,9
SAN SABA COUNTY,411,55 Years,50,23,27,33,14,19,1,1,0,0,0,0,0,0,0,16,8,8
SAN SABA COUNTY,411,56 Years,60,36,24,41,25,16,0,0,0,0,0,0,0,0,0,19,11,8
SAN SABA COUNTY,411,57 Years,71,41,30,49,29,20,0,0,0,0,0,0,0,0,0,22,12,10
SAN SABA COUNTY,411,58 Years,79,38,41,63,29,34,0,0,0,0,0,0,0,0,0,16,9,7
SAN SABA COUNTY,411,59 Years,78,35,43,64,26,38,0,0,0,0,0,0,0,0,0,14,9,5
SAN SABA COUNTY,411,60 Years,74,31,43,51,20,31,0,0,0,0,0,0,3,1,2,20,10,10
SAN SABA COUNTY,411,61 Years,78,33,45,53,21,32,0,0,0,0,0,0,2,1,1,23,11,12
SAN SABA COUNTY,411,62 Years,77,35,42,55,25,30,0,0,0,0,0,0,2,0,2,20,10,10
SAN SABA COUNTY,411,63 Years,86,43,43,66,31,35,0,0,0,0,0,0,1,1,0,19,11,8
SAN SABA COUNTY,411,64 Years,86,43,43,68,31,37,0,0,0,0,0,0,1,0,1,17,12,5
SAN SABA COUNTY,411,65 Years,78,34,44,60,24,36,0,0,0,1,0,1,2,1,1,15,9,6
SAN SABA COUNTY,411,66 Years,76,30,46,60,25,35,0,0,0,0,0,0,2,1,1,14,4,10
SAN SABA COUNTY,411,67 Years,73,30,43,60,26,34,0,0,0,0,0,0,1,0,1,12,4,8
SAN SABA COUNTY,411,68 Years,76,38,38,61,31,30,0,0,0,0,0,0,1,1,0,14,6,8
SAN SABA COUNTY,411,69 Years,71,35,36,58,28,30,0,0,0,0,0,0,0,0,0,13,7,6
SAN SABA COUNTY,411,70 Years,71,35,36,58,25,33,1,1,0,0,0,0,1,1,0,11,8,3
SAN SABA COUNTY,411,71 Years,74,37,37,63,31,32,0,0,0,0,0,0,0,0,0,11,6,5
SAN SABA COUNTY,411,72 Years,69,36,33,60,32,28,0,0,0,0,0,0,1,0,1,8,4,4
SAN SABA COUNTY,411,73 Years,62,33,29,55,29,26,0,0,0,0,0,0,1,1,0,6,3,3
SAN SABA COUNTY,411,74 Years,69,33,36,60,29,31,0,0,0,0,0,0,3,1,2,6,3,3
SAN SABA COUNTY,411,75 Years,78,39,39,66,34,32,0,0,0,0,0,0,3,1,2,9,4,5
SAN SABA COUNTY,411,76 Years,70,36,34,58,30,28,0,0,0,0,0,0,1,1,0,11,5,6
SAN SABA COUNTY,411,77 Years,60,33,27,50,27,23,0,0,0,0,0,0,1,1,0,9,5,4
SAN SABA COUNTY,411,78 Years,62,29,33,52,23,29,0,0,0,0,0,0,1,1,0,9,5,4
SAN SABA COUNTY,411,79 Years,55,25,30,48,21,27,0,0,0,0,0,0,1,1,0,6,3,3
SAN SABA COUNTY,411,80 Years,43,19,24,38,17,21,0,0,0,0,0,0,0,0,0,5,2,3
SAN SABA COUNTY,411,81 Years,46,23,23,42,21,21,0,0,0,0,0,0,0,0,0,4,2,2
SAN SABA COUNTY,411,82 Years,37,19,18,32,16,16,0,0,0,0,0,0,0,0,0,5,3,2
SAN SABA COUNTY,411,83 Years,32,16,16,26,13,13,0,0,0,0,0,0,0,0,0,6,3,3
SAN SABA COUNTY,411,84 Years,33,15,18,30,13,17,0,0,0,0,0,0,0,0,0,3,2,1
SAN SABA COUNTY,411,85 Years,29,13,16,26,12,14,0,0,0,0,0,0,0,0,0,3,1,2
SAN SABA COUNTY,411,86 Years,23,12,11,21,11,10,0,0,0,0,0,0,0,0,0,2,1,1
SAN SABA COUNTY,411,87 Years,26,9,17,25,9,16,0,0,0,0,0,0,0,0,0,1,0,1
SAN SABA COUNTY,411,88 Years,24,8,16,22,7,15,1,0,1,0,0,0,0,0,0,1,1,0
SAN SABA COUNTY,411,89 Years,19,6,13,18,6,12,1,0,1,0,0,0,0,0,0,0,0,0
SAN SABA COUNTY,411,90 Years,18,6,12,17,6,11,0,0,0,0,0,0,0,0,0,1,0,1
SAN SABA COUNTY,411,91 Years,13,4,9,12,4,8,0,0,0,0,0,0,0,0,0,1,0,1
SAN SABA COUNTY,411,92 Years,12,4,8,12,4,8,0,0,0,0,0,0,0,0,0,0,0,0
SAN SABA COUNTY,411,93 Years,9,3,6,9,3,6,0,0,0,0,0,0,0,0,0,0,0,0
SAN SABA COUNTY,411,94 Years,7,3,4,7,3,4,0,0,0,0,0,0,0,0,0,0,0,0
SAN SABA COUNTY,411,95 Years +,17,5,12,13,4,9,0,0,0,0,0,0,0,0,0,4,1,3
SCHLEICHER COUNTY,413,All Ages,2389,1175,1214,1005,496,509,15,6,9,1,0,1,7,1,6,1361,672,689
SCHLEICHER COUNTY,413,< 1 Year,32,14,18,7,3,4,1,0,1,1,0,1,1,0,1,22,11,11
SCHLEICHER COUNTY,413,1 Years,36,17,19,9,4,5,1,0,1,0,0,0,2,1,1,24,12,12
SCHLEICHER COUNTY,413,2 Years,36,18,18,10,6,4,1,0,1,0,0,0,1,0,1,24,12,12
SCHLEICHER COUNTY,413,3 Years,26,14,12,7,4,3,0,0,0,0,0,0,0,0,0,19,10,9
SCHLEICHER COUNTY,413,4 Years,20,10,10,5,2,3,0,0,0,0,0,0,0,0,0,15,8,7
SCHLEICHER COUNTY,413,5 Years,21,11,10,6,2,4,0,0,0,0,0,0,0,0,0,15,9,6
SCHLEICHER COUNTY,413,6 Years,17,10,7,7,3,4,0,0,0,0,0,0,0,0,0,10,7,3
SCHLEICHER COUNTY,413,7 Years,22,11,11,7,3,4,0,0,0,0,0,0,0,0,0,15,8,7
SCHLEICHER COUNTY,413,8 Years,26,12,14,8,3,5,0,0,0,0,0,0,0,0,0,18,9,9
SCHLEICHER COUNTY,413,9 Years,33,14,19,8,3,5,0,0,0,0,0,0,0,0,0,25,11,14
SCHLEICHER COUNTY,413,10 Years,33,15,18,9,4,5,0,0,0,0,0,0,0,0,0,24,11,13
SCHLEICHER COUNTY,413,11 Years,29,12,17,7,3,4,0,0,0,0,0,0,0,0,0,22,9,13
SCHLEICHER COUNTY,413,12 Years,36,18,18,10,5,5,0,0,0,0,0,0,0,0,0,26,13,13
SCHLEICHER COUNTY,413,13 Years,38,19,19,16,8,8,0,0,0,0,0,0,0,0,0,22,11,11
SCHLEICHER COUNTY,413,14 Years,36,15,21,15,5,10,0,0,0,0,0,0,0,0,0,21,10,11
SCHLEICHER COUNTY,413,15 Years,39,19,20,14,7,7,1,1,0,0,0,0,0,0,0,24,11,13
SCHLEICHER COUNTY,413,16 Years,36,21,15,13,8,5,1,1,0,0,0,0,0,0,0,22,12,10
SCHLEICHER COUNTY,413,17 Years,35,20,15,12,7,5,0,0,0,0,0,0,0,0,0,23,13,10
SCHLEICHER COUNTY,413,18 Years,34,18,16,11,7,4,0,0,0,0,0,0,0,0,0,23,11,12
SCHLEICHER COUNTY,413,19 Years,31,16,15,10,5,5,0,0,0,0,0,0,0,0,0,21,11,10
SCHLEICHER COUNTY,413,20 Years,33,14,19,11,5,6,0,0,0,0,0,0,0,0,0,22,9,13
SCHLEICHER COUNTY,413,21 Years,39,16,23,12,5,7,0,0,0,0,0,0,0,0,0,27,11,16
SCHLEICHER COUNTY,413,22 Years,32,15,17,10,5,5,0,0,0,0,0,0,0,0,0,22,10,12
SCHLEICHER COUNTY,413,23 Years,27,10,17,10,4,6,0,0,0,0,0,0,0,0,0,17,6,11
SCHLEICHER COUNTY,413,24 Years,28,13,15,11,5,6,0,0,0,0,0,0,0,0,0,17,8,9
SCHLEICHER COUNTY,413,25 Years,25,12,13,11,5,6,0,0,0,0,0,0,0,0,0,14,7,7
SCHLEICHER COUNTY,413,26 Years,21,9,12,9,4,5,0,0,0,0,0,0,0,0,0,12,5,7
SCHLEICHER COUNTY,413,27 Years,25,12,13,8,3,5,0,0,0,0,0,0,0,0,0,17,9,8
SCHLEICHER COUNTY,413,28 Years,19,11,8,7,4,3,0,0,0,0,0,0,0,0,0,12,7,5
SCHLEICHER COUNTY,413,29 Years,19,9,10,6,3,3,0,0,0,0,0,0,0,0,0,13,6,7
SCHLEICHER COUNTY,413,30 Years,19,9,10,6,4,2,0,0,0,0,0,0,0,0,0,13,5,8
SCHLEICHER COUNTY,413,31 Years,17,7,10,6,3,3,0,0,0,0,0,0,0,0,0,11,4,7
SCHLEICHER COUNTY,413,32 Years,22,10,12,6,3,3,0,0,0,0,0,0,0,0,0,16,7,9
SCHLEICHER COUNTY,413,33 Years,31,13,18,8,3,5,0,0,0,0,0,0,0,0,0,23,10,13
SCHLEICHER COUNTY,413,34 Years,30,13,17,10,4,6,1,0,1,0,0,0,0,0,0,19,9,10
SCHLEICHER COUNTY,413,35 Years,28,15,13,10,4,6,0,0,0,0,0,0,0,0,0,18,11,7
SCHLEICHER COUNTY,413,36 Years,29,16,13,12,6,6,0,0,0,0,0,0,0,0,0,17,10,7
SCHLEICHER COUNTY,413,37 Years,31,17,14,11,5,6,0,0,0,0,0,0,0,0,0,20,12,8
SCHLEICHER COUNTY,413,38 Years,41,22,19,12,6,6,0,0,0,0,0,0,0,0,0,29,16,13
SCHLEICHER COUNTY,413,39 Years,34,17,17,10,5,5,0,0,0,0,0,0,0,0,0,24,12,12
SCHLEICHER COUNTY,413,40 Years,34,20,14,12,8,4,0,0,0,0,0,0,0,0,0,22,12,10
SCHLEICHER COUNTY,413,41 Years,40,23,17,11,6,5,0,0,0,0,0,0,0,0,0,29,17,12
SCHLEICHER COUNTY,413,42 Years,38,20,18,13,7,6,0,0,0,0,0,0,0,0,0,25,13,12
SCHLEICHER COUNTY,413,43 Years,31,16,15,12,6,6,0,0,0,0,0,0,0,0,0,19,10,9
SCHLEICHER COUNTY,413,44 Years,27,14,13,9,5,4,0,0,0,0,0,0,0,0,0,18,9,9
SCHLEICHER COUNTY,413,45 Years,24,12,12,9,5,4,0,0,0,0,0,0,0,0,0,15,7,8
SCHLEICHER COUNTY,413,46 Years,25,12,13,10,5,5,0,0,0,0,0,0,0,0,0,15,7,8
SCHLEICHER COUNTY,413,47 Years,21,10,11,10,5,5,0,0,0,0,0,0,0,0,0,11,5,6
SCHLEICHER COUNTY,413,48 Years,22,9,13,8,4,4,0,0,0,0,0,0,0,0,0,14,5,9
SCHLEICHER COUNTY,413,49 Years,24,11,13,9,5,4,0,0,0,0,0,0,0,0,0,15,6,9
SCHLEICHER COUNTY,413,50 Years,27,13,14,11,6,5,0,0,0,0,0,0,0,0,0,16,7,9
SCHLEICHER COUNTY,413,51 Years,29,15,14,11,7,4,0,0,0,0,0,0,0,0,0,18,8,10
SCHLEICHER COUNTY,413,52 Years,27,12,15,11,5,6,0,0,0,0,0,0,0,0,0,16,7,9
SCHLEICHER COUNTY,413,53 Years,25,11,14,11,7,4,0,0,0,0,0,0,0,0,0,14,4,10
SCHLEICHER COUNTY,413,54 Years,26,12,14,13,8,5,0,0,0,0,0,0,2,0,2,11,4,7
SCHLEICHER COUNTY,413,55 Years,23,12,11,11,6,5,2,0,2,0,0,0,0,0,0,10,6,4
SCHLEICHER COUNTY,413,56 Years,25,14,11,10,5,5,0,0,0,0,0,0,0,0,0,15,9,6
SCHLEICHER COUNTY,413,57 Years,28,14,14,12,6,6,0,0,0,0,0,0,0,0,0,16,8,8
SCHLEICHER COUNTY,413,58 Years,31,15,16,16,9,7,1,0,1,0,0,0,0,0,0,14,6,8
SCHLEICHER COUNTY,413,59 Years,35,16,19,19,10,9,2,1,1,0,0,0,0,0,0,14,5,9
SCHLEICHER COUNTY,413,60 Years,37,19,18,18,10,8,2,1,1,0,0,0,0,0,0,17,8,9
SCHLEICHER COUNTY,413,61 Years,29,15,14,15,8,7,1,1,0,0,0,0,0,0,0,13,6,7
SCHLEICHER COUNTY,413,62 Years,31,17,14,18,9,9,1,1,0,0,0,0,0,0,0,12,7,5
SCHLEICHER COUNTY,413,63 Years,27,14,13,15,7,8,0,0,0,0,0,0,0,0,0,12,7,5
SCHLEICHER COUNTY,413,64 Years,23,11,12,11,5,6,0,0,0,0,0,0,0,0,0,12,6,6
SCHLEICHER COUNTY,413,65 Years,24,13,11,13,7,6,0,0,0,0,0,0,0,0,0,11,6,5
SCHLEICHER COUNTY,413,66 Years,27,14,13,16,8,8,0,0,0,0,0,0,0,0,0,11,6,5
SCHLEICHER COUNTY,413,67 Years,26,13,13,18,9,9,0,0,0,0,0,0,0,0,0,8,4,4
SCHLEICHER COUNTY,413,68 Years,29,16,13,18,10,8,0,0,0,0,0,0,0,0,0,11,6,5
SCHLEICHER COUNTY,413,69 Years,35,17,18,23,11,12,0,0,0,0,0,0,0,0,0,12,6,6
SCHLEICHER COUNTY,413,70 Years,33,14,19,23,9,14,0,0,0,0,0,0,0,0,0,10,5,5
SCHLEICHER COUNTY,413,71 Years,29,15,14,19,9,10,0,0,0,0,0,0,0,0,0,10,6,4
SCHLEICHER COUNTY,413,72 Years,30,16,14,16,8,8,0,0,0,0,0,0,0,0,0,14,8,6
SCHLEICHER COUNTY,413,73 Years,31,16,15,16,9,7,0,0,0,0,0,0,0,0,0,15,7,8
SCHLEICHER COUNTY,413,74 Years,28,16,12,16,9,7,0,0,0,0,0,0,0,0,0,12,7,5
SCHLEICHER COUNTY,413,75 Years,26,15,11,15,9,6,0,0,0,0,0,0,0,0,0,11,6,5
SCHLEICHER COUNTY,413,76 Years,23,11,12,15,8,7,0,0,0,0,0,0,0,0,0,8,3,5
SCHLEICHER COUNTY,413,77 Years,20,10,10,14,7,7,0,0,0,0,0,0,0,0,0,6,3,3
SCHLEICHER COUNTY,413,78 Years,17,8,9,13,6,7,0,0,0,0,0,0,0,0,0,4,2,2
SCHLEICHER COUNTY,413,79 Years,20,8,12,14,5,9,0,0,0,0,0,0,1,0,1,5,3,2
SCHLEICHER COUNTY,413,80 Years,17,9,8,11,6,5,0,0,0,0,0,0,0,0,0,6,3,3
SCHLEICHER COUNTY,413,81 Years,16,8,8,12,6,6,0,0,0,0,0,0,0,0,0,4,2,2
SCHLEICHER COUNTY,413,82 Years,16,8,8,11,5,6,0,0,0,0,0,0,0,0,0,5,3,2
SCHLEICHER COUNTY,413,83 Years,10,4,6,6,2,4,0,0,0,0,0,0,0,0,0,4,2,2
SCHLEICHER COUNTY,413,84 Years,8,3,5,6,2,4,0,0,0,0,0,0,0,0,0,2,1,1
SCHLEICHER COUNTY,413,85 Years,9,3,6,6,2,4,0,0,0,0,0,0,0,0,0,3,1,2
SCHLEICHER COUNTY,413,86 Years,10,3,7,7,2,5,0,0,0,0,0,0,0,0,0,3,1,2
SCHLEICHER COUNTY,413,87 Years,8,4,4,6,3,3,0,0,0,0,0,0,0,0,0,2,1,1
SCHLEICHER COUNTY,413,88 Years,5,3,2,3,2,1,0,0,0,0,0,0,0,0,0,2,1,1
SCHLEICHER COUNTY,413,89 Years,2,0,2,1,0,1,0,0,0,0,0,0,0,0,0,1,0,1
SCHLEICHER COUNTY,413,90 Years,4,2,2,2,0,2,0,0,0,0,0,0,0,0,0,2,2,0
SCHLEICHER COUNTY,413,91 Years,3,1,2,2,0,2,0,0,0,0,0,0,0,0,0,1,1,0
SCHLEICHER COUNTY,413,92 Years,1,1,0,0,0,0,0,0,0,0,0,0,0,0,0,1,1,0
SCHLEICHER COUNTY,413,93 Years,0,0,0,0,0,0,0,0,0,0,0,0,0,0,0,0,0,0
SCHLEICHER COUNTY,413,94 Years,3,2,1,0,0,0,0,0,0,0,0,0,0,0,0,3,2,1
SCHLEICHER COUNTY,413,95 Years +,4,1,3,1,0,1,0,0,0,0,0,0,0,0,0,3,1,2
SCURRY COUNTY,415,All Ages,16425,8930,7495,8142,4251,3891,711,550,161,66,41,25,222,109,113,7284,3979,3305
SCURRY COUNTY,415,< 1 Year,204,102,102,79,39,40,5,3,2,1,0,1,9,6,3,110,54,56
SCURRY COUNTY,415,1 Years,210,107,103,80,41,39,5,3,2,1,0,1,7,4,3,117,59,58
SCURRY COUNTY,415,2 Years,212,107,105,82,41,41,5,3,2,1,0,1,7,4,3,117,59,58
SCURRY COUNTY,415,3 Years,213,107,106,80,39,41,7,3,4,0,0,0,5,3,2,121,62,59
SCURRY COUNTY,415,4 Years,211,102,109,76,37,39,6,3,3,0,0,0,5,2,3,124,60,64
SCURRY COUNTY,415,5 Years,226,112,114,78,39,39,6,3,3,0,0,0,6,3,3,136,67,69
SCURRY COUNTY,415,6 Years,237,119,118,80,42,38,5,3,2,1,1,0,7,3,4,144,70,74
SCURRY COUNTY,415,7 Years,252,126,126,87,47,40,7,3,4,0,0,0,7,2,5,151,74,77
SCURRY COUNTY,415,8 Years,226,108,118,82,40,42,4,1,3,0,0,0,8,5,3,132,62,70
SCURRY COUNTY,415,9 Years,229,111,118,86,40,46,5,4,1,0,0,0,7,4,3,131,63,68
SCURRY COUNTY,415,10 Years,232,117,115,87,43,44,6,5,1,0,0,0,5,3,2,134,66,68
SCURRY COUNTY,415,11 Years,241,121,120,90,42,48,7,5,2,0,0,0,4,3,1,140,71,69
SCURRY COUNTY,415,12 Years,233,116,117,88,46,42,6,1,5,0,0,0,4,2,2,135,67,68
SCURRY COUNTY,415,13 Years,213,114,99,78,42,36,4,1,3,1,0,1,4,3,1,126,68,58
SCURRY COUNTY,415,14 Years,221,118,103,82,45,37,5,1,4,1,0,1,5,2,3,128,70,58
SCURRY COUNTY,415,15 Years,216,118,98,88,51,37,4,3,1,1,0,1,3,2,1,120,62,58
SCURRY COUNTY,415,16 Years,229,123,106,85,47,38,4,3,1,2,1,1,4,1,3,134,71,63
SCURRY COUNTY,415,17 Years,231,128,103,81,45,36,4,3,1,1,0,1,5,3,2,140,77,63
SCURRY COUNTY,415,18 Years,242,142,100,93,61,32,9,7,2,1,0,1,5,3,2,134,71,63
SCURRY COUNTY,415,19 Years,236,134,102,85,51,34,13,12,1,2,1,1,4,1,3,132,69,63
SCURRY COUNTY,415,20 Years,247,143,104,98,57,41,21,16,5,1,1,0,4,1,3,123,68,55
SCURRY COUNTY,415,21 Years,243,141,102,102,60,42,17,14,3,2,2,0,4,1,3,118,64,54
SCURRY COUNTY,415,22 Years,228,128,100,92,51,41,18,13,5,1,1,0,3,1,2,114,62,52
SCURRY COUNTY,415,23 Years,216,123,93,92,54,38,16,12,4,1,1,0,5,2,3,102,54,48
SCURRY COUNTY,415,24 Years,212,128,84,97,60,37,13,10,3,2,2,0,4,2,2,96,54,42
SCURRY COUNTY,415,25 Years,242,143,99,110,65,45,20,18,2,1,1,0,3,1,2,108,58,50
SCURRY COUNTY,415,26 Years,229,131,98,101,56,45,13,11,2,1,1,0,4,2,2,110,61,49
SCURRY COUNTY,415,27 Years,216,126,90,94,55,39,13,11,2,1,1,0,2,1,1,106,58,48
SCURRY COUNTY,415,28 Years,204,121,83,86,45,41,13,10,3,1,1,0,5,3,2,99,62,37
SCURRY COUNTY,415,29 Years,211,124,87,84,41,43,15,12,3,2,2,0,3,1,2,107,68,39
SCURRY COUNTY,415,30 Years,227,131,96,95,51,44,11,10,1,1,1,0,4,2,2,116,67,49
SCURRY COUNTY,415,31 Years,250,152,98,111,67,44,12,11,1,1,1,0,4,2,2,122,71,51
SCURRY COUNTY,415,32 Years,248,158,90,124,74,50,19,17,2,1,1,0,2,0,2,102,66,36
SCURRY COUNTY,415,33 Years,227,139,88,114,67,47,16,13,3,1,1,0,2,1,1,94,57,37
SCURRY COUNTY,415,34 Years,199,120,79,98,57,41,11,9,2,0,0,0,2,1,1,88,53,35
SCURRY COUNTY,415,35 Years,189,112,77,91,52,39,11,10,1,1,1,0,2,1,1,84,48,36
SCURRY COUNTY,415,36 Years,198,114,84,96,55,41,12,10,2,0,0,0,2,1,1,88,48,40
SCURRY COUNTY,415,37 Years,207,129,78,89,53,36,11,10,1,2,1,1,5,4,1,100,61,39
SCURRY COUNTY,415,38 Years,221,131,90,110,64,46,15,14,1,3,2,1,1,0,1,92,51,41
SCURRY COUNTY,415,39 Years,222,127,95,113,64,49,14,13,1,2,1,1,0,0,0,93,49,44
SCURRY COUNTY,415,40 Years,228,134,94,109,63,46,15,15,0,1,0,1,1,0,1,102,56,46
SCURRY COUNTY,415,41 Years,233,141,92,103,60,43,15,14,1,1,0,1,1,0,1,113,67,46
SCURRY COUNTY,415,42 Years,225,139,86,106,62,44,13,12,1,2,1,1,1,0,1,103,64,39
SCURRY COUNTY,415,43 Years,239,142,97,113,64,49,13,11,2,2,1,1,3,3,0,108,63,45
SCURRY COUNTY,415,44 Years,220,130,90,106,58,48,15,13,2,2,1,1,1,1,0,96,57,39
SCURRY COUNTY,415,45 Years,207,129,78,99,57,42,14,13,1,2,1,1,1,1,0,91,57,34
SCURRY COUNTY,415,46 Years,211,129,82,101,59,42,13,10,3,0,0,0,1,1,0,96,59,37
SCURRY COUNTY,415,47 Years,197,118,79,96,54,42,11,9,2,0,0,0,2,0,2,88,55,33
SCURRY COUNTY,415,48 Years,178,110,68,89,51,38,10,9,1,0,0,0,2,2,0,77,48,29
SCURRY COUNTY,415,49 Years,182,115,67,88,52,36,12,9,3,0,0,0,3,3,0,79,51,28
SCURRY COUNTY,415,50 Years,188,116,72,86,50,36,16,13,3,0,0,0,2,2,0,84,51,33
SCURRY COUNTY,415,51 Years,197,122,75,100,58,42,9,7,2,2,2,0,1,0,1,85,55,30
SCURRY COUNTY,415,52 Years,191,118,73,97,56,41,12,10,2,1,1,0,5,2,3,76,49,27
SCURRY COUNTY,415,53 Years,178,99,79,101,52,49,11,8,3,2,1,1,2,1,1,62,37,25
SCURRY COUNTY,415,54 Years,181,101,80,101,52,49,10,9,1,2,1,1,1,1,0,67,38,29
SCURRY COUNTY,415,55 Years,175,94,81,92,47,45,10,7,3,2,1,1,0,0,0,71,39,32
SCURRY COUNTY,415,56 Years,183,96,87,98,49,49,11,8,3,2,1,1,0,0,0,72,38,34
SCURRY COUNTY,415,57 Years,186,93,93,109,50,59,9,7,2,2,1,1,0,0,0,66,35,31
SCURRY COUNTY,415,58 Years,184,99,85,105,52,53,7,6,1,1,0,1,2,1,1,69,40,29
SCURRY COUNTY,415,59 Years,200,105,95,122,60,62,2,2,0,0,0,0,1,0,1,75,43,32
SCURRY COUNTY,415,60 Years,190,97,93,119,56,63,4,3,1,0,0,0,2,1,1,65,37,28
SCURRY COUNTY,415,61 Years,188,96,92,123,62,61,1,1,0,0,0,0,2,1,1,62,32,30
SCURRY COUNTY,415,62 Years,189,93,96,129,63,66,1,1,0,0,0,0,0,0,0,59,29,30
SCURRY COUNTY,415,63 Years,188,96,92,123,59,64,5,5,0,0,0,0,2,1,1,58,31,27
SCURRY COUNTY,415,64 Years,183,93,90,120,60,60,4,3,1,0,0,0,1,0,1,58,30,28
SCURRY COUNTY,415,65 Years,173,84,89,115,57,58,4,2,2,0,0,0,1,0,1,53,25,28
SCURRY COUNTY,415,66 Years,163,85,78,109,58,51,3,2,1,1,1,0,2,1,1,48,23,25
SCURRY COUNTY,415,67 Years,164,87,77,113,60,53,3,1,2,1,1,0,1,0,1,46,25,21
SCURRY COUNTY,415,68 Years,164,86,78,109,55,54,9,7,2,0,0,0,0,0,0,46,24,22
SCURRY COUNTY,415,69 Years,143,75,68,94,50,44,7,5,2,0,0,0,0,0,0,42,20,22
SCURRY COUNTY,415,70 Years,131,69,62,91,49,42,2,1,1,1,1,0,0,0,0,37,18,19
SCURRY COUNTY,415,71 Years,138,71,67,99,50,49,3,1,2,1,1,0,0,0,0,35,19,16
SCURRY COUNTY,415,72 Years,122,60,62,86,39,47,4,2,2,0,0,0,0,0,0,32,19,13
SCURRY COUNTY,415,73 Years,116,56,60,82,35,47,3,1,2,0,0,0,1,0,1,30,20,10
SCURRY COUNTY,415,74 Years,114,53,61,87,39,48,3,1,2,0,0,0,0,0,0,24,13,11
SCURRY COUNTY,415,75 Years,117,50,67,92,38,54,3,1,2,0,0,0,0,0,0,22,11,11
SCURRY COUNTY,415,76 Years,93,44,49,69,32,37,1,0,1,0,0,0,0,0,0,23,12,11
SCURRY COUNTY,415,77 Years,82,38,44,59,27,32,0,0,0,0,0,0,1,0,1,22,11,11
SCURRY COUNTY,415,78 Years,79,33,46,54,24,30,0,0,0,0,0,0,1,0,1,24,9,15
SCURRY COUNTY,415,79 Years,81,35,46,56,24,32,1,1,0,0,0,0,0,0,0,24,10,14
SCURRY COUNTY,415,80 Years,69,33,36,48,22,26,1,1,0,0,0,0,0,0,0,20,10,10
SCURRY COUNTY,415,81 Years,61,24,37,46,18,28,1,0,1,0,0,0,0,0,0,14,6,8
SCURRY COUNTY,415,82 Years,59,21,38,47,17,30,1,0,1,0,0,0,1,0,1,10,4,6
SCURRY COUNTY,415,83 Years,64,25,39,52,18,34,2,2,0,0,0,0,1,0,1,9,5,4
SCURRY COUNTY,415,84 Years,62,23,39,50,16,34,2,1,1,0,0,0,0,0,0,10,6,4
SCURRY COUNTY,415,85 Years,57,20,37,46,14,32,2,1,1,0,0,0,0,0,0,9,5,4
SCURRY COUNTY,415,86 Years,51,19,32,42,14,28,1,1,0,0,0,0,1,0,1,7,4,3
SCURRY COUNTY,415,87 Years,43,18,25,32,14,18,0,0,0,0,0,0,0,0,0,11,4,7
SCURRY COUNTY,415,88 Years,39,15,24,29,12,17,1,0,1,0,0,0,0,0,0,9,3,6
SCURRY COUNTY,415,89 Years,31,9,22,26,8,18,1,0,1,0,0,0,0,0,0,4,1,3
SCURRY COUNTY,415,90 Years,25,8,17,20,6,14,1,0,1,0,0,0,0,0,0,4,2,2
SCURRY COUNTY,415,91 Years,24,6,18,19,5,14,1,0,1,0,0,0,0,0,0,4,1,3
SCURRY COUNTY,415,92 Years,22,6,16,18,4,14,0,0,0,0,0,0,1,1,0,3,1,2
SCURRY COUNTY,415,93 Years,15,3,12,12,2,10,0,0,0,0,0,0,0,0,0,3,1,2
SCURRY COUNTY,415,94 Years,13,4,9,11,3,8,0,0,0,0,0,0,0,0,0,2,1,1
SCURRY COUNTY,415,95 Years +,39,12,27,30,9,21,0,0,0,0,0,0,2,0,2,7,3,4
SHACKELFORD COUNTY,417,All Ages,3322,1630,1692,2870,1411,1459,6,6,0,10,1,9,39,16,23,397,196,201
SHACKELFORD COUNTY,417,< 1 Year,37,18,19,26,13,13,0,0,0,0,0,0,2,0,2,9,5,4
SHACKELFORD COUNTY,417,1 Years,36,18,18,25,12,13,0,0,0,0,0,0,1,1,0,10,5,5
SHACKELFORD COUNTY,417,2 Years,35,17,18,25,13,12,0,0,0,0,0,0,1,0,1,9,4,5
SHACKELFORD COUNTY,417,3 Years,37,18,19,30,15,15,0,0,0,0,0,0,1,0,1,6,3,3
SHACKELFORD COUNTY,417,4 Years,36,18,18,30,16,14,0,0,0,0,0,0,0,0,0,6,2,4
SHACKELFORD COUNTY,417,5 Years,34,20,14,29,17,12,0,0,0,0,0,0,1,1,0,4,2,2
SHACKELFORD COUNTY,417,6 Years,37,22,15,30,18,12,0,0,0,2,0,2,1,1,0,4,3,1
SHACKELFORD COUNTY,417,7 Years,37,21,16,31,17,14,0,0,0,1,1,0,0,0,0,5,3,2
SHACKELFORD COUNTY,417,8 Years,37,19,18,30,15,15,0,0,0,0,0,0,0,0,0,7,4,3
SHACKELFORD COUNTY,417,9 Years,40,18,22,31,14,17,0,0,0,0,0,0,2,0,2,7,4,3
SHACKELFORD COUNTY,417,10 Years,39,20,19,32,16,16,0,0,0,0,0,0,1,0,1,6,4,2
SHACKELFORD COUNTY,417,11 Years,38,20,18,30,16,14,0,0,0,0,0,0,1,0,1,7,4,3
SHACKELFORD COUNTY,417,12 Years,42,21,21,34,18,16,0,0,0,0,0,0,2,0,2,6,3,3
SHACKELFORD COUNTY,417,13 Years,40,18,22,32,15,17,0,0,0,0,0,0,2,1,1,6,2,4
SHACKELFORD COUNTY,417,14 Years,41,22,19,34,20,14,0,0,0,0,0,0,1,1,0,6,1,5
SHACKELFORD COUNTY,417,15 Years,58,28,30,48,25,23,0,0,0,0,0,0,3,1,2,7,2,5
SHACKELFORD COUNTY,417,16 Years,56,29,27,45,24,21,0,0,0,0,0,0,3,1,2,8,4,4
SHACKELFORD COUNTY,417,17 Years,52,23,29,42,19,23,0,0,0,0,0,0,3,1,2,7,3,4
SHACKELFORD COUNTY,417,18 Years,60,36,24,53,33,20,0,0,0,0,0,0,1,1,0,6,2,4
SHACKELFORD COUNTY,417,19 Years,50,34,16,45,32,13,0,0,0,0,0,0,0,0,0,5,2,3
SHACKELFORD COUNTY,417,20 Years,45,20,25,35,16,19,2,2,0,0,0,0,0,0,0,8,2,6
SHACKELFORD COUNTY,417,21 Years,36,11,25,26,5,21,2,2,0,0,0,0,0,0,0,8,4,4
SHACKELFORD COUNTY,417,22 Years,20,3,17,14,0,14,0,0,0,0,0,0,0,0,0,6,3,3
SHACKELFORD COUNTY,417,23 Years,24,11,13,18,8,10,0,0,0,0,0,0,1,1,0,5,2,3
SHACKELFORD COUNTY,417,24 Years,28,17,11,22,14,8,0,0,0,0,0,0,0,0,0,6,3,3
SHACKELFORD COUNTY,417,25 Years,23,14,9,18,12,6,0,0,0,0,0,0,1,0,1,4,2,2
SHACKELFORD COUNTY,417,26 Years,25,11,14,21,9,12,0,0,0,0,0,0,2,1,1,2,1,1
SHACKELFORD COUNTY,417,27 Years,33,15,18,28,12,16,0,0,0,0,0,0,0,0,0,5,3,2
SHACKELFORD COUNTY,417,28 Years,34,15,19,25,12,13,0,0,0,1,0,1,0,0,0,8,3,5
SHACKELFORD COUNTY,417,29 Years,35,13,22,26,11,15,0,0,0,2,0,2,0,0,0,7,2,5
SHACKELFORD COUNTY,417,30 Years,41,14,27,34,12,22,0,0,0,2,0,2,0,0,0,5,2,3
SHACKELFORD COUNTY,417,31 Years,35,16,19,31,13,18,0,0,0,1,0,1,0,0,0,3,3,0
SHACKELFORD COUNTY,417,32 Years,30,16,14,26,13,13,0,0,0,0,0,0,0,0,0,4,3,1
SHACKELFORD COUNTY,417,33 Years,32,18,14,26,14,12,0,0,0,0,0,0,0,0,0,6,4,2
SHACKELFORD COUNTY,417,34 Years,28,15,13,24,12,12,0,0,0,0,0,0,0,0,0,4,3,1
SHACKELFORD COUNTY,417,35 Years,34,20,14,28,15,13,0,0,0,0,0,0,0,0,0,6,5,1
SHACKELFORD COUNTY,417,36 Years,36,23,13,31,19,12,0,0,0,0,0,0,0,0,0,5,4,1
SHACKELFORD COUNTY,417,37 Years,44,25,19,38,22,16,0,0,0,0,0,0,0,0,0,6,3,3
SHACKELFORD COUNTY,417,38 Years,39,19,20,34,18,16,0,0,0,0,0,0,1,0,1,4,1,3
SHACKELFORD COUNTY,417,39 Years,31,12,19,28,11,17,0,0,0,0,0,0,1,1,0,2,0,2
SHACKELFORD COUNTY,417,40 Years,32,15,17,27,11,16,0,0,0,0,0,0,1,1,0,4,3,1
SHACKELFORD COUNTY,417,41 Years,34,17,17,29,14,15,0,0,0,0,0,0,1,1,0,4,2,2
SHACKELFORD COUNTY,417,42 Years,38,18,20,33,15,18,0,0,0,0,0,0,0,0,0,5,3,2
SHACKELFORD COUNTY,417,43 Years,33,18,15,29,15,14,0,0,0,0,0,0,0,0,0,4,3,1
SHACKELFORD COUNTY,417,44 Years,26,15,11,23,13,10,0,0,0,0,0,0,0,0,0,3,2,1
SHACKELFORD COUNTY,417,45 Years,26,13,13,25,13,12,0,0,0,0,0,0,0,0,0,1,0,1
SHACKELFORD COUNTY,417,46 Years,33,13,20,30,13,17,0,0,0,0,0,0,0,0,0,3,0,3
SHACKELFORD COUNTY,417,47 Years,47,22,25,39,19,20,0,0,0,0,0,0,0,0,0,8,3,5
SHACKELFORD COUNTY,417,48 Years,47,26,21,39,24,15,0,0,0,0,0,0,0,0,0,8,2,6
SHACKELFORD COUNTY,417,49 Years,40,20,20,35,18,17,0,0,0,0,0,0,0,0,0,5,2,3
SHACKELFORD COUNTY,417,50 Years,36,19,17,32,16,16,0,0,0,0,0,0,0,0,0,4,3,1
SHACKELFORD COUNTY,417,51 Years,41,19,22,37,17,20,1,1,0,0,0,0,0,0,0,3,1,2
SHACKELFORD COUNTY,417,52 Years,42,21,21,36,18,18,1,1,0,0,0,0,0,0,0,5,2,3
SHACKELFORD COUNTY,417,53 Years,35,19,16,29,17,12,0,0,0,0,0,0,0,0,0,6,2,4
SHACKELFORD COUNTY,417,54 Years,31,16,15,26,14,12,0,0,0,0,0,0,0,0,0,5,2,3
SHACKELFORD COUNTY,417,55 Years,33,15,18,27,12,15,0,0,0,0,0,0,0,0,0,6,3,3
SHACKELFORD COUNTY,417,56 Years,36,17,19,32,14,18,0,0,0,0,0,0,0,0,0,4,3,1
SHACKELFORD COUNTY,417,57 Years,37,19,18,33,17,16,0,0,0,0,0,0,0,0,0,4,2,2
SHACKELFORD COUNTY,417,58 Years,41,19,22,34,15,19,0,0,0,0,0,0,0,0,0,7,4,3
SHACKELFORD COUNTY,417,59 Years,50,19,31,41,14,27,0,0,0,0,0,0,0,0,0,9,5,4
SHACKELFORD COUNTY,417,60 Years,57,23,34,51,19,32,0,0,0,0,0,0,0,0,0,6,4,2
SHACKELFORD COUNTY,417,61 Years,63,33,30,59,31,28,0,0,0,0,0,0,0,0,0,4,2,2
SHACKELFORD COUNTY,417,62 Years,58,30,28,52,26,26,0,0,0,0,0,0,0,0,0,6,4,2
SHACKELFORD COUNTY,417,63 Years,56,27,29,52,25,27,0,0,0,1,0,1,0,0,0,3,2,1
SHACKELFORD COUNTY,417,64 Years,58,30,28,54,28,26,0,0,0,0,0,0,0,0,0,4,2,2
SHACKELFORD COUNTY,417,65 Years,47,24,23,45,23,22,0,0,0,0,0,0,0,0,0,2,1,1
SHACKELFORD COUNTY,417,66 Years,52,26,26,48,24,24,0,0,0,0,0,0,0,0,0,4,2,2
SHACKELFORD COUNTY,417,67 Years,56,28,28,53,27,26,0,0,0,0,0,0,0,0,0,3,1,2
SHACKELFORD COUNTY,417,68 Years,50,25,25,48,24,24,0,0,0,0,0,0,0,0,0,2,1,1
SHACKELFORD COUNTY,417,69 Years,45,24,21,42,22,20,0,0,0,0,0,0,1,1,0,2,1,1
SHACKELFORD COUNTY,417,70 Years,35,15,20,32,14,18,0,0,0,0,0,0,0,0,0,3,1,2
SHACKELFORD COUNTY,417,71 Years,31,12,19,29,12,17,0,0,0,0,0,0,0,0,0,2,0,2
SHACKELFORD COUNTY,417,72 Years,37,17,20,35,17,18,0,0,0,0,0,0,0,0,0,2,0,2
SHACKELFORD COUNTY,417,73 Years,45,22,23,43,21,22,0,0,0,0,0,0,0,0,0,2,1,1
SHACKELFORD COUNTY,417,74 Years,45,21,24,43,20,23,0,0,0,0,0,0,0,0,0,2,1,1
SHACKELFORD COUNTY,417,75 Years,41,21,20,39,20,19,0,0,0,0,0,0,0,0,0,2,1,1
SHACKELFORD COUNTY,417,76 Years,33,17,16,32,16,16,0,0,0,0,0,0,0,0,0,1,1,0
SHACKELFORD COUNTY,417,77 Years,26,12,14,25,12,13,0,0,0,0,0,0,1,0,1,0,0,0
SHACKELFORD COUNTY,417,78 Years,26,14,12,24,13,11,0,0,0,0,0,0,1,1,0,1,0,1
SHACKELFORD COUNTY,417,79 Years,29,17,12,24,14,10,0,0,0,0,0,0,1,0,1,4,3,1
SHACKELFORD COUNTY,417,80 Years,32,12,20,27,10,17,0,0,0,0,0,0,1,0,1,4,2,2
SHACKELFORD COUNTY,417,81 Years,25,10,15,22,8,14,0,0,0,0,0,0,0,0,0,3,2,1
SHACKELFORD COUNTY,417,82 Years,17,9,8,17,9,8,0,0,0,0,0,0,0,0,0,0,0,0
SHACKELFORD COUNTY,417,83 Years,17,9,8,16,8,8,0,0,0,0,0,0,0,0,0,1,1,0
SHACKELFORD COUNTY,417,84 Years,22,9,13,21,8,13,0,0,0,0,0,0,0,0,0,1,1,0
SHACKELFORD COUNTY,417,85 Years,16,6,10,16,6,10,0,0,0,0,0,0,0,0,0,0,0,0
SHACKELFORD COUNTY,417,86 Years,11,6,5,11,6,5,0,0,0,0,0,0,0,0,0,0,0,0
SHACKELFORD COUNTY,417,87 Years,12,6,6,12,6,6,0,0,0,0,0,0,0,0,0,0,0,0
SHACKELFORD COUNTY,417,88 Years,11,4,7,11,4,7,0,0,0,0,0,0,0,0,0,0,0,0
SHACKELFORD COUNTY,417,89 Years,7,3,4,7,3,4,0,0,0,0,0,0,0,0,0,0,0,0
SHACKELFORD COUNTY,417,90 Years,5,2,3,5,2,3,0,0,0,0,0,0,0,0,0,0,0,0
SHACKELFORD COUNTY,417,91 Years,3,1,2,3,1,2,0,0,0,0,0,0,0,0,0,0,0,0
SHACKELFORD COUNTY,417,92 Years,5,1,4,5,1,4,0,0,0,0,0,0,0,0,0,0,0,0
SHACKELFORD COUNTY,417,93 Years,5,1,4,5,1,4,0,0,0,0,0,0,0,0,0,0,0,0
SHACKELFORD COUNTY,417,94 Years,4,2,2,4,2,2,0,0,0,0,0,0,0,0,0,0,0,0
SHACKELFORD COUNTY,417,95 Years +,7,3,4,7,3,4,0,0,0,0,0,0,0,0,0,0,0,0
SHELBY COUNTY,419,All Ages,24018,11935,12083,14330,7013,7317,4120,1918,2202,139,88,51,355,196,159,5074,2720,2354
SHELBY COUNTY,419,< 1 Year,336,176,160,162,85,77,56,30,26,2,2,0,16,9,7,100,50,50
SHELBY COUNTY,419,1 Years,320,164,156,155,79,76,50,25,25,2,1,1,12,7,5,101,52,49
SHELBY COUNTY,419,2 Years,323,166,157,158,81,77,51,26,25,3,2,1,11,6,5,100,51,49
SHELBY COUNTY,419,3 Years,339,171,168,164,83,81,58,27,31,1,0,1,10,7,3,106,54,52
SHELBY COUNTY,419,4 Years,338,175,163,160,80,80,60,30,30,0,0,0,8,6,2,110,59,51
SHELBY COUNTY,419,5 Years,355,180,175,166,82,84,58,29,29,1,1,0,11,8,3,119,60,59
SHELBY COUNTY,419,6 Years,369,186,183,169,82,87,58,29,29,3,2,1,13,8,5,126,65,61
SHELBY COUNTY,419,7 Years,373,186,187,166,82,84,56,26,30,5,2,3,15,9,6,131,67,64
SHELBY COUNTY,419,8 Years,347,178,169,170,87,83,52,25,27,4,3,1,15,9,6,106,54,52
SHELBY COUNTY,419,9 Years,331,168,163,165,85,80,49,24,25,3,2,1,12,7,5,102,50,52
SHELBY COUNTY,419,10 Years,325,165,160,158,81,77,48,23,25,3,2,1,10,8,2,106,51,55
SHELBY COUNTY,419,11 Years,318,159,159,151,77,74,52,25,27,2,1,1,7,6,1,106,50,56
SHELBY COUNTY,419,12 Years,327,158,169,154,80,74,63,28,35,0,0,0,4,1,3,106,49,57
SHELBY COUNTY,419,13 Years,353,185,168,164,88,76,63,32,31,2,1,1,7,4,3,117,60,57
SHELBY COUNTY,419,14 Years,358,182,176,168,81,87,67,37,30,2,1,1,8,4,4,113,59,54
SHELBY COUNTY,419,15 Years,353,182,171,172,82,90,71,42,29,2,1,1,8,5,3,100,52,48
SHELBY COUNTY,419,16 Years,358,194,164,179,95,84,66,38,28,2,1,1,8,4,4,103,56,47
SHELBY COUNTY,419,17 Years,351,186,165,182,100,82,61,29,32,2,1,1,8,3,5,98,53,45
SHELBY COUNTY,419,18 Years,339,177,162,177,93,84,57,31,26,0,0,0,5,2,3,100,51,49
SHELBY COUNTY,419,19 Years,325,173,152,163,84,79,58,33,25,1,1,0,4,1,3,99,54,45
SHELBY COUNTY,419,20 Years,302,158,144,152,84,68,49,25,24,1,1,0,4,1,3,96,47,49
SHELBY COUNTY,419,21 Years,303,157,146,160,84,76,48,23,25,1,1,0,2,1,1,92,48,44
SHELBY COUNTY,419,22 Years,284,144,140,143,76,67,53,24,29,2,2,0,3,1,2,83,41,42
SHELBY COUNTY,419,23 Years,283,155,128,133,74,59,60,29,31,2,2,0,3,1,2,85,49,36
SHELBY COUNTY,419,24 Years,283,152,131,137,72,65,52,25,27,1,1,0,4,2,2,89,52,37
SHELBY COUNTY,419,25 Years,272,147,125,136,71,65,52,29,23,2,2,0,5,3,2,77,42,35
SHELBY COUNTY,419,26 Years,267,139,128,136,70,66,60,32,28,1,1,0,5,3,2,65,33,32
SHELBY COUNTY,419,27 Years,270,138,132,142,75,67,60,30,30,2,2,0,3,2,1,63,29,34
SHELBY COUNTY,419,28 Years,252,118,134,142,64,78,52,28,24,1,1,0,4,3,1,53,22,31
SHELBY COUNTY,419,29 Years,272,142,130,153,73,80,55,35,20,6,3,3,3,1,2,55,30,25
SHELBY COUNTY,419,30 Years,285,142,143,153,66,87,62,34,28,5,4,1,4,2,2,61,36,25
SHELBY COUNTY,419,31 Years,291,142,149,160,75,85,61,25,36,3,1,2,6,4,2,61,37,24
SHELBY COUNTY,419,32 Years,284,139,145,166,82,84,55,22,33,4,2,2,3,2,1,56,31,25
SHELBY COUNTY,419,33 Years,271,126,145,162,78,84,44,15,29,4,3,1,3,1,2,58,29,29
SHELBY COUNTY,419,34 Years,272,134,138,163,83,80,41,16,25,4,3,1,2,1,1,62,31,31
SHELBY COUNTY,419,35 Years,261,128,133,151,78,73,43,15,28,3,3,0,1,0,1,63,32,31
SHELBY COUNTY,419,36 Years,259,130,129,147,78,69,45,17,28,2,2,0,2,1,1,63,32,31
SHELBY COUNTY,419,37 Years,252,131,121,143,76,67,41,19,22,3,2,1,2,1,1,63,33,30
SHELBY COUNTY,419,38 Years,257,127,130,142,69,73,43,17,26,2,1,1,3,1,2,67,39,28
SHELBY COUNTY,419,39 Years,256,128,128,145,71,74,43,18,25,2,1,1,5,3,2,61,35,26
SHELBY COUNTY,419,40 Years,236,116,120,129,65,64,46,18,28,2,1,1,3,1,2,56,31,25
SHELBY COUNTY,419,41 Years,249,128,121,139,69,70,44,20,24,3,2,1,0,0,0,63,37,26
SHELBY COUNTY,419,42 Years,256,127,129,151,69,82,44,22,22,3,2,1,2,0,2,56,34,22
SHELBY COUNTY,419,43 Years,264,132,132,163,78,85,42,20,22,2,1,1,1,0,1,56,33,23
SHELBY COUNTY,419,44 Years,272,134,138,168,84,84,42,17,25,0,0,0,2,1,1,60,32,28
SHELBY COUNTY,419,45 Years,254,130,124,147,73,74,41,18,23,2,0,2,1,1,0,63,38,25
SHELBY COUNTY,419,46 Years,254,123,131,148,70,78,37,15,22,1,0,1,1,1,0,67,37,30
SHELBY COUNTY,419,47 Years,275,138,137,164,80,84,42,20,22,4,4,0,1,1,0,64,33,31
SHELBY COUNTY,419,48 Years,287,136,151,167,78,89,43,18,25,3,3,0,1,1,0,73,36,37
SHELBY COUNTY,419,49 Years,264,128,136,156,80,76,38,12,26,1,1,0,2,1,1,67,34,33
SHELBY COUNTY,419,50 Years,271,127,144,169,81,88,41,13,28,1,0,1,1,1,0,59,32,27
SHELBY COUNTY,419,51 Years,297,141,156,190,91,99,49,19,30,1,0,1,2,1,1,55,30,25
SHELBY COUNTY,419,52 Years,306,158,148,192,101,91,52,22,30,2,1,1,3,1,2,57,33,24
SHELBY COUNTY,419,53 Years,304,156,148,197,104,93,53,20,33,0,0,0,3,1,2,51,31,20
SHELBY COUNTY,419,54 Years,268,145,123,167,91,76,53,21,32,0,0,0,0,0,0,48,33,15
SHELBY COUNTY,419,55 Years,267,134,133,169,82,87,54,24,30,3,2,1,1,1,0,40,25,15
SHELBY COUNTY,419,56 Years,261,130,131,160,72,88,51,28,23,2,1,1,2,1,1,46,28,18
SHELBY COUNTY,419,57 Years,279,139,140,168,78,90,59,31,28,1,0,1,3,1,2,48,29,19
SHELBY COUNTY,419,58 Years,297,146,151,182,87,95,70,34,36,1,1,0,3,2,1,41,22,19
SHELBY COUNTY,419,59 Years,303,151,152,192,93,99,70,37,33,2,0,2,3,2,1,36,19,17
SHELBY COUNTY,419,60 Years,302,150,152,206,106,100,60,28,32,1,0,1,3,2,1,32,14,18
SHELBY COUNTY,419,61 Years,299,143,156,206,102,104,61,26,35,0,0,0,3,2,1,29,13,16
SHELBY COUNTY,419,62 Years,314,153,161,218,103,115,63,29,34,0,0,0,4,2,2,29,19,10
SHELBY COUNTY,419,63 Years,319,154,165,225,97,128,55,30,25,0,0,0,3,2,1,36,25,11
SHELBY COUNTY,419,64 Years,317,150,167,226,101,125,52,26,26,1,1,0,4,2,2,34,20,14
SHELBY COUNTY,419,65 Years,302,140,162,220,98,122,49,19,30,1,1,0,3,2,1,29,20,9
SHELBY COUNTY,419,66 Years,296,138,158,218,98,120,51,23,28,1,0,1,1,0,1,25,17,8
SHELBY COUNTY,419,67 Years,286,136,150,211,102,109,51,21,30,1,0,1,3,0,3,20,13,7
SHELBY COUNTY,419,68 Years,261,127,134,186,94,92,54,24,30,0,0,0,2,0,2,19,9,10
SHELBY COUNTY,419,69 Years,265,124,141,198,96,102,44,17,27,1,0,1,1,1,0,21,10,11
SHELBY COUNTY,419,70 Years,261,118,143,206,94,112,34,12,22,2,0,2,3,2,1,16,10,6
SHELBY COUNTY,419,71 Years,258,129,129,200,100,100,41,20,21,1,0,1,3,1,2,13,8,5
SHELBY COUNTY,419,72 Years,257,125,132,195,94,101,46,22,24,0,0,0,3,1,2,13,8,5
SHELBY COUNTY,419,73 Years,234,117,117,178,88,90,39,16,23,1,1,0,2,2,0,14,10,4
SHELBY COUNTY,419,74 Years,230,115,115,187,91,96,30,12,18,1,1,0,1,1,0,11,10,1
SHELBY COUNTY,419,75 Years,223,112,111,182,92,90,26,9,17,1,1,0,1,0,1,13,10,3
SHELBY COUNTY,419,76 Years,184,90,94,150,72,78,19,7,12,1,1,0,2,1,1,12,9,3
SHELBY COUNTY,419,77 Years,165,79,86,136,61,75,17,10,7,1,1,0,1,1,0,10,6,4
SHELBY COUNTY,419,78 Years,170,80,90,139,63,76,18,9,9,0,0,0,2,1,1,11,7,4
SHELBY COUNTY,419,79 Years,150,71,79,124,57,67,14,7,7,0,0,0,1,1,0,11,6,5
SHELBY COUNTY,419,80 Years,142,62,80,119,52,67,14,6,8,0,0,0,1,0,1,8,4,4
SHELBY COUNTY,419,81 Years,137,62,75,114,50,64,15,7,8,0,0,0,3,1,2,5,4,1
SHELBY COUNTY,419,82 Years,117,50,67,97,42,55,16,6,10,0,0,0,1,0,1,3,2,1
SHELBY COUNTY,419,83 Years,99,38,61,83,33,50,14,3,11,0,0,0,1,1,0,1,1,0
SHELBY COUNTY,419,84 Years,102,37,65,87,34,53,13,3,10,0,0,0,1,0,1,1,0,1
SHELBY COUNTY,419,85 Years,92,38,54,79,34,45,9,3,6,0,0,0,1,0,1,3,1,2
SHELBY COUNTY,419,86 Years,79,37,42,66,31,35,9,4,5,0,0,0,1,1,0,3,1,2
SHELBY COUNTY,419,87 Years,68,31,37,55,26,29,10,4,6,0,0,0,1,1,0,2,0,2
SHELBY COUNTY,419,88 Years,63,27,36,48,22,26,10,3,7,0,0,0,2,1,1,3,1,2
SHELBY COUNTY,419,89 Years,51,18,33,40,14,26,8,3,5,0,0,0,0,0,0,3,1,2
SHELBY COUNTY,419,90 Years,38,15,23,31,12,19,5,2,3,0,0,0,0,0,0,2,1,1
SHELBY COUNTY,419,91 Years,35,15,20,27,12,15,4,1,3,0,0,0,1,1,0,3,1,2
SHELBY COUNTY,419,92 Years,30,13,17,23,9,14,4,2,2,0,0,0,0,0,0,3,2,1
SHELBY COUNTY,419,93 Years,25,7,18,18,5,13,4,1,3,0,0,0,1,0,1,2,1,1
SHELBY COUNTY,419,94 Years,19,7,12,13,4,9,4,2,2,0,0,0,0,0,0,2,1,1
SHELBY COUNTY,419,95 Years +,50,20,30,32,12,20,13,5,8,0,0,0,1,0,1,4,3,1
SHERMAN COUNTY,421,All Ages,2712,1420,1292,1385,692,693,8,6,2,0,0,0,22,11,11,1297,711,586
SHERMAN COUNTY,421,< 1 Year,40,20,20,15,8,7,0,0,0,0,0,0,1,0,1,24,12,12
SHERMAN COUNTY,421,1 Years,35,17,18,14,7,7,0,0,0,0,0,0,1,0,1,20,10,10
SHERMAN COUNTY,421,2 Years,36,18,18,15,8,7,0,0,0,0,0,0,1,0,1,20,10,10
SHERMAN COUNTY,421,3 Years,41,22,19,12,7,5,0,0,0,0,0,0,0,0,0,29,15,14
SHERMAN COUNTY,421,4 Years,40,21,19,12,6,6,0,0,0,0,0,0,0,0,0,28,15,13
SHERMAN COUNTY,421,5 Years,38,19,19,12,6,6,0,0,0,0,0,0,0,0,0,26,13,13
SHERMAN COUNTY,421,6 Years,39,19,20,16,7,9,0,0,0,0,0,0,0,0,0,23,12,11
SHERMAN COUNTY,421,7 Years,36,16,20,13,6,7,0,0,0,0,0,0,0,0,0,23,10,13
SHERMAN COUNTY,421,8 Years,39,20,19,14,7,7,0,0,0,0,0,0,0,0,0,25,13,12
SHERMAN COUNTY,421,9 Years,39,18,21,13,6,7,0,0,0,0,0,0,0,0,0,26,12,14
SHERMAN COUNTY,421,10 Years,40,20,20,15,8,7,0,0,0,0,0,0,0,0,0,25,12,13
SHERMAN COUNTY,421,11 Years,39,20,19,16,8,8,0,0,0,0,0,0,0,0,0,23,12,11
SHERMAN COUNTY,421,12 Years,35,15,20,14,3,11,0,0,0,0,0,0,0,0,0,21,12,9
SHERMAN COUNTY,421,13 Years,43,22,21,22,12,10,0,0,0,0,0,0,0,0,0,21,10,11
SHERMAN COUNTY,421,14 Years,49,28,21,20,13,7,0,0,0,0,0,0,0,0,0,29,15,14
SHERMAN COUNTY,421,15 Years,46,29,17,15,9,6,0,0,0,0,0,0,2,2,0,29,18,11
SHERMAN COUNTY,421,16 Years,46,33,13,14,10,4,0,0,0,0,0,0,0,0,0,32,23,9
SHERMAN COUNTY,421,17 Years,49,29,20,19,13,6,0,0,0,0,0,0,0,0,0,30,16,14
SHERMAN COUNTY,421,18 Years,43,22,21,19,10,9,0,0,0,0,0,0,1,0,1,23,12,11
SHERMAN COUNTY,421,19 Years,40,20,20,17,7,10,0,0,0,0,0,0,0,0,0,23,13,10
SHERMAN COUNTY,421,20 Years,37,22,15,14,8,6,0,0,0,0,0,0,0,0,0,23,14,9
SHERMAN COUNTY,421,21 Years,39,23,16,12,8,4,0,0,0,0,0,0,1,1,0,26,14,12
SHERMAN COUNTY,421,22 Years,32,18,14,10,6,4,1,1,0,0,0,0,1,1,0,20,10,10
SHERMAN COUNTY,421,23 Years,23,11,12,10,6,4,0,0,0,0,0,0,1,0,1,12,5,7
SHERMAN COUNTY,421,24 Years,30,18,12,12,6,6,1,1,0,0,0,0,0,0,0,17,11,6
SHERMAN COUNTY,421,25 Years,33,23,10,14,9,5,1,1,0,0,0,0,0,0,0,18,13,5
SHERMAN COUNTY,421,26 Years,36,23,13,16,10,6,0,0,0,0,0,0,1,1,0,19,12,7
SHERMAN COUNTY,421,27 Years,35,22,13,15,10,5,0,0,0,0,0,0,1,1,0,19,11,8
SHERMAN COUNTY,421,28 Years,35,17,18,17,7,10,0,0,0,0,0,0,0,0,0,18,10,8
SHERMAN COUNTY,421,29 Years,37,19,18,20,9,11,0,0,0,0,0,0,0,0,0,17,10,7
SHERMAN COUNTY,421,30 Years,32,20,12,17,10,7,0,0,0,0,0,0,0,0,0,15,10,5
SHERMAN COUNTY,421,31 Years,30,19,11,13,7,6,0,0,0,0,0,0,2,2,0,15,10,5
SHERMAN COUNTY,421,32 Years,23,12,11,9,3,6,0,0,0,0,0,0,1,1,0,13,8,5
SHERMAN COUNTY,421,33 Years,28,11,17,13,4,9,0,0,0,0,0,0,0,0,0,15,7,8
SHERMAN COUNTY,421,34 Years,25,13,12,10,6,4,0,0,0,0,0,0,0,0,0,15,7,8
SHERMAN COUNTY,421,35 Years,37,16,21,18,6,12,0,0,0,0,0,0,0,0,0,19,10,9
SHERMAN COUNTY,421,36 Years,32,19,13,17,8,9,1,1,0,0,0,0,0,0,0,14,10,4
SHERMAN COUNTY,421,37 Years,29,14,15,15,6,9,1,1,0,0,0,0,0,0,0,13,7,6
SHERMAN COUNTY,421,38 Years,30,12,18,16,7,9,0,0,0,0,0,0,0,0,0,14,5,9
SHERMAN COUNTY,421,39 Years,37,16,21,18,8,10,0,0,0,0,0,0,0,0,0,19,8,11
SHERMAN COUNTY,421,40 Years,33,15,18,17,8,9,0,0,0,0,0,0,0,0,0,16,7,9
SHERMAN COUNTY,421,41 Years,28,16,12,14,8,6,0,0,0,0,0,0,0,0,0,14,8,6
SHERMAN COUNTY,421,42 Years,29,19,10,13,8,5,0,0,0,0,0,0,0,0,0,16,11,5
SHERMAN COUNTY,421,43 Years,25,14,11,11,5,6,0,0,0,0,0,0,1,1,0,13,8,5
SHERMAN COUNTY,421,44 Years,25,11,14,13,4,9,0,0,0,0,0,0,0,0,0,12,7,5
SHERMAN COUNTY,421,45 Years,22,12,10,9,5,4,0,0,0,0,0,0,0,0,0,13,7,6
SHERMAN COUNTY,421,46 Years,27,16,11,12,6,6,0,0,0,0,0,0,1,1,0,14,9,5
SHERMAN COUNTY,421,47 Years,32,17,15,14,7,7,0,0,0,0,0,0,0,0,0,18,10,8
SHERMAN COUNTY,421,48 Years,25,13,12,10,5,5,0,0,0,0,0,0,0,0,0,15,8,7
SHERMAN COUNTY,421,49 Years,21,10,11,10,6,4,0,0,0,0,0,0,0,0,0,11,4,7
SHERMAN COUNTY,421,50 Years,29,16,13,16,9,7,0,0,0,0,0,0,0,0,0,13,7,6
SHERMAN COUNTY,421,51 Years,29,15,14,18,9,9,0,0,0,0,0,0,0,0,0,11,6,5
SHERMAN COUNTY,421,52 Years,28,14,14,15,8,7,0,0,0,0,0,0,0,0,0,13,6,7
SHERMAN COUNTY,421,53 Years,33,17,16,18,10,8,0,0,0,0,0,0,0,0,0,15,7,8
SHERMAN COUNTY,421,54 Years,31,13,18,15,6,9,0,0,0,0,0,0,0,0,0,16,7,9
SHERMAN COUNTY,421,55 Years,32,14,18,20,7,13,0,0,0,0,0,0,0,0,0,12,7,5
SHERMAN COUNTY,421,56 Years,39,16,23,21,9,12,1,0,1,0,0,0,0,0,0,17,7,10
SHERMAN COUNTY,421,57 Years,43,21,22,23,12,11,1,0,1,0,0,0,0,0,0,19,9,10
SHERMAN COUNTY,421,58 Years,40,23,17,25,16,9,0,0,0,0,0,0,1,0,1,14,7,7
SHERMAN COUNTY,421,59 Years,35,22,13,22,13,9,1,1,0,0,0,0,1,0,1,11,8,3
SHERMAN COUNTY,421,60 Years,35,20,15,21,13,8,0,0,0,0,0,0,0,0,0,14,7,7
SHERMAN COUNTY,421,61 Years,35,18,17,22,11,11,0,0,0,0,0,0,0,0,0,13,7,6
SHERMAN COUNTY,421,62 Years,31,18,13,20,11,9,0,0,0,0,0,0,0,0,0,11,7,4
SHERMAN COUNTY,421,63 Years,33,17,16,21,10,11,0,0,0,0,0,0,0,0,0,12,7,5
SHERMAN COUNTY,421,64 Years,39,20,19,25,12,13,0,0,0,0,0,0,0,0,0,14,8,6
SHERMAN COUNTY,421,65 Years,33,18,15,22,12,10,0,0,0,0,0,0,0,0,0,11,6,5
SHERMAN COUNTY,421,66 Years,34,22,12,21,13,8,0,0,0,0,0,0,0,0,0,13,9,4
SHERMAN COUNTY,421,67 Years,36,23,13,23,14,9,0,0,0,0,0,0,0,0,0,13,9,4
SHERMAN COUNTY,421,68 Years,25,14,11,15,7,8,0,0,0,0,0,0,0,0,0,10,7,3
SHERMAN COUNTY,421,69 Years,20,11,9,13,6,7,0,0,0,0,0,0,0,0,0,7,5,2
SHERMAN COUNTY,421,70 Years,21,11,10,17,8,9,0,0,0,0,0,0,0,0,0,4,3,1
SHERMAN COUNTY,421,71 Years,25,13,12,19,9,10,0,0,0,0,0,0,1,0,1,5,4,1
SHERMAN COUNTY,421,72 Years,21,11,10,17,8,9,0,0,0,0,0,0,0,0,0,4,3,1
SHERMAN COUNTY,421,73 Years,17,7,10,14,6,8,0,0,0,0,0,0,0,0,0,3,1,2
SHERMAN COUNTY,421,74 Years,20,10,10,15,6,9,0,0,0,0,0,0,0,0,0,5,4,1
SHERMAN COUNTY,421,75 Years,21,8,13,18,7,11,0,0,0,0,0,0,0,0,0,3,1,2
SHERMAN COUNTY,421,76 Years,19,7,12,16,6,10,0,0,0,0,0,0,0,0,0,3,1,2
SHERMAN COUNTY,421,77 Years,15,7,8,14,6,8,0,0,0,0,0,0,0,0,0,1,1,0
SHERMAN COUNTY,421,78 Years,17,8,9,14,6,8,0,0,0,0,0,0,0,0,0,3,2,1
SHERMAN COUNTY,421,79 Years,16,7,9,13,5,8,0,0,0,0,0,0,0,0,0,3,2,1
SHERMAN COUNTY,421,80 Years,16,6,10,13,5,8,0,0,0,0,0,0,0,0,0,3,1,2
SHERMAN COUNTY,421,81 Years,20,9,11,17,9,8,0,0,0,0,0,0,1,0,1,2,0,2
SHERMAN COUNTY,421,82 Years,17,8,9,15,8,7,0,0,0,0,0,0,0,0,0,2,0,2
SHERMAN COUNTY,421,83 Years,11,4,7,10,4,6,0,0,0,0,0,0,0,0,0,1,0,1
SHERMAN COUNTY,421,84 Years,10,5,5,8,3,5,0,0,0,0,0,0,0,0,0,2,2,0
SHERMAN COUNTY,421,85 Years,7,3,4,6,2,4,0,0,0,0,0,0,0,0,0,1,1,0
SHERMAN COUNTY,421,86 Years,6,4,2,5,3,2,0,0,0,0,0,0,0,0,0,1,1,0
SHERMAN COUNTY,421,87 Years,7,3,4,5,2,3,0,0,0,0,0,0,0,0,0,2,1,1
SHERMAN COUNTY,421,88 Years,7,4,3,6,3,3,0,0,0,0,0,0,0,0,0,1,1,0
SHERMAN COUNTY,421,89 Years,7,2,5,5,1,4,0,0,0,0,0,0,0,0,0,2,1,1
SHERMAN COUNTY,421,90 Years,6,2,4,5,2,3,0,0,0,0,0,0,0,0,0,1,0,1
SHERMAN COUNTY,421,91 Years,5,2,3,4,1,3,0,0,0,0,0,0,0,0,0,1,1,0
SHERMAN COUNTY,421,92 Years,4,2,2,4,2,2,0,0,0,0,0,0,0,0,0,0,0,0
SHERMAN COUNTY,421,93 Years,3,1,2,3,1,2,0,0,0,0,0,0,0,0,0,0,0,0
SHERMAN COUNTY,421,94 Years,3,1,2,2,1,1,0,0,0,0,0,0,1,0,1,0,0,0
SHERMAN COUNTY,421,95 Years +,11,4,7,8,3,5,0,0,0,0,0,0,1,0,1,2,1,1
SMITH COUNTY,423,All Ages,244908,118112,126796,141032,67724,73308,42191,19587,22604,4329,2011,2318,5595,2718,2877,51761,26072,25689
SMITH COUNTY,423,< 1 Year,3083,1582,1501,1325,681,644,534,272,262,46,22,24,178,90,88,1000,517,483
SMITH COUNTY,423,1 Years,2994,1525,1469,1276,651,625,544,277,267,43,21,22,142,72,70,989,504,485
SMITH COUNTY,423,2 Years,2996,1529,1467,1289,658,631,544,278,266,43,22,21,141,72,69,979,499,480
SMITH COUNTY,423,3 Years,3060,1561,1499,1372,700,672,518,264,254,39,18,21,142,69,73,989,510,479
SMITH COUNTY,423,4 Years,3130,1596,1534,1405,723,682,523,261,262,43,21,22,152,77,75,1007,514,493
SMITH COUNTY,423,5 Years,3234,1654,1580,1461,747,714,532,266,266,47,27,20,153,84,69,1041,530,511
SMITH COUNTY,423,6 Years,3324,1692,1632,1498,760,738,562,281,281,48,28,20,151,85,66,1065,538,527
SMITH COUNTY,423,7 Years,3385,1729,1656,1525,771,754,575,292,283,46,27,19,147,86,61,1092,553,539
SMITH COUNTY,423,8 Years,3429,1772,1657,1569,801,768,562,291,271,54,30,24,150,80,70,1094,570,524
SMITH COUNTY,423,9 Years,3419,1767,1652,1568,803,765,543,281,262,62,31,31,149,76,73,1097,576,521
SMITH COUNTY,423,10 Years,3361,1719,1642,1538,771,767,537,277,260,62,30,32,145,71,74,1079,570,509
SMITH COUNTY,423,11 Years,3314,1684,1630,1517,758,759,531,272,259,62,28,34,136,60,76,1068,566,502
SMITH COUNTY,423,12 Years,3187,1628,1559,1470,750,720,525,260,265,51,32,19,120,49,71,1021,537,484
SMITH COUNTY,423,13 Years,3161,1625,1536,1473,749,724,563,299,264,61,36,25,110,51,59,954,490,464
SMITH COUNTY,423,14 Years,3197,1672,1525,1483,768,715,569,306,263,67,32,35,123,62,61,955,504,451
SMITH COUNTY,423,15 Years,3363,1753,1610,1569,841,728,585,304,281,63,30,33,108,54,54,1038,524,514
SMITH COUNTY,423,16 Years,3362,1730,1632,1620,846,774,580,292,288,54,32,22,100,53,47,1008,507,501
SMITH COUNTY,423,17 Years,3239,1664,1575,1558,798,760,585,292,293,63,35,28,96,53,43,937,486,451
SMITH COUNTY,423,18 Years,3820,1972,1848,1717,877,840,978,509,469,66,30,36,109,63,46,950,493,457
SMITH COUNTY,423,19 Years,3887,1946,1941,1713,844,869,1048,536,512,68,28,40,103,57,46,955,481,474
SMITH COUNTY,423,20 Years,3746,1856,1890,1709,840,869,926,464,462,69,26,43,90,50,40,952,476,476
SMITH COUNTY,423,21 Years,3618,1800,1818,1704,852,852,831,408,423,75,30,45,85,46,39,923,464,459
SMITH COUNTY,423,22 Years,2827,1443,1384,1368,716,652,425,203,222,82,36,46,83,47,36,869,441,428
SMITH COUNTY,423,23 Years,2885,1394,1491,1396,678,718,433,204,229,71,34,37,92,54,38,893,424,469
SMITH COUNTY,423,24 Years,2956,1392,1564,1448,669,779,485,239,246,60,29,31,92,49,43,871,406,465
SMITH COUNTY,423,25 Years,3182,1520,1662,1567,751,816,608,303,305,60,26,34,92,45,47,855,395,460
SMITH COUNTY,423,26 Years,3353,1649,1704,1713,851,862,648,324,324,66,33,33,97,49,48,829,392,437
SMITH COUNTY,423,27 Years,3449,1689,1760,1800,878,922,680,336,344,50,31,19,87,43,44,832,401,431
SMITH COUNTY,423,28 Years,3214,1582,1632,1671,831,840,622,302,320,51,23,28,75,34,41,795,392,403
SMITH COUNTY,423,29 Years,3166,1552,1614,1606,807,799,643,296,347,62,23,39,75,38,37,780,388,392
SMITH COUNTY,423,30 Years,3227,1578,1649,1648,807,841,649,299,350,51,23,28,79,42,37,800,407,393
SMITH COUNTY,423,31 Years,3664,1755,1909,1974,943,1031,728,327,401,50,25,25,80,39,41,832,421,411
SMITH COUNTY,423,32 Years,3681,1752,1929,2068,998,1070,680,299,381,50,24,26,84,40,44,799,391,408
SMITH COUNTY,423,33 Years,3242,1587,1655,1811,896,915,567,259,308,50,28,22,76,36,40,738,368,370
SMITH COUNTY,423,34 Years,3186,1556,1630,1785,885,900,563,258,305,51,30,21,70,28,42,717,355,362
SMITH COUNTY,423,35 Years,3163,1530,1633,1771,868,903,565,253,312,68,36,32,66,26,40,693,347,346
SMITH COUNTY,423,36 Years,3027,1456,1571,1663,797,866,549,252,297,74,36,38,53,26,27,688,345,343
SMITH COUNTY,423,37 Years,2932,1413,1519,1590,767,823,526,236,290,71,31,40,53,25,28,692,354,338
SMITH COUNTY,423,38 Years,3029,1410,1619,1679,779,900,537,242,295,78,32,46,50,21,29,685,336,349
SMITH COUNTY,423,39 Years,3044,1441,1603,1685,804,881,532,235,297,82,33,49,42,18,24,703,351,352
SMITH COUNTY,423,40 Years,2922,1382,1540,1648,785,863,506,220,286,61,30,31,38,16,22,669,331,338
SMITH COUNTY,423,41 Years,2870,1373,1497,1593,764,829,525,237,288,63,31,32,38,17,21,651,324,327
SMITH COUNTY,423,42 Years,2857,1387,1470,1574,770,804,526,245,281,74,33,41,38,15,23,645,324,321
SMITH COUNTY,423,43 Years,2786,1338,1448,1595,780,815,483,219,264,72,33,39,38,15,23,598,291,307
SMITH COUNTY,423,44 Years,2690,1306,1384,1556,769,787,439,196,243,71,28,43,31,13,18,593,300,293
SMITH COUNTY,423,45 Years,2586,1269,1317,1502,741,761,396,178,218,63,26,37,29,13,16,596,311,285
SMITH COUNTY,423,46 Years,2601,1276,1325,1487,728,759,402,179,223,75,35,40,31,15,16,606,319,287
SMITH COUNTY,423,47 Years,2593,1242,1351,1501,727,774,410,171,239,68,32,36,35,16,19,579,296,283
SMITH COUNTY,423,48 Years,2568,1187,1381,1467,696,771,425,173,252,64,28,36,37,16,21,575,274,301
SMITH COUNTY,423,49 Years,2647,1239,1408,1505,731,774,469,192,277,72,31,41,33,15,18,568,270,298
SMITH COUNTY,423,50 Years,2738,1266,1472,1592,764,828,492,204,288,71,29,42,34,16,18,549,253,296
SMITH COUNTY,423,51 Years,2935,1355,1580,1773,833,940,502,212,290,77,32,45,35,18,17,548,260,288
SMITH COUNTY,423,52 Years,2893,1353,1540,1766,841,925,475,202,273,79,32,47,37,20,17,536,258,278
SMITH COUNTY,423,53 Years,2742,1325,1417,1723,852,871,421,183,238,64,30,34,30,13,17,504,247,257
SMITH COUNTY,423,54 Years,2685,1284,1401,1663,814,849,426,185,241,68,25,43,37,12,25,491,248,243
SMITH COUNTY,423,55 Years,2674,1262,1412,1656,808,848,443,196,247,70,25,45,41,14,27,464,219,245
SMITH COUNTY,423,56 Years,2637,1280,1357,1624,800,824,465,208,257,52,24,28,42,13,29,454,235,219
SMITH COUNTY,423,57 Years,2698,1304,1394,1672,812,860,484,219,265,45,24,21,43,13,30,454,236,218
SMITH COUNTY,423,58 Years,2874,1381,1493,1854,880,974,507,234,273,47,22,25,37,14,23,429,231,198
SMITH COUNTY,423,59 Years,2940,1398,1542,1985,937,1048,497,224,273,47,19,28,34,12,22,377,206,171
SMITH COUNTY,423,60 Years,2894,1364,1530,1943,918,1025,518,226,292,39,20,19,33,11,22,361,189,172
SMITH COUNTY,423,61 Years,2915,1372,1543,2005,933,1072,488,217,271,36,23,13,37,19,18,349,180,169
SMITH COUNTY,423,62 Years,2962,1411,1551,2030,963,1067,503,224,279,42,22,20,35,18,17,352,184,168
SMITH COUNTY,423,63 Years,2869,1356,1513,1967,936,1031,480,210,270,48,21,27,39,18,21,335,171,164
SMITH COUNTY,423,64 Years,2855,1319,1536,1989,932,1057,469,197,272,43,20,23,38,18,20,316,152,164
SMITH COUNTY,423,65 Years,2822,1313,1509,1977,932,1045,476,204,272,34,14,20,43,19,24,292,144,148
SMITH COUNTY,423,66 Years,2831,1331,1500,1997,942,1055,474,212,262,36,17,19,41,14,27,283,146,137
SMITH COUNTY,423,67 Years,2790,1269,1521,1989,897,1092,477,212,265,37,14,23,37,12,25,250,134,116
SMITH COUNTY,423,68 Years,2738,1243,1495,2010,918,1092,449,187,262,27,7,20,30,13,17,222,118,104
SMITH COUNTY,423,69 Years,2553,1168,1385,1895,880,1015,408,165,243,27,8,19,30,15,15,193,100,93
SMITH COUNTY,423,70 Years,2443,1164,1279,1842,881,961,375,167,208,31,13,18,28,14,14,167,89,78
SMITH COUNTY,423,71 Years,2352,1094,1258,1766,823,943,369,169,200,32,15,17,25,13,12,160,74,86
SMITH COUNTY,423,72 Years,2343,1062,1281,1792,815,977,347,153,194,28,12,16,25,11,14,151,71,80
SMITH COUNTY,423,73 Years,2163,972,1191,1673,749,924,312,137,175,27,10,17,21,9,12,130,67,63
SMITH COUNTY,423,74 Years,2130,975,1155,1680,770,910,294,130,164,22,8,14,23,9,14,111,58,53
SMITH COUNTY,423,75 Years,2139,953,1186,1714,780,934,275,112,163,20,4,16,24,9,15,106,48,58
SMITH COUNTY,423,76 Years,1787,794,993,1436,651,785,219,84,135,17,6,11,18,8,10,97,45,52
SMITH COUNTY,423,77 Years,1656,725,931,1334,593,741,203,79,124,10,4,6,20,8,12,89,41,48
SMITH COUNTY,423,78 Years,1610,707,903,1300,578,722,186,70,116,10,5,5,18,8,10,96,46,50
SMITH COUNTY,423,79 Years,1505,664,841,1220,540,680,175,71,104,11,5,6,14,6,8,85,42,43
SMITH COUNTY,423,80 Years,1350,595,755,1113,488,625,145,60,85,11,5,6,11,6,5,70,36,34
SMITH COUNTY,423,81 Years,1244,524,720,1030,432,598,139,56,83,8,4,4,13,6,7,54,26,28
SMITH COUNTY,423,82 Years,1154,487,667,951,405,546,133,49,84,8,4,4,13,6,7,49,23,26
SMITH COUNTY,423,83 Years,1017,437,580,849,366,483,104,39,65,7,3,4,13,6,7,44,23,21
SMITH COUNTY,423,84 Years,913,399,514,765,340,425,91,31,60,6,3,3,13,6,7,38,19,19
SMITH COUNTY,423,85 Years,827,355,472,694,302,392,85,31,54,7,3,4,10,4,6,31,15,16
SMITH COUNTY,423,86 Years,755,313,442,630,261,369,78,29,49,7,4,3,9,4,5,31,15,16
SMITH COUNTY,423,87 Years,699,270,429,583,227,356,77,24,53,6,3,3,8,3,5,25,13,12
SMITH COUNTY,423,88 Years,582,220,362,479,186,293,72,21,51,5,3,2,6,2,4,20,8,12
SMITH COUNTY,423,89 Years,491,185,306,396,153,243,65,20,45,5,2,3,5,2,3,20,8,12
SMITH COUNTY,423,90 Years,422,150,272,343,126,217,54,16,38,3,1,2,4,1,3,18,6,12
SMITH COUNTY,423,91 Years,372,138,234,304,117,187,47,14,33,4,2,2,4,1,3,13,4,9
SMITH COUNTY,423,92 Years,301,108,193,249,92,157,36,11,25,2,1,1,3,0,3,11,4,7
SMITH COUNTY,423,93 Years,243,85,158,201,72,129,29,8,21,2,1,1,3,1,2,8,3,5
SMITH COUNTY,423,94 Years,192,69,123,156,58,98,25,6,19,1,1,0,3,1,2,7,3,4
SMITH COUNTY,423,95 Years +,517,159,358,392,122,270,86,20,66,8,5,3,4,1,3,27,11,16
SOMERVELL COUNTY,425,All Ages,9880,4869,5011,7267,3578,3689,50,35,15,52,18,34,221,102,119,2290,1136,1154
SOMERVELL COUNTY,425,< 1 Year,98,48,50,56,28,28,1,0,1,1,0,1,4,2,2,36,18,18
SOMERVELL COUNTY,425,1 Years,97,49,48,51,26,25,1,1,0,1,0,1,5,2,3,39,20,19
SOMERVELL COUNTY,425,2 Years,96,47,49,50,25,25,1,0,1,1,0,1,4,2,2,40,20,20
SOMERVELL COUNTY,425,3 Years,97,53,44,68,37,31,1,1,0,0,0,0,1,0,1,27,15,12
SOMERVELL COUNTY,425,4 Years,97,55,42,70,39,31,1,1,0,0,0,0,2,2,0,24,13,11
SOMERVELL COUNTY,425,5 Years,104,54,50,74,39,35,1,1,0,0,0,0,5,2,3,24,12,12
SOMERVELL COUNTY,425,6 Years,102,54,48,73,39,34,1,1,0,1,1,0,5,2,3,22,11,11
SOMERVELL COUNTY,425,7 Years,100,52,48,70,37,33,1,1,0,0,0,0,3,1,2,26,13,13
SOMERVELL COUNTY,425,8 Years,107,54,53,71,36,35,1,1,0,0,0,0,2,2,0,33,15,18
SOMERVELL COUNTY,425,9 Years,115,54,61,71,34,37,1,1,0,1,1,0,5,3,2,37,15,22
SOMERVELL COUNTY,425,10 Years,118,54,64,75,35,40,1,1,0,1,1,0,9,3,6,32,14,18
SOMERVELL COUNTY,425,11 Years,120,55,65,77,35,42,1,1,0,1,0,1,9,4,5,32,15,17
SOMERVELL COUNTY,425,12 Years,122,58,64,82,39,43,1,1,0,2,2,0,1,1,0,36,15,21
SOMERVELL COUNTY,425,13 Years,123,60,63,84,40,44,2,1,1,0,0,0,2,2,0,35,17,18
SOMERVELL COUNTY,425,14 Years,147,73,74,103,52,51,2,1,1,0,0,0,3,2,1,39,18,21
SOMERVELL COUNTY,425,15 Years,146,72,74,99,49,50,1,1,0,1,0,1,1,0,1,44,22,22
SOMERVELL COUNTY,425,16 Years,140,69,71,91,45,46,2,1,1,1,0,1,6,1,5,40,22,18
SOMERVELL COUNTY,425,17 Years,128,72,56,78,44,34,3,1,2,3,2,1,6,3,3,38,22,16
SOMERVELL COUNTY,425,18 Years,122,59,63,80,41,39,3,1,2,2,1,1,4,2,2,33,14,19
SOMERVELL COUNTY,425,19 Years,135,59,76,84,38,46,1,0,1,2,1,1,4,3,1,44,17,27
SOMERVELL COUNTY,425,20 Years,137,67,70,92,47,45,0,0,0,2,1,1,4,3,1,39,16,23
SOMERVELL COUNTY,425,21 Years,130,62,68,83,40,43,0,0,0,1,0,1,4,1,3,42,21,21
SOMERVELL COUNTY,425,22 Years,117,60,57,64,32,32,4,3,1,1,0,1,3,1,2,45,24,21
SOMERVELL COUNTY,425,23 Years,87,49,38,47,26,21,2,2,0,0,0,0,6,2,4,32,19,13
SOMERVELL COUNTY,425,24 Years,88,48,40,50,28,22,0,0,0,0,0,0,6,1,5,32,19,13
SOMERVELL COUNTY,425,25 Years,103,61,42,62,37,25,0,0,0,0,0,0,3,1,2,38,23,15
SOMERVELL COUNTY,425,26 Years,105,61,44,72,42,30,0,0,0,0,0,0,1,1,0,32,18,14
SOMERVELL COUNTY,425,27 Years,109,61,48,72,41,31,0,0,0,0,0,0,2,1,1,35,19,16
SOMERVELL COUNTY,425,28 Years,95,48,47,63,35,28,0,0,0,1,0,1,2,0,2,29,13,16
SOMERVELL COUNTY,425,29 Years,109,49,60,78,35,43,1,1,0,1,0,1,1,0,1,28,13,15
SOMERVELL COUNTY,425,30 Years,111,48,63,78,33,45,0,0,0,0,0,0,1,0,1,32,15,17
SOMERVELL COUNTY,425,31 Years,98,48,50,70,34,36,0,0,0,0,0,0,1,1,0,27,13,14
SOMERVELL COUNTY,425,32 Years,92,47,45,62,33,29,0,0,0,0,0,0,2,1,1,28,13,15
SOMERVELL COUNTY,425,33 Years,120,64,56,72,38,34,0,0,0,1,0,1,5,4,1,42,22,20
SOMERVELL COUNTY,425,34 Years,118,59,59,80,39,41,0,0,0,1,0,1,2,2,0,35,18,17
SOMERVELL COUNTY,425,35 Years,106,52,54,75,37,38,0,0,0,1,0,1,0,0,0,30,15,15
SOMERVELL COUNTY,425,36 Years,112,54,58,74,34,40,0,0,0,1,0,1,1,0,1,36,20,16
SOMERVELL COUNTY,425,37 Years,106,51,55,68,30,38,0,0,0,2,0,2,0,0,0,36,21,15
SOMERVELL COUNTY,425,38 Years,121,56,65,88,41,47,1,0,1,0,0,0,1,0,1,31,15,16
SOMERVELL COUNTY,425,39 Years,123,62,61,93,50,43,1,0,1,0,0,0,1,0,1,28,12,16
SOMERVELL COUNTY,425,40 Years,136,62,74,87,45,42,1,0,1,1,0,1,3,3,0,44,14,30
SOMERVELL COUNTY,425,41 Years,130,66,64,87,45,42,1,0,1,1,0,1,1,1,0,40,20,20
SOMERVELL COUNTY,425,42 Years,120,66,54,77,38,39,4,4,0,1,0,1,1,0,1,37,24,13
SOMERVELL COUNTY,425,43 Years,130,64,66,79,39,40,1,1,0,4,0,4,1,0,1,45,24,21
SOMERVELL COUNTY,425,44 Years,129,61,68,85,40,45,0,0,0,1,0,1,4,1,3,39,20,19
SOMERVELL COUNTY,425,45 Years,123,58,65,89,41,48,0,0,0,0,0,0,3,1,2,31,16,15
SOMERVELL COUNTY,425,46 Years,121,59,62,79,39,40,0,0,0,0,0,0,2,1,1,40,19,21
SOMERVELL COUNTY,425,47 Years,123,60,63,83,40,43,0,0,0,1,1,0,1,1,0,38,18,20
SOMERVELL COUNTY,425,48 Years,120,51,69,85,39,46,1,1,0,2,1,1,0,0,0,32,10,22
SOMERVELL COUNTY,425,49 Years,125,56,69,91,47,44,1,1,0,1,0,1,2,1,1,30,7,23
SOMERVELL COUNTY,425,50 Years,118,54,64,85,41,44,0,0,0,2,1,1,2,1,1,29,11,18
SOMERVELL COUNTY,425,51 Years,126,62,64,97,47,50,1,1,0,0,0,0,2,1,1,26,13,13
SOMERVELL COUNTY,425,52 Years,134,67,67,110,53,57,0,0,0,1,1,0,0,0,0,23,13,10
SOMERVELL COUNTY,425,53 Years,132,59,73,103,47,56,0,0,0,0,0,0,3,1,2,26,11,15
SOMERVELL COUNTY,425,54 Years,110,45,65,82,35,47,0,0,0,0,0,0,2,1,1,26,9,17
SOMERVELL COUNTY,425,55 Years,125,60,65,89,40,49,0,0,0,0,0,0,2,1,1,34,19,15
SOMERVELL COUNTY,425,56 Years,141,70,71,103,47,56,1,1,0,2,2,0,2,1,1,33,19,14
SOMERVELL COUNTY,425,57 Years,145,75,70,111,53,58,1,1,0,0,0,0,2,1,1,31,20,11
SOMERVELL COUNTY,425,58 Years,149,72,77,117,52,65,0,0,0,0,0,0,2,0,2,30,20,10
SOMERVELL COUNTY,425,59 Years,143,73,70,111,50,61,0,0,0,1,1,0,4,4,0,27,18,9
SOMERVELL COUNTY,425,60 Years,137,73,64,115,60,55,0,0,0,0,0,0,4,3,1,18,10,8
SOMERVELL COUNTY,425,61 Years,156,83,73,130,70,60,1,1,0,0,0,0,6,2,4,19,10,9
SOMERVELL COUNTY,425,62 Years,143,67,76,125,59,66,0,0,0,0,0,0,3,1,2,15,7,8
SOMERVELL COUNTY,425,63 Years,148,73,75,130,64,66,0,0,0,0,0,0,2,1,1,16,8,8
SOMERVELL COUNTY,425,64 Years,150,82,68,132,73,59,0,0,0,0,0,0,1,0,1,17,9,8
SOMERVELL COUNTY,425,65 Years,145,77,68,126,69,57,0,0,0,0,0,0,2,1,1,17,7,10
SOMERVELL COUNTY,425,66 Years,134,73,61,118,66,52,0,0,0,0,0,0,4,2,2,12,5,7
SOMERVELL COUNTY,425,67 Years,127,63,64,113,56,57,0,0,0,0,0,0,3,1,2,11,6,5
SOMERVELL COUNTY,425,68 Years,115,52,63,100,45,55,0,0,0,0,0,0,3,1,2,12,6,6
SOMERVELL COUNTY,425,69 Years,116,54,62,99,45,54,0,0,0,0,0,0,2,1,1,15,8,7
SOMERVELL COUNTY,425,70 Years,121,61,60,104,51,53,0,0,0,0,0,0,2,2,0,15,8,7
SOMERVELL COUNTY,425,71 Years,115,65,50,102,56,46,1,1,0,0,0,0,2,1,1,10,7,3
SOMERVELL COUNTY,425,72 Years,119,66,53,107,59,48,0,0,0,0,0,0,2,1,1,10,6,4
SOMERVELL COUNTY,425,73 Years,118,60,58,105,54,51,0,0,0,1,0,1,1,0,1,11,6,5
SOMERVELL COUNTY,425,74 Years,114,58,56,103,53,50,0,0,0,1,0,1,1,0,1,9,5,4
SOMERVELL COUNTY,425,75 Years,96,43,53,86,40,46,0,0,0,0,0,0,2,0,2,8,3,5
SOMERVELL COUNTY,425,76 Years,77,33,44,69,30,39,0,0,0,0,0,0,1,0,1,7,3,4
SOMERVELL COUNTY,425,77 Years,66,31,35,59,27,32,0,0,0,0,0,0,2,2,0,5,2,3
SOMERVELL COUNTY,425,78 Years,67,34,33,60,31,29,0,0,0,1,0,1,1,1,0,5,2,3
SOMERVELL COUNTY,425,79 Years,59,32,27,52,29,23,0,0,0,0,0,0,2,1,1,5,2,3
SOMERVELL COUNTY,425,80 Years,54,29,25,49,28,21,0,0,0,0,0,0,1,0,1,4,1,3
SOMERVELL COUNTY,425,81 Years,48,23,25,44,22,22,0,0,0,0,0,0,1,0,1,3,1,2
SOMERVELL COUNTY,425,82 Years,40,19,21,37,17,20,0,0,0,0,0,0,1,1,0,2,1,1
SOMERVELL COUNTY,425,83 Years,35,16,19,32,14,18,0,0,0,1,1,0,0,0,0,2,1,1
SOMERVELL COUNTY,425,84 Years,39,14,25,35,12,23,0,0,0,0,0,0,1,0,1,3,2,1
SOMERVELL COUNTY,425,85 Years,41,15,26,36,13,23,0,0,0,0,0,0,1,0,1,4,2,2
SOMERVELL COUNTY,425,86 Years,32,12,20,29,11,18,0,0,0,0,0,0,0,0,0,3,1,2
SOMERVELL COUNTY,425,87 Years,25,11,14,23,10,13,0,0,0,0,0,0,0,0,0,2,1,1
SOMERVELL COUNTY,425,88 Years,30,12,18,27,11,16,0,0,0,0,0,0,1,0,1,2,1,1
SOMERVELL COUNTY,425,89 Years,29,8,21,27,8,19,0,0,0,0,0,0,0,0,0,2,0,2
SOMERVELL COUNTY,425,90 Years,22,7,15,21,7,14,0,0,0,0,0,0,1,0,1,0,0,0
SOMERVELL COUNTY,425,91 Years,15,4,11,13,3,10,0,0,0,0,0,0,0,0,0,2,1,1
SOMERVELL COUNTY,425,92 Years,16,5,11,13,3,10,0,0,0,0,0,0,1,1,0,2,1,1
SOMERVELL COUNTY,425,93 Years,11,5,6,10,4,6,0,0,0,0,0,0,1,1,0,0,0,0
SOMERVELL COUNTY,425,94 Years,11,4,7,11,4,7,0,0,0,0,0,0,0,0,0,0,0,0
SOMERVELL COUNTY,425,95 Years +,28,7,21,25,6,19,0,0,0,0,0,0,0,0,0,3,1,2
STARR COUNTY,427,All Ages,65740,32164,33576,2694,1333,1361,12,10,2,141,69,72,72,35,37,62821,30717,32104
STARR COUNTY,427,< 1 Year,1041,530,511,41,21,20,0,0,0,1,0,1,5,3,2,994,506,488
STARR COUNTY,427,1 Years,1031,527,504,56,28,28,0,0,0,1,1,0,5,3,2,969,495,474
STARR COUNTY,427,2 Years,1028,523,505,55,28,27,0,0,0,1,0,1,5,3,2,967,492,475
STARR COUNTY,427,3 Years,1182,598,584,26,14,12,1,0,1,1,0,1,1,1,0,1153,583,570
STARR COUNTY,427,4 Years,1233,620,613,17,9,8,1,0,1,1,0,1,0,0,0,1214,611,603
STARR COUNTY,427,5 Years,1240,626,614,20,12,8,0,0,0,1,0,1,0,0,0,1219,614,605
STARR COUNTY,427,6 Years,1261,633,628,20,13,7,0,0,0,1,0,1,0,0,0,1240,620,620
STARR COUNTY,427,7 Years,1293,647,646,22,11,11,0,0,0,1,0,1,0,0,0,1270,636,634
STARR COUNTY,427,8 Years,1337,656,681,30,13,17,1,1,0,0,0,0,4,1,3,1302,641,661
STARR COUNTY,427,9 Years,1351,678,673,37,16,21,1,1,0,0,0,0,2,1,1,1311,660,651
STARR COUNTY,427,10 Years,1345,672,673,33,13,20,1,1,0,0,0,0,0,0,0,1311,658,653
STARR COUNTY,427,11 Years,1354,676,678,31,15,16,1,1,0,2,2,0,0,0,0,1320,658,662
STARR COUNTY,427,12 Years,1172,588,584,25,12,13,1,1,0,1,1,0,0,0,0,1145,574,571
STARR COUNTY,427,13 Years,1062,524,538,39,18,21,1,1,0,1,1,0,1,1,0,1020,503,517
STARR COUNTY,427,14 Years,1024,508,516,51,24,27,0,0,0,2,1,1,1,1,0,970,482,488
STARR COUNTY,427,15 Years,1053,533,520,54,26,28,0,0,0,0,0,0,2,0,2,997,507,490
STARR COUNTY,427,16 Years,1084,536,548,52,23,29,0,0,0,1,0,1,0,0,0,1031,513,518
STARR COUNTY,427,17 Years,1078,528,550,52,25,27,0,0,0,2,1,1,1,1,0,1023,501,522
STARR COUNTY,427,18 Years,1056,498,558,36,18,18,0,0,0,3,2,1,0,0,0,1017,478,539
STARR COUNTY,427,19 Years,1048,503,545,36,19,17,0,0,0,2,1,1,0,0,0,1010,483,527
STARR COUNTY,427,20 Years,1073,518,555,43,23,20,0,0,0,1,1,0,0,0,0,1029,494,535
STARR COUNTY,427,21 Years,1068,521,547,44,24,20,0,0,0,1,1,0,0,0,0,1023,496,527
STARR COUNTY,427,22 Years,1048,538,510,42,23,19,0,0,0,2,1,1,2,2,0,1002,512,490
STARR COUNTY,427,23 Years,1002,515,487,42,22,20,0,0,0,1,1,0,2,2,0,957,490,467
STARR COUNTY,427,24 Years,1001,513,488,44,22,22,0,0,0,2,2,0,3,1,2,952,488,464
STARR COUNTY,427,25 Years,1001,529,472,38,16,22,0,0,0,5,5,0,1,0,1,957,508,449
STARR COUNTY,427,26 Years,1052,546,506,41,18,23,0,0,0,6,4,2,0,0,0,1005,524,481
STARR COUNTY,427,27 Years,1024,527,497,37,18,19,0,0,0,3,0,3,3,2,1,981,507,474
STARR COUNTY,427,28 Years,935,480,455,32,17,15,0,0,0,2,1,1,2,1,1,899,461,438
STARR COUNTY,427,29 Years,926,476,450,34,19,15,0,0,0,2,0,2,2,1,1,888,456,432
STARR COUNTY,427,30 Years,931,472,459,35,18,17,0,0,0,4,1,3,2,1,1,890,452,438
STARR COUNTY,427,31 Years,915,470,445,40,21,19,1,1,0,1,0,1,2,1,1,871,447,424
STARR COUNTY,427,32 Years,893,468,425,40,23,17,1,1,0,0,0,0,1,0,1,851,444,407
STARR COUNTY,427,33 Years,807,439,368,38,24,14,0,0,0,1,0,1,0,0,0,768,415,353
STARR COUNTY,427,34 Years,762,416,346,35,20,15,0,0,0,1,0,1,2,1,1,724,395,329
STARR COUNTY,427,35 Years,724,392,332,34,19,15,0,0,0,2,1,1,0,0,0,688,372,316
STARR COUNTY,427,36 Years,728,381,347,27,16,11,2,2,0,1,0,1,0,0,0,698,363,335
STARR COUNTY,427,37 Years,750,389,361,26,14,12,0,0,0,2,1,1,2,2,0,720,372,348
STARR COUNTY,427,38 Years,738,389,349,28,17,11,0,0,0,2,2,0,2,2,0,706,368,338
STARR COUNTY,427,39 Years,720,376,344,30,18,12,0,0,0,4,3,1,0,0,0,686,355,331
STARR COUNTY,427,40 Years,736,378,358,27,15,12,0,0,0,2,1,1,0,0,0,707,362,345
STARR COUNTY,427,41 Years,744,374,370,30,16,14,0,0,0,1,0,1,1,0,1,712,358,354
STARR COUNTY,427,42 Years,756,381,375,25,13,12,0,0,0,2,1,1,0,0,0,729,367,362
STARR COUNTY,427,43 Years,717,360,357,20,8,12,0,0,0,1,1,0,0,0,0,696,351,345
STARR COUNTY,427,44 Years,696,328,368,25,8,17,0,0,0,2,2,0,0,0,0,669,318,351
STARR COUNTY,427,45 Years,679,325,354,27,9,18,0,0,0,2,1,1,2,0,2,648,315,333
STARR COUNTY,427,46 Years,707,337,370,27,10,17,0,0,0,1,1,0,1,0,1,678,326,352
STARR COUNTY,427,47 Years,747,363,384,25,11,14,0,0,0,3,1,2,0,0,0,719,351,368
STARR COUNTY,427,48 Years,727,354,373,21,12,9,0,0,0,4,2,2,1,0,1,701,340,361
STARR COUNTY,427,49 Years,707,349,358,21,10,11,0,0,0,5,2,3,1,0,1,680,337,343
STARR COUNTY,427,50 Years,739,354,385,26,13,13,0,0,0,3,1,2,0,0,0,710,340,370
STARR COUNTY,427,51 Years,738,360,378,34,18,16,0,0,0,2,1,1,2,0,2,700,341,359
STARR COUNTY,427,52 Years,733,361,372,31,15,16,0,0,0,3,2,1,1,0,1,698,344,354
STARR COUNTY,427,53 Years,733,354,379,34,19,15,0,0,0,1,0,1,0,0,0,698,335,363
STARR COUNTY,427,54 Years,713,331,382,35,18,17,0,0,0,1,0,1,1,1,0,676,312,364
STARR COUNTY,427,55 Years,690,300,390,35,17,18,0,0,0,1,0,1,0,0,0,654,283,371
STARR COUNTY,427,56 Years,655,290,365,30,14,16,0,0,0,2,1,1,0,0,0,623,275,348
STARR COUNTY,427,57 Years,614,286,328,31,14,17,0,0,0,3,1,2,0,0,0,580,271,309
STARR COUNTY,427,58 Years,572,268,304,34,17,17,0,0,0,3,2,1,0,0,0,535,249,286
STARR COUNTY,427,59 Years,549,258,291,24,13,11,0,0,0,2,1,1,0,0,0,523,244,279
STARR COUNTY,427,60 Years,527,241,286,24,10,14,0,0,0,1,0,1,0,0,0,502,231,271
STARR COUNTY,427,61 Years,539,247,292,26,9,17,0,0,0,1,0,1,0,0,0,512,238,274
STARR COUNTY,427,62 Years,565,253,312,26,13,13,0,0,0,0,0,0,0,0,0,539,240,299
STARR COUNTY,427,63 Years,532,231,301,26,16,10,0,0,0,2,1,1,0,0,0,504,214,290
STARR COUNTY,427,64 Years,501,222,279,30,18,12,0,0,0,3,2,1,0,0,0,468,202,266
STARR COUNTY,427,65 Years,485,224,261,25,14,11,0,0,0,3,1,2,3,1,2,454,208,246
STARR COUNTY,427,66 Years,473,218,255,24,13,11,0,0,0,2,0,2,2,1,1,445,204,241
STARR COUNTY,427,67 Years,453,205,248,23,13,10,0,0,0,1,0,1,1,1,0,428,191,237
STARR COUNTY,427,68 Years,424,184,240,21,12,9,0,0,0,1,0,1,1,0,1,401,172,229
STARR COUNTY,427,69 Years,406,172,234,27,13,14,0,0,0,3,2,1,1,0,1,375,157,218
STARR COUNTY,427,70 Years,385,157,228,23,7,16,0,0,0,1,1,0,1,0,1,360,149,211
STARR COUNTY,427,71 Years,387,163,224,23,9,14,0,0,0,0,0,0,0,0,0,364,154,210
STARR COUNTY,427,72 Years,404,177,227,18,8,10,0,0,0,1,0,1,0,0,0,385,169,216
STARR COUNTY,427,73 Years,401,170,231,15,8,7,0,0,0,2,1,1,0,0,0,384,161,223
STARR COUNTY,427,74 Years,386,157,229,18,10,8,0,0,0,2,1,1,0,0,0,366,146,220
STARR COUNTY,427,75 Years,368,154,214,20,9,11,0,0,0,1,1,0,0,0,0,347,144,203
STARR COUNTY,427,76 Years,332,141,191,17,5,12,0,0,0,1,0,1,0,0,0,314,136,178
STARR COUNTY,427,77 Years,316,136,180,20,8,12,0,0,0,1,0,1,0,0,0,295,128,167
STARR COUNTY,427,78 Years,278,119,159,19,7,12,0,0,0,1,0,1,0,0,0,258,112,146
STARR COUNTY,427,79 Years,257,115,142,19,7,12,0,0,0,0,0,0,0,0,0,238,108,130
STARR COUNTY,427,80 Years,223,102,121,16,7,9,0,0,0,1,0,1,0,0,0,206,95,111
STARR COUNTY,427,81 Years,222,97,125,16,7,9,0,0,0,0,0,0,0,0,0,206,90,116
STARR COUNTY,427,82 Years,213,93,120,16,7,9,0,0,0,0,0,0,0,0,0,197,86,111
STARR COUNTY,427,83 Years,200,84,116,19,11,8,0,0,0,0,0,0,0,0,0,181,73,108
STARR COUNTY,427,84 Years,180,75,105,18,10,8,0,0,0,2,2,0,0,0,0,160,63,97
STARR COUNTY,427,85 Years,154,61,93,14,8,6,0,0,0,0,0,0,0,0,0,140,53,87
STARR COUNTY,427,86 Years,143,55,88,13,6,7,0,0,0,0,0,0,0,0,0,130,49,81
STARR COUNTY,427,87 Years,127,50,77,11,6,5,0,0,0,0,0,0,0,0,0,116,44,72
STARR COUNTY,427,88 Years,95,39,56,16,7,9,0,0,0,0,0,0,0,0,0,79,32,47
STARR COUNTY,427,89 Years,73,28,45,15,6,9,0,0,0,0,0,0,0,0,0,58,22,36
STARR COUNTY,427,90 Years,67,27,40,12,5,7,0,0,0,1,1,0,0,0,0,54,21,33
STARR COUNTY,427,91 Years,63,24,39,11,5,6,0,0,0,1,1,0,0,0,0,51,18,33
STARR COUNTY,427,92 Years,56,19,37,10,5,5,0,0,0,0,0,0,0,0,0,46,14,32
STARR COUNTY,427,93 Years,40,14,26,7,4,3,0,0,0,0,0,0,0,0,0,33,10,23
STARR COUNTY,427,94 Years,34,9,25,7,2,5,0,0,0,0,0,0,0,0,0,27,7,20
STARR COUNTY,427,95 Years +,108,31,77,24,8,16,0,0,0,0,0,0,0,0,0,84,23,61
STEPHENS COUNTY,429,All Ages,9155,4825,4330,6290,3247,3043,189,127,62,41,27,14,152,82,70,2483,1342,1141
STEPHENS COUNTY,429,< 1 Year,105,54,51,58,30,28,2,1,1,1,0,1,4,2,2,40,21,19
STEPHENS COUNTY,429,1 Years,111,59,52,58,30,28,2,1,1,1,1,0,5,3,2,45,24,21
STEPHENS COUNTY,429,2 Years,113,59,54,60,31,29,2,1,1,1,1,0,4,2,2,46,24,22
STEPHENS COUNTY,429,3 Years,117,63,54,56,30,26,5,4,1,0,0,0,4,1,3,52,28,24
STEPHENS COUNTY,429,4 Years,113,59,54,55,30,25,3,1,2,0,0,0,2,1,1,53,27,26
STEPHENS COUNTY,429,5 Years,109,55,54,55,30,25,2,0,2,0,0,0,4,2,2,48,23,25
STEPHENS COUNTY,429,6 Years,109,58,51,56,32,24,0,0,0,2,1,1,5,3,2,46,22,24
STEPHENS COUNTY,429,7 Years,107,58,49,52,30,22,0,0,0,1,1,0,7,4,3,47,23,24
STEPHENS COUNTY,429,8 Years,109,61,48,60,35,25,1,1,0,1,1,0,4,3,1,43,21,22
STEPHENS COUNTY,429,9 Years,103,57,46,59,35,24,2,1,1,1,1,0,2,1,1,39,19,20
STEPHENS COUNTY,429,10 Years,101,52,49,56,32,24,4,1,3,0,0,0,2,1,1,39,18,21
STEPHENS COUNTY,429,11 Years,101,52,49,59,34,25,4,1,3,0,0,0,1,0,1,37,17,20
STEPHENS COUNTY,429,12 Years,109,62,47,64,38,26,3,1,2,0,0,0,1,0,1,41,23,18
STEPHENS COUNTY,429,13 Years,109,62,47,62,36,26,2,1,1,0,0,0,4,2,2,41,23,18
STEPHENS COUNTY,429,14 Years,108,61,47,66,39,27,1,1,0,1,0,1,2,2,0,38,19,19
STEPHENS COUNTY,429,15 Years,124,67,57,78,41,37,2,1,1,1,0,1,2,1,1,41,24,17
STEPHENS COUNTY,429,16 Years,124,61,63,78,37,41,2,1,1,1,0,1,0,0,0,43,23,20
STEPHENS COUNTY,429,17 Years,114,57,57,71,36,35,2,1,1,0,0,0,2,0,2,39,20,19
STEPHENS COUNTY,429,18 Years,145,83,62,87,49,38,3,1,2,0,0,0,3,2,1,52,31,21
STEPHENS COUNTY,429,19 Years,129,70,59,76,40,36,2,1,1,0,0,0,4,3,1,47,26,21
STEPHENS COUNTY,429,20 Years,142,95,47,85,59,26,5,4,1,0,0,0,4,3,1,48,29,19
STEPHENS COUNTY,429,21 Years,132,86,46,78,54,24,6,5,1,0,0,0,2,1,1,46,26,20
STEPHENS COUNTY,429,22 Years,129,87,42,71,48,23,5,5,0,0,0,0,1,0,1,52,34,18
STEPHENS COUNTY,429,23 Years,106,69,37,58,36,22,6,5,1,0,0,0,3,2,1,39,26,13
STEPHENS COUNTY,429,24 Years,118,86,32,66,46,20,7,7,0,0,0,0,3,2,1,42,31,11
STEPHENS COUNTY,429,25 Years,100,65,35,56,32,24,7,6,1,0,0,0,2,1,1,35,26,9
STEPHENS COUNTY,429,26 Years,96,59,37,53,29,24,6,4,2,2,2,0,2,2,0,33,22,11
STEPHENS COUNTY,429,27 Years,110,61,49,70,39,31,1,0,1,3,3,0,2,1,1,34,18,16
STEPHENS COUNTY,429,28 Years,109,60,49,66,36,30,2,2,0,1,1,0,1,0,1,39,21,18
STEPHENS COUNTY,429,29 Years,113,67,46,70,40,30,4,4,0,0,0,0,1,0,1,38,23,15
STEPHENS COUNTY,429,30 Years,105,64,41,59,31,28,5,5,0,0,0,0,3,3,0,38,25,13
STEPHENS COUNTY,429,31 Years,103,58,45,55,26,29,5,5,0,0,0,0,1,1,0,42,26,16
STEPHENS COUNTY,429,32 Years,102,58,44,62,34,28,6,5,1,0,0,0,0,0,0,34,19,15
STEPHENS COUNTY,429,33 Years,101,56,45,65,38,27,2,2,0,1,0,1,0,0,0,33,16,17
STEPHENS COUNTY,429,34 Years,117,68,49,70,42,28,2,2,0,1,0,1,4,3,1,40,21,19
STEPHENS COUNTY,429,35 Years,106,54,52,68,35,33,2,2,0,1,0,1,0,0,0,35,17,18
STEPHENS COUNTY,429,36 Years,105,55,50,70,36,34,2,2,0,1,0,1,0,0,0,32,17,15
STEPHENS COUNTY,429,37 Years,99,54,45,67,36,31,1,1,0,0,0,0,1,0,1,30,17,13
STEPHENS COUNTY,429,38 Years,111,59,52,69,36,33,4,3,1,0,0,0,1,0,1,37,20,17
STEPHENS COUNTY,429,39 Years,116,62,54,73,40,33,2,1,1,0,0,0,2,1,1,39,20,19
STEPHENS COUNTY,429,40 Years,119,67,52,77,44,33,4,3,1,0,0,0,1,0,1,37,20,17
STEPHENS COUNTY,429,41 Years,105,59,46,68,41,27,2,1,1,0,0,0,1,0,1,34,17,17
STEPHENS COUNTY,429,42 Years,109,64,45,65,38,27,3,3,0,2,2,0,2,1,1,37,20,17
STEPHENS COUNTY,429,43 Years,111,63,48,70,37,33,1,1,0,2,1,1,1,1,0,37,23,14
STEPHENS COUNTY,429,44 Years,109,62,47,75,40,35,1,1,0,2,1,1,1,1,0,30,19,11
STEPHENS COUNTY,429,45 Years,112,47,65,81,34,47,1,0,1,2,1,1,1,0,1,27,12,15
STEPHENS COUNTY,429,46 Years,106,54,52,71,35,36,2,1,1,1,1,0,1,0,1,31,17,14
STEPHENS COUNTY,429,47 Years,93,52,41,64,35,29,2,1,1,1,1,0,1,1,0,25,14,11
STEPHENS COUNTY,429,48 Years,86,51,35,60,34,26,3,2,1,1,1,0,0,0,0,22,14,8
STEPHENS COUNTY,429,49 Years,88,48,40,60,32,28,2,2,0,0,0,0,2,2,0,24,12,12
STEPHENS COUNTY,429,50 Years,87,47,40,60,32,28,2,2,0,0,0,0,1,1,0,24,12,12
STEPHENS COUNTY,429,51 Years,92,47,45,66,34,32,1,0,1,1,1,0,0,0,0,24,12,12
STEPHENS COUNTY,429,52 Years,93,46,47,68,31,37,1,0,1,1,1,0,2,2,0,21,12,9
STEPHENS COUNTY,429,53 Years,97,50,47,73,37,36,1,1,0,0,0,0,1,1,0,22,11,11
STEPHENS COUNTY,429,54 Years,105,54,51,75,38,37,2,2,0,0,0,0,0,0,0,28,14,14
STEPHENS COUNTY,429,55 Years,101,53,48,72,36,36,2,2,0,0,0,0,1,1,0,26,14,12
STEPHENS COUNTY,429,56 Years,97,53,44,68,36,32,2,2,0,0,0,0,4,1,3,23,14,9
STEPHENS COUNTY,429,57 Years,97,50,47,72,36,36,1,0,1,0,0,0,1,0,1,23,14,9
STEPHENS COUNTY,429,58 Years,102,47,55,82,37,45,1,0,1,0,0,0,0,0,0,19,10,9
STEPHENS COUNTY,429,59 Years,106,51,55,84,42,42,1,0,1,0,0,0,0,0,0,21,9,12
STEPHENS COUNTY,429,60 Years,129,63,66,106,52,54,1,1,0,0,0,0,0,0,0,22,10,12
STEPHENS COUNTY,429,61 Years,142,76,66,110,58,52,1,1,0,0,0,0,0,0,0,31,17,14
STEPHENS COUNTY,429,62 Years,138,64,74,107,48,59,2,1,1,0,0,0,1,1,0,28,14,14
STEPHENS COUNTY,429,63 Years,123,55,68,100,44,56,2,1,1,0,0,0,0,0,0,21,10,11
STEPHENS COUNTY,429,64 Years,109,50,59,89,41,48,1,1,0,0,0,0,2,2,0,17,6,11
STEPHENS COUNTY,429,65 Years,115,49,66,93,39,54,1,1,0,0,0,0,5,3,2,16,6,10
STEPHENS COUNTY,429,66 Years,123,50,73,102,40,62,1,1,0,0,0,0,4,1,3,16,8,8
STEPHENS COUNTY,429,67 Years,124,57,67,104,46,58,2,1,1,0,0,0,1,1,0,17,9,8
STEPHENS COUNTY,429,68 Years,111,56,55,94,45,49,1,1,0,0,0,0,1,1,0,15,9,6
STEPHENS COUNTY,429,69 Years,120,60,60,104,53,51,1,0,1,0,0,0,4,1,3,11,6,5
STEPHENS COUNTY,429,70 Years,125,60,65,108,54,54,1,0,1,0,0,0,4,1,3,12,5,7
STEPHENS COUNTY,429,71 Years,112,49,63,95,45,50,2,0,2,0,0,0,4,1,3,11,3,8
STEPHENS COUNTY,429,72 Years,107,51,56,94,46,48,1,0,1,0,0,0,2,1,1,10,4,6
STEPHENS COUNTY,429,73 Years,101,51,50,90,46,44,1,1,0,0,0,0,1,0,1,9,4,5
STEPHENS COUNTY,429,74 Years,96,50,46,86,44,42,0,0,0,0,0,0,4,3,1,6,3,3
STEPHENS COUNTY,429,75 Years,91,39,52,85,37,48,1,0,1,1,0,1,1,1,0,3,1,2
STEPHENS COUNTY,429,76 Years,79,38,41,72,33,39,2,1,1,1,1,0,0,0,0,4,3,1
STEPHENS COUNTY,429,77 Years,72,36,36,64,31,33,1,0,1,1,1,0,0,0,0,6,4,2
STEPHENS COUNTY,429,78 Years,77,34,43,72,31,41,1,0,1,0,0,0,0,0,0,4,3,1
STEPHENS COUNTY,429,79 Years,69,30,39,63,27,36,1,1,0,2,1,1,0,0,0,3,1,2
STEPHENS COUNTY,429,80 Years,57,25,32,52,22,30,1,1,0,1,1,0,0,0,0,3,1,2
STEPHENS COUNTY,429,81 Years,58,26,32,53,24,29,2,0,2,1,1,0,0,0,0,2,1,1
STEPHENS COUNTY,429,82 Years,56,26,30,51,24,27,1,0,1,0,0,0,0,0,0,4,2,2
STEPHENS COUNTY,429,83 Years,43,21,22,39,19,20,0,0,0,0,0,0,0,0,0,4,2,2
STEPHENS COUNTY,429,84 Years,40,18,22,33,16,17,1,0,1,0,0,0,1,0,1,5,2,3
STEPHENS COUNTY,429,85 Years,36,15,21,31,14,17,1,0,1,0,0,0,0,0,0,4,1,3
STEPHENS COUNTY,429,86 Years,28,12,16,26,12,14,0,0,0,0,0,0,0,0,0,2,0,2
STEPHENS COUNTY,429,87 Years,30,14,16,26,12,14,0,0,0,0,0,0,0,0,0,4,2,2
STEPHENS COUNTY,429,88 Years,27,10,17,24,9,15,0,0,0,0,0,0,0,0,0,3,1,2
STEPHENS COUNTY,429,89 Years,24,9,15,20,7,13,0,0,0,0,0,0,0,0,0,4,2,2
STEPHENS COUNTY,429,90 Years,18,6,12,16,6,10,0,0,0,0,0,0,0,0,0,2,0,2
STEPHENS COUNTY,429,91 Years,18,7,11,16,6,10,0,0,0,0,0,0,0,0,0,2,1,1
STEPHENS COUNTY,429,92 Years,14,6,8,14,6,8,0,0,0,0,0,0,0,0,0,0,0,0
STEPHENS COUNTY,429,93 Years,14,6,8,13,5,8,0,0,0,0,0,0,0,0,0,1,1,0
STEPHENS COUNTY,429,94 Years,8,2,6,8,2,6,0,0,0,0,0,0,0,0,0,0,0,0
STEPHENS COUNTY,429,95 Years +,26,6,20,22,6,16,0,0,0,0,0,0,1,0,1,3,0,3
STERLING COUNTY,431,All Ages,1394,696,698,877,444,433,3,3,0,0,0,0,30,12,18,484,237,247
STERLING COUNTY,431,< 1 Year,18,9,9,10,5,5,0,0,0,0,0,0,1,0,1,7,4,3
STERLING COUNTY,431,1 Years,16,8,8,7,4,3,0,0,0,0,0,0,1,0,1,8,4,4
STERLING COUNTY,431,2 Years,15,8,7,7,4,3,0,0,0,0,0,0,1,0,1,7,4,3
STERLING COUNTY,431,3 Years,17,9,8,12,7,5,0,0,0,0,0,0,1,0,1,4,2,2
STERLING COUNTY,431,4 Years,19,12,7,14,9,5,0,0,0,0,0,0,1,1,0,4,2,2
STERLING COUNTY,431,5 Years,22,12,10,16,9,7,0,0,0,0,0,0,1,1,0,5,2,3
STERLING COUNTY,431,6 Years,22,10,12,15,8,7,0,0,0,0,0,0,1,1,0,6,1,5
STERLING COUNTY,431,7 Years,22,11,11,14,8,6,0,0,0,0,0,0,1,1,0,7,2,5
STERLING COUNTY,431,8 Years,25,12,13,13,6,7,0,0,0,0,0,0,1,1,0,11,5,6
STERLING COUNTY,431,9 Years,21,11,10,10,5,5,0,0,0,0,0,0,0,0,0,11,6,5
STERLING COUNTY,431,10 Years,16,8,8,7,4,3,0,0,0,0,0,0,0,0,0,9,4,5
STERLING COUNTY,431,11 Years,15,7,8,8,3,5,0,0,0,0,0,0,0,0,0,7,4,3
STERLING COUNTY,431,12 Years,15,8,7,9,4,5,1,1,0,0,0,0,0,0,0,5,3,2
STERLING COUNTY,431,13 Years,24,13,11,16,10,6,1,1,0,0,0,0,0,0,0,7,2,5
STERLING COUNTY,431,14 Years,33,18,15,23,14,9,0,0,0,0,0,0,0,0,0,10,4,6
STERLING COUNTY,431,15 Years,35,15,20,20,10,10,0,0,0,0,0,0,0,0,0,15,5,10
STERLING COUNTY,431,16 Years,29,13,16,17,7,10,0,0,0,0,0,0,0,0,0,12,6,6
STERLING COUNTY,431,17 Years,23,13,10,10,5,5,0,0,0,0,0,0,1,0,1,12,8,4
STERLING COUNTY,431,18 Years,23,13,10,10,5,5,0,0,0,0,0,0,2,1,1,11,7,4
STERLING COUNTY,431,19 Years,20,8,12,13,5,8,0,0,0,0,0,0,0,0,0,7,3,4
STERLING COUNTY,431,20 Years,23,10,13,14,7,7,0,0,0,0,0,0,1,0,1,8,3,5
STERLING COUNTY,431,21 Years,23,11,12,12,6,6,0,0,0,0,0,0,1,0,1,10,5,5
STERLING COUNTY,431,22 Years,22,10,12,11,5,6,0,0,0,0,0,0,1,1,0,10,4,6
STERLING COUNTY,431,23 Years,15,9,6,8,5,3,0,0,0,0,0,0,1,1,0,6,3,3
STERLING COUNTY,431,24 Years,15,9,6,10,6,4,0,0,0,0,0,0,0,0,0,5,3,2
STERLING COUNTY,431,25 Years,18,9,9,10,5,5,0,0,0,0,0,0,0,0,0,8,4,4
STERLING COUNTY,431,26 Years,14,5,9,8,3,5,0,0,0,0,0,0,0,0,0,6,2,4
STERLING COUNTY,431,27 Years,15,8,7,9,4,5,0,0,0,0,0,0,1,1,0,5,3,2
STERLING COUNTY,431,28 Years,13,8,5,6,4,2,0,0,0,0,0,0,2,0,2,5,4,1
STERLING COUNTY,431,29 Years,16,12,4,9,8,1,0,0,0,0,0,0,1,0,1,6,4,2
STERLING COUNTY,431,30 Years,15,10,5,8,6,2,0,0,0,0,0,0,0,0,0,7,4,3
STERLING COUNTY,431,31 Years,11,6,5,7,3,4,0,0,0,0,0,0,0,0,0,4,3,1
STERLING COUNTY,431,32 Years,11,7,4,9,6,3,0,0,0,0,0,0,0,0,0,2,1,1
STERLING COUNTY,431,33 Years,17,8,9,8,4,4,0,0,0,0,0,0,0,0,0,9,4,5
STERLING COUNTY,431,34 Years,16,7,9,7,3,4,0,0,0,0,0,0,0,0,0,9,4,5
STERLING COUNTY,431,35 Years,15,9,6,8,5,3,0,0,0,0,0,0,0,0,0,7,4,3
STERLING COUNTY,431,36 Years,20,11,9,13,7,6,0,0,0,0,0,0,0,0,0,7,4,3
STERLING COUNTY,431,37 Years,21,8,13,12,4,8,0,0,0,0,0,0,1,0,1,8,4,4
STERLING COUNTY,431,38 Years,15,9,6,9,6,3,0,0,0,0,0,0,0,0,0,6,3,3
STERLING COUNTY,431,39 Years,19,12,7,10,7,3,1,1,0,0,0,0,0,0,0,8,4,4
STERLING COUNTY,431,40 Years,24,11,13,14,6,8,0,0,0,0,0,0,1,0,1,9,5,4
STERLING COUNTY,431,41 Years,21,9,12,13,7,6,0,0,0,0,0,0,1,0,1,7,2,5
STERLING COUNTY,431,42 Years,21,12,9,13,7,6,0,0,0,0,0,0,0,0,0,8,5,3
STERLING COUNTY,431,43 Years,23,10,13,16,6,10,0,0,0,0,0,0,0,0,0,7,4,3
STERLING COUNTY,431,44 Years,21,8,13,15,5,10,0,0,0,0,0,0,1,1,0,5,2,3
STERLING COUNTY,431,45 Years,21,11,10,13,5,8,0,0,0,0,0,0,0,0,0,8,6,2
STERLING COUNTY,431,46 Years,21,14,7,12,7,5,0,0,0,0,0,0,0,0,0,9,7,2
STERLING COUNTY,431,47 Years,15,8,7,10,5,5,0,0,0,0,0,0,0,0,0,5,3,2
STERLING COUNTY,431,48 Years,12,9,3,11,8,3,0,0,0,0,0,0,0,0,0,1,1,0
STERLING COUNTY,431,49 Years,19,10,9,13,10,3,0,0,0,0,0,0,0,0,0,6,0,6
STERLING COUNTY,431,50 Years,17,7,10,11,6,5,0,0,0,0,0,0,0,0,0,6,1,5
STERLING COUNTY,431,51 Years,14,3,11,7,3,4,0,0,0,0,0,0,0,0,0,7,0,7
STERLING COUNTY,431,52 Years,19,9,10,13,8,5,0,0,0,0,0,0,0,0,0,6,1,5
STERLING COUNTY,431,53 Years,14,7,7,11,6,5,0,0,0,0,0,0,0,0,0,3,1,2
STERLING COUNTY,431,54 Years,10,4,6,7,3,4,0,0,0,0,0,0,0,0,0,3,1,2
STERLING COUNTY,431,55 Years,13,7,6,9,5,4,0,0,0,0,0,0,0,0,0,4,2,2
STERLING COUNTY,431,56 Years,12,5,7,9,4,5,0,0,0,0,0,0,0,0,0,3,1,2
STERLING COUNTY,431,57 Years,12,5,7,9,4,5,0,0,0,0,0,0,1,0,1,2,1,1
STERLING COUNTY,431,58 Years,15,7,8,10,4,6,0,0,0,0,0,0,1,0,1,4,3,1
STERLING COUNTY,431,59 Years,15,7,8,10,4,6,0,0,0,0,0,0,0,0,0,5,3,2
STERLING COUNTY,431,60 Years,11,7,4,8,5,3,0,0,0,0,0,0,0,0,0,3,2,1
STERLING COUNTY,431,61 Years,12,8,4,7,4,3,0,0,0,0,0,0,0,0,0,5,4,1
STERLING COUNTY,431,62 Years,14,10,4,9,6,3,0,0,0,0,0,0,0,0,0,5,4,1
STERLING COUNTY,431,63 Years,19,11,8,14,8,6,0,0,0,0,0,0,0,0,0,5,3,2
STERLING COUNTY,431,64 Years,22,12,10,18,10,8,0,0,0,0,0,0,0,0,0,4,2,2
STERLING COUNTY,431,65 Years,20,10,10,16,7,9,0,0,0,0,0,0,0,0,0,4,3,1
STERLING COUNTY,431,66 Years,17,8,9,13,6,7,0,0,0,0,0,0,1,0,1,3,2,1
STERLING COUNTY,431,67 Years,16,8,8,12,5,7,0,0,0,0,0,0,0,0,0,4,3,1
STERLING COUNTY,431,68 Years,14,6,8,8,3,5,0,0,0,0,0,0,0,0,0,6,3,3
STERLING COUNTY,431,69 Years,8,4,4,6,3,3,0,0,0,0,0,0,0,0,0,2,1,1
STERLING COUNTY,431,70 Years,9,5,4,6,3,3,0,0,0,0,0,0,1,1,0,2,1,1
STERLING COUNTY,431,71 Years,8,3,5,6,2,4,0,0,0,0,0,0,0,0,0,2,1,1
STERLING COUNTY,431,72 Years,10,6,4,8,5,3,0,0,0,0,0,0,0,0,0,2,1,1
STERLING COUNTY,431,73 Years,12,4,8,11,4,7,0,0,0,0,0,0,0,0,0,1,0,1
STERLING COUNTY,431,74 Years,11,5,6,9,4,5,0,0,0,0,0,0,0,0,0,2,1,1
STERLING COUNTY,431,75 Years,10,6,4,7,5,2,0,0,0,0,0,0,0,0,0,3,1,2
STERLING COUNTY,431,76 Years,7,4,3,4,3,1,0,0,0,0,0,0,0,0,0,3,1,2
STERLING COUNTY,431,77 Years,6,3,3,4,2,2,0,0,0,0,0,0,0,0,0,2,1,1
STERLING COUNTY,431,78 Years,4,2,2,3,1,2,0,0,0,0,0,0,0,0,0,1,1,0
STERLING COUNTY,431,79 Years,5,2,3,3,1,2,0,0,0,0,0,0,1,1,0,1,0,1
STERLING COUNTY,431,80 Years,4,1,3,3,1,2,0,0,0,0,0,0,0,0,0,1,0,1
STERLING COUNTY,431,81 Years,5,1,4,4,1,3,0,0,0,0,0,0,0,0,0,1,0,1
STERLING COUNTY,431,82 Years,5,1,4,4,1,3,0,0,0,0,0,0,0,0,0,1,0,1
STERLING COUNTY,431,83 Years,4,1,3,3,1,2,0,0,0,0,0,0,0,0,0,1,0,1
STERLING COUNTY,431,84 Years,4,2,2,2,1,1,0,0,0,0,0,0,0,0,0,2,1,1
STERLING COUNTY,431,85 Years,5,2,3,4,2,2,0,0,0,0,0,0,0,0,0,1,0,1
STERLING COUNTY,431,86 Years,4,0,4,3,0,3,0,0,0,0,0,0,0,0,0,1,0,1
STERLING COUNTY,431,87 Years,5,2,3,4,1,3,0,0,0,0,0,0,0,0,0,1,1,0
STERLING COUNTY,431,88 Years,5,2,3,3,0,3,0,0,0,0,0,0,0,0,0,2,2,0
STERLING COUNTY,431,89 Years,2,0,2,2,0,2,0,0,0,0,0,0,0,0,0,0,0,0
STERLING COUNTY,431,90 Years,1,0,1,1,0,1,0,0,0,0,0,0,0,0,0,0,0,0
STERLING COUNTY,431,91 Years,1,0,1,1,0,1,0,0,0,0,0,0,0,0,0,0,0,0
STERLING COUNTY,431,92 Years,1,0,1,1,0,1,0,0,0,0,0,0,0,0,0,0,0,0
STERLING COUNTY,431,93 Years,2,1,1,1,0,1,0,0,0,0,0,0,0,0,0,1,1,0
STERLING COUNTY,431,94 Years,2,0,2,1,0,1,0,0,0,0,0,0,0,0,0,1,0,1
STERLING COUNTY,431,95 Years +,6,0,6,3,0,3,0,0,0,0,0,0,1,0,1,2,0,2
STONEWALL COUNTY,433,All Ages,1242,615,627,975,478,497,14,10,4,7,4,3,17,6,11,229,117,112
STONEWALL COUNTY,433,< 1 Year,15,7,8,10,5,5,0,0,0,0,0,0,1,0,1,4,2,2
STONEWALL COUNTY,433,1 Years,13,6,7,8,4,4,0,0,0,0,0,0,1,0,1,4,2,2
STONEWALL COUNTY,433,2 Years,14,7,7,8,4,4,0,0,0,0,0,0,2,1,1,4,2,2
STONEWALL COUNTY,433,3 Years,13,8,5,11,7,4,0,0,0,0,0,0,0,0,0,2,1,1
STONEWALL COUNTY,433,4 Years,14,9,5,12,8,4,0,0,0,0,0,0,0,0,0,2,1,1
STONEWALL COUNTY,433,5 Years,13,10,3,11,9,2,0,0,0,0,0,0,0,0,0,2,1,1
STONEWALL COUNTY,433,6 Years,16,10,6,12,8,4,0,0,0,0,0,0,0,0,0,4,2,2
STONEWALL COUNTY,433,7 Years,15,9,6,12,8,4,0,0,0,0,0,0,0,0,0,3,1,2
STONEWALL COUNTY,433,8 Years,19,10,9,15,8,7,0,0,0,0,0,0,1,0,1,3,2,1
STONEWALL COUNTY,433,9 Years,17,8,9,13,6,7,0,0,0,0,0,0,0,0,0,4,2,2
STONEWALL COUNTY,433,10 Years,15,8,7,12,6,6,0,0,0,0,0,0,0,0,0,3,2,1
STONEWALL COUNTY,433,11 Years,11,6,5,9,5,4,0,0,0,0,0,0,0,0,0,2,1,1
STONEWALL COUNTY,433,12 Years,11,4,7,8,3,5,0,0,0,0,0,0,0,0,0,3,1,2
STONEWALL COUNTY,433,13 Years,17,7,10,11,5,6,0,0,0,1,0,1,0,0,0,5,2,3
STONEWALL COUNTY,433,14 Years,10,5,5,7,4,3,0,0,0,0,0,0,0,0,0,3,1,2
STONEWALL COUNTY,433,15 Years,16,8,8,12,5,7,0,0,0,0,0,0,0,0,0,4,3,1
STONEWALL COUNTY,433,16 Years,19,10,9,14,7,7,0,0,0,0,0,0,0,0,0,5,3,2
STONEWALL COUNTY,433,17 Years,19,12,7,14,8,6,0,0,0,0,0,0,0,0,0,5,4,1
STONEWALL COUNTY,433,18 Years,19,8,11,11,5,6,0,0,0,1,1,0,0,0,0,7,2,5
STONEWALL COUNTY,433,19 Years,20,10,10,13,6,7,0,0,0,2,1,1,1,1,0,4,2,2
STONEWALL COUNTY,433,20 Years,17,10,7,12,6,6,0,0,0,2,1,1,0,0,0,3,3,0
STONEWALL COUNTY,433,21 Years,15,9,6,12,6,6,0,0,0,0,0,0,0,0,0,3,3,0
STONEWALL COUNTY,433,22 Years,11,4,7,7,3,4,0,0,0,0,0,0,0,0,0,4,1,3
STONEWALL COUNTY,433,23 Years,11,5,6,6,3,3,1,1,0,0,0,0,0,0,0,4,1,3
STONEWALL COUNTY,433,24 Years,8,6,2,6,4,2,1,1,0,0,0,0,0,0,0,1,1,0
STONEWALL COUNTY,433,25 Years,8,4,4,6,2,4,1,1,0,0,0,0,0,0,0,1,1,0
STONEWALL COUNTY,433,26 Years,7,5,2,5,3,2,1,1,0,0,0,0,0,0,0,1,1,0
STONEWALL COUNTY,433,27 Years,11,5,6,7,3,4,2,1,1,0,0,0,0,0,0,2,1,1
STONEWALL COUNTY,433,28 Years,15,5,10,8,2,6,0,0,0,0,0,0,0,0,0,7,3,4
STONEWALL COUNTY,433,29 Years,16,6,10,10,3,7,0,0,0,0,0,0,0,0,0,6,3,3
STONEWALL COUNTY,433,30 Years,13,5,8,9,3,6,0,0,0,0,0,0,0,0,0,4,2,2
STONEWALL COUNTY,433,31 Years,8,4,4,5,2,3,0,0,0,0,0,0,0,0,0,3,2,1
STONEWALL COUNTY,433,32 Years,9,5,4,8,4,4,1,1,0,0,0,0,0,0,0,0,0,0
STONEWALL COUNTY,433,33 Years,12,6,6,9,5,4,2,1,1,0,0,0,0,0,0,1,0,1
STONEWALL COUNTY,433,34 Years,8,5,3,7,4,3,0,0,0,0,0,0,0,0,0,1,1,0
STONEWALL COUNTY,433,35 Years,6,5,1,4,4,0,0,0,0,0,0,0,0,0,0,2,1,1
STONEWALL COUNTY,433,36 Years,11,5,6,9,4,5,0,0,0,0,0,0,0,0,0,2,1,1
STONEWALL COUNTY,433,37 Years,11,4,7,10,4,6,0,0,0,0,0,0,0,0,0,1,0,1
STONEWALL COUNTY,433,38 Years,8,4,4,8,4,4,0,0,0,0,0,0,0,0,0,0,0,0
STONEWALL COUNTY,433,39 Years,10,7,3,8,5,3,0,0,0,0,0,0,0,0,0,2,2,0
STONEWALL COUNTY,433,40 Years,14,8,6,10,6,4,0,0,0,0,0,0,0,0,0,4,2,2
STONEWALL COUNTY,433,41 Years,17,7,10,11,6,5,0,0,0,1,1,0,0,0,0,5,0,5
STONEWALL COUNTY,433,42 Years,14,7,7,10,6,4,0,0,0,0,0,0,0,0,0,4,1,3
STONEWALL COUNTY,433,43 Years,15,5,10,11,4,7,1,0,1,0,0,0,0,0,0,3,1,2
STONEWALL COUNTY,433,44 Years,13,6,7,9,4,5,1,0,1,0,0,0,0,0,0,3,2,1
STONEWALL COUNTY,433,45 Years,12,5,7,9,4,5,0,0,0,0,0,0,1,0,1,2,1,1
STONEWALL COUNTY,433,46 Years,12,6,6,10,5,5,0,0,0,0,0,0,1,0,1,1,1,0
STONEWALL COUNTY,433,47 Years,13,6,7,11,5,6,1,1,0,0,0,0,0,0,0,1,0,1
STONEWALL COUNTY,433,48 Years,15,10,5,11,6,5,0,0,0,0,0,0,0,0,0,4,4,0
STONEWALL COUNTY,433,49 Years,13,8,5,10,5,5,0,0,0,0,0,0,0,0,0,3,3,0
STONEWALL COUNTY,433,50 Years,14,7,7,9,4,5,0,0,0,0,0,0,0,0,0,5,3,2
STONEWALL COUNTY,433,51 Years,16,7,9,10,5,5,0,0,0,0,0,0,0,0,0,6,2,4
STONEWALL COUNTY,433,52 Years,15,7,8,11,5,6,0,0,0,0,0,0,0,0,0,4,2,2
STONEWALL COUNTY,433,53 Years,12,8,4,9,6,3,0,0,0,0,0,0,0,0,0,3,2,1
STONEWALL COUNTY,433,54 Years,13,9,4,8,6,2,0,0,0,0,0,0,0,0,0,5,3,2
STONEWALL COUNTY,433,55 Years,13,7,6,10,6,4,0,0,0,0,0,0,0,0,0,3,1,2
STONEWALL COUNTY,433,56 Years,17,9,8,16,9,7,0,0,0,0,0,0,0,0,0,1,0,1
STONEWALL COUNTY,433,57 Years,15,8,7,14,8,6,0,0,0,0,0,0,0,0,0,1,0,1
STONEWALL COUNTY,433,58 Years,17,8,9,15,7,8,0,0,0,0,0,0,1,1,0,1,0,1
STONEWALL COUNTY,433,59 Years,19,10,9,15,8,7,0,0,0,0,0,0,1,1,0,3,1,2
STONEWALL COUNTY,433,60 Years,20,12,8,16,9,7,0,0,0,0,0,0,0,0,0,4,3,1
STONEWALL COUNTY,433,61 Years,18,10,8,14,7,7,0,0,0,0,0,0,0,0,0,4,3,1
STONEWALL COUNTY,433,62 Years,16,9,7,13,6,7,1,1,0,0,0,0,0,0,0,2,2,0
STONEWALL COUNTY,433,63 Years,15,7,8,14,6,8,0,0,0,0,0,0,0,0,0,1,1,0
STONEWALL COUNTY,433,64 Years,16,9,7,15,8,7,0,0,0,0,0,0,0,0,0,1,1,0
STONEWALL COUNTY,433,65 Years,19,9,10,14,7,7,0,0,0,0,0,0,0,0,0,5,2,3
STONEWALL COUNTY,433,66 Years,19,9,10,14,7,7,0,0,0,0,0,0,1,1,0,4,1,3
STONEWALL COUNTY,433,67 Years,19,7,12,17,6,11,0,0,0,0,0,0,0,0,0,2,1,1
STONEWALL COUNTY,433,68 Years,16,7,9,15,7,8,0,0,0,0,0,0,0,0,0,1,0,1
STONEWALL COUNTY,433,69 Years,15,7,8,13,6,7,0,0,0,0,0,0,0,0,0,2,1,1
STONEWALL COUNTY,433,70 Years,17,9,8,15,8,7,0,0,0,0,0,0,1,1,0,1,0,1
STONEWALL COUNTY,433,71 Years,17,9,8,16,8,8,0,0,0,0,0,0,0,0,0,1,1,0
STONEWALL COUNTY,433,72 Years,16,7,9,15,7,8,0,0,0,0,0,0,0,0,0,1,0,1
STONEWALL COUNTY,433,73 Years,19,7,12,17,7,10,0,0,0,0,0,0,1,0,1,1,0,1
STONEWALL COUNTY,433,74 Years,15,6,9,13,5,8,0,0,0,0,0,0,1,0,1,1,1,0
STONEWALL COUNTY,433,75 Years,15,7,8,13,6,7,0,0,0,0,0,0,1,0,1,1,1,0
STONEWALL COUNTY,433,76 Years,15,6,9,14,6,8,0,0,0,0,0,0,0,0,0,1,0,1
STONEWALL COUNTY,433,77 Years,16,7,9,15,7,8,0,0,0,0,0,0,0,0,0,1,0,1
STONEWALL COUNTY,433,78 Years,20,10,10,18,9,9,0,0,0,0,0,0,1,0,1,1,1,0
STONEWALL COUNTY,433,79 Years,14,7,7,12,6,6,0,0,0,0,0,0,1,0,1,1,1,0
STONEWALL COUNTY,433,80 Years,9,4,5,8,3,5,0,0,0,0,0,0,0,0,0,1,1,0
STONEWALL COUNTY,433,81 Years,9,4,5,8,3,5,0,0,0,0,0,0,0,0,0,1,1,0
STONEWALL COUNTY,433,82 Years,10,6,4,8,5,3,1,1,0,0,0,0,0,0,0,1,0,1
STONEWALL COUNTY,433,83 Years,11,4,7,9,4,5,0,0,0,0,0,0,0,0,0,2,0,2
STONEWALL COUNTY,433,84 Years,9,2,7,7,2,5,0,0,0,0,0,0,0,0,0,2,0,2
STONEWALL COUNTY,433,85 Years,6,2,4,6,2,4,0,0,0,0,0,0,0,0,0,0,0,0
STONEWALL COUNTY,433,86 Years,6,2,4,5,2,3,0,0,0,0,0,0,0,0,0,1,0,1
STONEWALL COUNTY,433,87 Years,4,1,3,4,1,3,0,0,0,0,0,0,0,0,0,0,0,0
STONEWALL COUNTY,433,88 Years,4,1,3,4,1,3,0,0,0,0,0,0,0,0,0,0,0,0
STONEWALL COUNTY,433,89 Years,5,1,4,5,1,4,0,0,0,0,0,0,0,0,0,0,0,0
STONEWALL COUNTY,433,90 Years,4,2,2,3,1,2,0,0,0,0,0,0,0,0,0,1,1,0
STONEWALL COUNTY,433,91 Years,4,2,2,3,1,2,0,0,0,0,0,0,0,0,0,1,1,0
STONEWALL COUNTY,433,92 Years,4,1,3,4,1,3,0,0,0,0,0,0,0,0,0,0,0,0
STONEWALL COUNTY,433,93 Years,2,1,1,2,1,1,0,0,0,0,0,0,0,0,0,0,0,0
STONEWALL COUNTY,433,94 Years,2,0,2,2,0,2,0,0,0,0,0,0,0,0,0,0,0,0
STONEWALL COUNTY,433,95 Years +,6,2,4,6,2,4,0,0,0,0,0,0,0,0,0,0,0,0
SUTTON COUNTY,435,All Ages,3232,1641,1591,1122,540,582,0,0,0,3,1,2,11,5,6,2096,1095,1001
SUTTON COUNTY,435,< 1 Year,42,21,21,11,6,5,0,0,0,1,0,1,1,0,1,29,15,14
SUTTON COUNTY,435,1 Years,44,22,22,11,6,5,0,0,0,0,0,0,1,0,1,32,16,16
SUTTON COUNTY,435,2 Years,44,24,20,11,6,5,0,0,0,0,0,0,1,1,0,32,17,15
SUTTON COUNTY,435,3 Years,45,21,24,9,3,6,0,0,0,0,0,0,1,0,1,35,18,17
SUTTON COUNTY,435,4 Years,41,19,22,8,2,6,0,0,0,0,0,0,0,0,0,33,17,16
SUTTON COUNTY,435,5 Years,45,22,23,10,4,6,0,0,0,0,0,0,0,0,0,35,18,17
SUTTON COUNTY,435,6 Years,44,22,22,9,4,5,0,0,0,0,0,0,0,0,0,35,18,17
SUTTON COUNTY,435,7 Years,47,25,22,10,5,5,0,0,0,0,0,0,2,2,0,35,18,17
SUTTON COUNTY,435,8 Years,41,22,19,11,6,5,0,0,0,0,0,0,0,0,0,30,16,14
SUTTON COUNTY,435,9 Years,41,22,19,12,7,5,0,0,0,0,0,0,0,0,0,29,15,14
SUTTON COUNTY,435,10 Years,42,23,19,12,7,5,0,0,0,0,0,0,0,0,0,30,16,14
SUTTON COUNTY,435,11 Years,40,24,16,11,7,4,0,0,0,0,0,0,0,0,0,29,17,12
SUTTON COUNTY,435,12 Years,44,21,23,10,4,6,0,0,0,0,0,0,0,0,0,34,17,17
SUTTON COUNTY,435,13 Years,50,28,22,15,8,7,0,0,0,0,0,0,0,0,0,35,20,15
SUTTON COUNTY,435,14 Years,45,24,21,13,8,5,0,0,0,0,0,0,0,0,0,32,16,16
SUTTON COUNTY,435,15 Years,41,22,19,10,5,5,0,0,0,0,0,0,0,0,0,31,17,14
SUTTON COUNTY,435,16 Years,35,19,16,7,4,3,0,0,0,0,0,0,0,0,0,28,15,13
SUTTON COUNTY,435,17 Years,34,19,15,7,4,3,0,0,0,0,0,0,0,0,0,27,15,12
SUTTON COUNTY,435,18 Years,44,22,22,11,5,6,0,0,0,0,0,0,0,0,0,33,17,16
SUTTON COUNTY,435,19 Years,45,23,22,12,5,7,0,0,0,0,0,0,0,0,0,33,18,15
SUTTON COUNTY,435,20 Years,43,19,24,14,6,8,0,0,0,0,0,0,0,0,0,29,13,16
SUTTON COUNTY,435,21 Years,42,17,25,13,5,8,0,0,0,0,0,0,0,0,0,29,12,17
SUTTON COUNTY,435,22 Years,46,21,25,10,4,6,0,0,0,0,0,0,0,0,0,36,17,19
SUTTON COUNTY,435,23 Years,37,20,17,8,4,4,0,0,0,0,0,0,1,0,1,28,16,12
SUTTON COUNTY,435,24 Years,28,13,15,7,3,4,0,0,0,0,0,0,0,0,0,21,10,11
SUTTON COUNTY,435,25 Years,31,15,16,9,5,4,0,0,0,0,0,0,1,0,1,21,10,11
SUTTON COUNTY,435,26 Years,34,18,16,9,5,4,0,0,0,0,0,0,0,0,0,25,13,12
SUTTON COUNTY,435,27 Years,36,19,17,10,4,6,0,0,0,0,0,0,0,0,0,26,15,11
SUTTON COUNTY,435,28 Years,32,16,16,12,5,7,0,0,0,0,0,0,0,0,0,20,11,9
SUTTON COUNTY,435,29 Years,34,18,16,11,6,5,0,0,0,0,0,0,0,0,0,23,12,11
SUTTON COUNTY,435,30 Years,37,18,19,11,7,4,0,0,0,0,0,0,0,0,0,26,11,15
SUTTON COUNTY,435,31 Years,33,17,16,8,4,4,0,0,0,0,0,0,0,0,0,25,13,12
SUTTON COUNTY,435,32 Years,27,14,13,4,2,2,0,0,0,0,0,0,0,0,0,23,12,11
SUTTON COUNTY,435,33 Years,35,21,14,8,5,3,0,0,0,0,0,0,0,0,0,27,16,11
SUTTON COUNTY,435,34 Years,41,25,16,15,10,5,0,0,0,0,0,0,0,0,0,26,15,11
SUTTON COUNTY,435,35 Years,39,24,15,13,8,5,0,0,0,0,0,0,0,0,0,26,16,10
SUTTON COUNTY,435,36 Years,35,18,17,15,7,8,0,0,0,0,0,0,0,0,0,20,11,9
SUTTON COUNTY,435,37 Years,32,15,17,13,5,8,0,0,0,0,0,0,0,0,0,19,10,9
SUTTON COUNTY,435,38 Years,33,18,15,10,4,6,0,0,0,0,0,0,0,0,0,23,14,9
SUTTON COUNTY,435,39 Years,32,19,13,10,5,5,0,0,0,0,0,0,0,0,0,22,14,8
SUTTON COUNTY,435,40 Years,32,19,13,10,5,5,0,0,0,0,0,0,0,0,0,22,14,8
SUTTON COUNTY,435,41 Years,33,18,15,9,3,6,0,0,0,0,0,0,1,0,1,23,15,8
SUTTON COUNTY,435,42 Years,34,19,15,8,3,5,0,0,0,0,0,0,0,0,0,26,16,10
SUTTON COUNTY,435,43 Years,34,18,16,9,4,5,0,0,0,0,0,0,0,0,0,25,14,11
SUTTON COUNTY,435,44 Years,32,17,15,11,6,5,0,0,0,0,0,0,0,0,0,21,11,10
SUTTON COUNTY,435,45 Years,27,13,14,8,4,4,0,0,0,0,0,0,0,0,0,19,9,10
SUTTON COUNTY,435,46 Years,30,14,16,9,4,5,0,0,0,0,0,0,0,0,0,21,10,11
SUTTON COUNTY,435,47 Years,34,16,18,10,5,5,0,0,0,0,0,0,0,0,0,24,11,13
SUTTON COUNTY,435,48 Years,37,20,17,10,5,5,0,0,0,0,0,0,1,1,0,26,14,12
SUTTON COUNTY,435,49 Years,41,21,20,11,6,5,0,0,0,0,0,0,0,0,0,30,15,15
SUTTON COUNTY,435,50 Years,40,21,19,13,6,7,0,0,0,0,0,0,0,0,0,27,15,12
SUTTON COUNTY,435,51 Years,40,19,21,14,5,9,0,0,0,0,0,0,0,0,0,26,14,12
SUTTON COUNTY,435,52 Years,47,24,23,13,6,7,0,0,0,0,0,0,0,0,0,34,18,16
SUTTON COUNTY,435,53 Years,52,26,26,13,6,7,0,0,0,0,0,0,0,0,0,39,20,19
SUTTON COUNTY,435,54 Years,47,24,23,17,9,8,0,0,0,0,0,0,0,0,0,30,15,15
SUTTON COUNTY,435,55 Years,46,25,21,14,7,7,0,0,0,0,0,0,0,0,0,32,18,14
SUTTON COUNTY,435,56 Years,45,26,19,14,6,8,0,0,0,0,0,0,0,0,0,31,20,11
SUTTON COUNTY,435,57 Years,40,22,18,16,7,9,0,0,0,0,0,0,0,0,0,24,15,9
SUTTON COUNTY,435,58 Years,40,15,25,17,5,12,0,0,0,1,0,1,0,0,0,22,10,12
SUTTON COUNTY,435,59 Years,40,18,22,19,8,11,0,0,0,0,0,0,0,0,0,21,10,11
SUTTON COUNTY,435,60 Years,44,22,22,21,9,12,0,0,0,0,0,0,0,0,0,23,13,10
SUTTON COUNTY,435,61 Years,40,20,20,20,9,11,0,0,0,0,0,0,0,0,0,20,11,9
SUTTON COUNTY,435,62 Years,42,20,22,20,10,10,0,0,0,0,0,0,0,0,0,22,10,12
SUTTON COUNTY,435,63 Years,42,21,21,17,9,8,0,0,0,0,0,0,0,0,0,25,12,13
SUTTON COUNTY,435,64 Years,44,23,21,17,9,8,0,0,0,0,0,0,0,0,0,27,14,13
SUTTON COUNTY,435,65 Years,40,20,20,17,8,9,0,0,0,0,0,0,0,0,0,23,12,11
SUTTON COUNTY,435,66 Years,44,22,22,21,8,13,0,0,0,0,0,0,0,0,0,23,14,9
SUTTON COUNTY,435,67 Years,44,23,21,21,10,11,0,0,0,0,0,0,0,0,0,23,13,10
SUTTON COUNTY,435,68 Years,45,20,25,20,10,10,0,0,0,0,0,0,0,0,0,25,10,15
SUTTON COUNTY,435,69 Years,41,17,24,19,9,10,0,0,0,0,0,0,0,0,0,22,8,14
SUTTON COUNTY,435,70 Years,37,18,19,16,8,8,0,0,0,0,0,0,0,0,0,21,10,11
SUTTON COUNTY,435,71 Years,39,20,19,17,10,7,0,0,0,0,0,0,0,0,0,22,10,12
SUTTON COUNTY,435,72 Years,33,16,17,17,9,8,0,0,0,0,0,0,0,0,0,16,7,9
SUTTON COUNTY,435,73 Years,33,17,16,17,9,8,0,0,0,0,0,0,0,0,0,16,8,8
SUTTON COUNTY,435,74 Years,32,17,15,16,9,7,0,0,0,0,0,0,0,0,0,16,8,8
SUTTON COUNTY,435,75 Years,34,18,16,21,12,9,0,0,0,0,0,0,0,0,0,13,6,7
SUTTON COUNTY,435,76 Years,30,16,14,19,11,8,0,0,0,0,0,0,0,0,0,11,5,6
SUTTON COUNTY,435,77 Years,23,11,12,13,7,6,0,0,0,0,0,0,0,0,0,10,4,6
SUTTON COUNTY,435,78 Years,27,12,15,15,6,9,0,0,0,1,1,0,0,0,0,11,5,6
SUTTON COUNTY,435,79 Years,24,12,12,15,8,7,0,0,0,0,0,0,0,0,0,9,4,5
SUTTON COUNTY,435,80 Years,21,12,9,14,7,7,0,0,0,0,0,0,1,1,0,6,4,2
SUTTON COUNTY,435,81 Years,16,7,9,10,4,6,0,0,0,0,0,0,0,0,0,6,3,3
SUTTON COUNTY,435,82 Years,15,6,9,9,4,5,0,0,0,0,0,0,0,0,0,6,2,4
SUTTON COUNTY,435,83 Years,15,7,8,9,3,6,0,0,0,0,0,0,0,0,0,6,4,2
SUTTON COUNTY,435,84 Years,12,6,6,8,3,5,0,0,0,0,0,0,0,0,0,4,3,1
SUTTON COUNTY,435,85 Years,12,7,5,9,5,4,0,0,0,0,0,0,0,0,0,3,2,1
SUTTON COUNTY,435,86 Years,15,7,8,10,4,6,0,0,0,0,0,0,0,0,0,5,3,2
SUTTON COUNTY,435,87 Years,11,5,6,7,3,4,0,0,0,0,0,0,0,0,0,4,2,2
SUTTON COUNTY,435,88 Years,7,2,5,4,1,3,0,0,0,0,0,0,0,0,0,3,1,2
SUTTON COUNTY,435,89 Years,5,1,4,3,1,2,0,0,0,0,0,0,0,0,0,2,0,2
SUTTON COUNTY,435,90 Years,7,3,4,3,1,2,0,0,0,0,0,0,0,0,0,4,2,2
SUTTON COUNTY,435,91 Years,5,2,3,2,1,1,0,0,0,0,0,0,0,0,0,3,1,2
SUTTON COUNTY,435,92 Years,5,2,3,2,1,1,0,0,0,0,0,0,0,0,0,3,1,2
SUTTON COUNTY,435,93 Years,4,1,3,3,1,2,0,0,0,0,0,0,0,0,0,1,0,1
SUTTON COUNTY,435,94 Years,2,0,2,1,0,1,0,0,0,0,0,0,0,0,0,1,0,1
SUTTON COUNTY,435,95 Years +,10,3,7,4,1,3,0,0,0,0,0,0,0,0,0,6,2,4
SWISHER COUNTY,437,All Ages,6833,3659,3174,3028,1551,1477,568,399,169,0,0,0,139,66,73,3098,1643,1455
SWISHER COUNTY,437,< 1 Year,81,45,36,28,16,12,5,3,2,0,0,0,4,2,2,44,24,20
SWISHER COUNTY,437,1 Years,84,43,41,25,13,12,4,2,2,0,0,0,3,2,1,52,26,26
SWISHER COUNTY,437,2 Years,87,44,43,27,13,14,5,3,2,0,0,0,3,2,1,52,26,26
SWISHER COUNTY,437,3 Years,80,41,39,26,14,12,4,2,2,0,0,0,0,0,0,50,25,25
SWISHER COUNTY,437,4 Years,78,39,39,26,13,13,3,2,1,0,0,0,0,0,0,49,24,25
SWISHER COUNTY,437,5 Years,80,38,42,26,13,13,4,2,2,0,0,0,4,1,3,46,22,24
SWISHER COUNTY,437,6 Years,89,42,47,30,16,14,5,4,1,0,0,0,8,1,7,46,21,25
SWISHER COUNTY,437,7 Years,91,49,42,28,17,11,8,7,1,0,0,0,5,2,3,50,23,27
SWISHER COUNTY,437,8 Years,90,50,40,28,19,9,9,5,4,0,0,0,4,3,1,49,23,26
SWISHER COUNTY,437,9 Years,87,47,40,25,16,9,9,4,5,0,0,0,1,1,0,52,26,26
SWISHER COUNTY,437,10 Years,91,48,43,26,17,9,8,4,4,0,0,0,2,1,1,55,26,29
SWISHER COUNTY,437,11 Years,92,50,42,27,17,10,7,5,2,0,0,0,1,0,1,57,28,29
SWISHER COUNTY,437,12 Years,103,50,53,30,16,14,8,4,4,0,0,0,4,2,2,61,28,33
SWISHER COUNTY,437,13 Years,100,46,54,28,12,16,7,3,4,0,0,0,2,1,1,63,30,33
SWISHER COUNTY,437,14 Years,91,45,46,30,14,16,5,2,3,0,0,0,2,1,1,54,28,26
SWISHER COUNTY,437,15 Years,93,45,48,30,15,15,6,3,3,0,0,0,3,1,2,54,26,28
SWISHER COUNTY,437,16 Years,93,42,51,31,15,16,8,3,5,0,0,0,2,1,1,52,23,29
SWISHER COUNTY,437,17 Years,99,54,45,37,21,16,8,4,4,0,0,0,2,1,1,52,28,24
SWISHER COUNTY,437,18 Years,107,60,47,39,21,18,10,6,4,0,0,0,2,2,0,56,31,25
SWISHER COUNTY,437,19 Years,99,57,42,36,20,16,11,8,3,0,0,0,2,2,0,50,27,23
SWISHER COUNTY,437,20 Years,102,66,36,42,28,14,9,6,3,0,0,0,2,2,0,49,30,19
SWISHER COUNTY,437,21 Years,108,68,40,33,17,16,15,12,3,0,0,0,2,2,0,58,37,21
SWISHER COUNTY,437,22 Years,104,66,38,35,20,15,15,11,4,0,0,0,2,2,0,52,33,19
SWISHER COUNTY,437,23 Years,104,66,38,34,21,13,14,11,3,0,0,0,1,0,1,55,34,21
SWISHER COUNTY,437,24 Years,114,78,36,33,22,11,22,20,2,0,0,0,3,2,1,56,34,22
SWISHER COUNTY,437,25 Years,103,68,35,32,22,10,15,11,4,0,0,0,4,3,1,52,32,20
SWISHER COUNTY,437,26 Years,100,64,36,33,19,14,19,16,3,0,0,0,2,1,1,46,28,18
SWISHER COUNTY,437,27 Years,104,67,37,38,19,19,15,13,2,0,0,0,3,2,1,48,33,15
SWISHER COUNTY,437,28 Years,95,58,37,28,14,14,13,11,2,0,0,0,2,1,1,52,32,20
SWISHER COUNTY,437,29 Years,102,61,41,36,21,15,11,10,1,0,0,0,4,1,3,51,29,22
SWISHER COUNTY,437,30 Years,96,57,39,34,20,14,11,9,2,0,0,0,2,1,1,49,27,22
SWISHER COUNTY,437,31 Years,95,61,34,32,19,13,16,15,1,0,0,0,1,1,0,46,26,20
SWISHER COUNTY,437,32 Years,83,53,30,29,20,9,13,12,1,0,0,0,1,1,0,40,20,20
SWISHER COUNTY,437,33 Years,70,44,26,25,17,8,8,6,2,0,0,0,0,0,0,37,21,16
SWISHER COUNTY,437,34 Years,79,47,32,26,16,10,10,9,1,0,0,0,2,0,2,41,22,19
SWISHER COUNTY,437,35 Years,82,46,36,27,13,14,6,6,0,0,0,0,2,0,2,47,27,20
SWISHER COUNTY,437,36 Years,77,46,31,25,13,12,4,4,0,0,0,0,3,1,2,45,28,17
SWISHER COUNTY,437,37 Years,78,45,33,28,14,14,13,10,3,0,0,0,1,1,0,36,20,16
SWISHER COUNTY,437,38 Years,74,38,36,28,14,14,6,5,1,0,0,0,2,1,1,38,18,20
SWISHER COUNTY,437,39 Years,79,39,40,29,14,15,8,6,2,0,0,0,2,1,1,40,18,22
SWISHER COUNTY,437,40 Years,77,36,41,32,12,20,6,5,1,0,0,0,1,0,1,38,19,19
SWISHER COUNTY,437,41 Years,80,41,39,35,14,21,9,6,3,0,0,0,1,0,1,35,21,14
SWISHER COUNTY,437,42 Years,77,41,36,34,16,18,7,4,3,0,0,0,0,0,0,36,21,15
SWISHER COUNTY,437,43 Years,77,44,33,34,17,17,7,5,2,0,0,0,0,0,0,36,22,14
SWISHER COUNTY,437,44 Years,73,39,34,31,15,16,7,5,2,0,0,0,1,0,1,34,19,15
SWISHER COUNTY,437,45 Years,70,38,32,32,17,15,5,3,2,0,0,0,1,0,1,32,18,14
SWISHER COUNTY,437,46 Years,75,45,30,33,18,15,12,7,5,0,0,0,0,0,0,30,20,10
SWISHER COUNTY,437,47 Years,73,42,31,34,19,15,7,5,2,0,0,0,1,0,1,31,18,13
SWISHER COUNTY,437,48 Years,65,37,28,32,18,14,7,4,3,0,0,0,2,1,1,24,14,10
SWISHER COUNTY,437,49 Years,70,41,29,36,19,17,8,6,2,0,0,0,2,2,0,24,14,10
SWISHER COUNTY,437,50 Years,68,40,28,31,19,12,7,7,0,0,0,0,2,0,2,28,14,14
SWISHER COUNTY,437,51 Years,69,38,31,33,19,14,5,5,0,0,0,0,2,1,1,29,13,16
SWISHER COUNTY,437,52 Years,76,40,36,37,18,19,5,4,1,0,0,0,1,1,0,33,17,16
SWISHER COUNTY,437,53 Years,78,36,42,34,16,18,5,4,1,0,0,0,0,0,0,39,16,23
SWISHER COUNTY,437,54 Years,73,39,34,34,18,16,5,4,1,0,0,0,1,0,1,33,17,16
SWISHER COUNTY,437,55 Years,69,40,29,33,19,14,2,2,0,0,0,0,4,3,1,30,16,14
SWISHER COUNTY,437,56 Years,78,40,38,36,20,16,8,3,5,0,0,0,2,1,1,32,16,16
SWISHER COUNTY,437,57 Years,81,43,38,41,23,18,5,2,3,0,0,0,1,0,1,34,18,16
SWISHER COUNTY,437,58 Years,84,47,37,39,21,18,5,4,1,0,0,0,3,2,1,37,20,17
SWISHER COUNTY,437,59 Years,79,43,36,42,23,19,2,1,1,0,0,0,1,1,0,34,18,16
SWISHER COUNTY,437,60 Years,73,34,39,42,19,23,2,1,1,0,0,0,0,0,0,29,14,15
SWISHER COUNTY,437,61 Years,80,37,43,46,21,25,3,1,2,0,0,0,1,0,1,30,15,15
SWISHER COUNTY,437,62 Years,76,38,38,45,23,22,3,1,2,0,0,0,1,0,1,27,14,13
SWISHER COUNTY,437,63 Years,73,39,34,47,23,24,3,3,0,0,0,0,1,1,0,22,12,10
SWISHER COUNTY,437,64 Years,75,40,35,42,20,22,4,3,1,0,0,0,0,0,0,29,17,12
SWISHER COUNTY,437,65 Years,77,37,40,45,20,25,5,2,3,0,0,0,0,0,0,27,15,12
SWISHER COUNTY,437,66 Years,72,34,38,47,23,24,3,1,2,0,0,0,0,0,0,22,10,12
SWISHER COUNTY,437,67 Years,72,33,39,47,23,24,2,1,1,0,0,0,1,0,1,22,9,13
SWISHER COUNTY,437,68 Years,66,32,34,44,21,23,4,3,1,0,0,0,0,0,0,18,8,10
SWISHER COUNTY,437,69 Years,67,34,33,46,22,24,4,2,2,0,0,0,0,0,0,17,10,7
SWISHER COUNTY,437,70 Years,70,33,37,45,20,25,5,3,2,0,0,0,0,0,0,20,10,10
SWISHER COUNTY,437,71 Years,68,30,38,47,21,26,3,1,2,0,0,0,1,1,0,17,7,10
SWISHER COUNTY,437,72 Years,61,28,33,42,19,23,2,1,1,0,0,0,1,1,0,16,7,9
SWISHER COUNTY,437,73 Years,62,30,32,43,20,23,2,1,1,0,0,0,1,0,1,16,9,7
SWISHER COUNTY,437,74 Years,63,32,31,44,21,23,2,1,1,0,0,0,2,1,1,15,9,6
SWISHER COUNTY,437,75 Years,59,26,33,43,19,24,2,1,1,0,0,0,2,1,1,12,5,7
SWISHER COUNTY,437,76 Years,53,21,32,40,16,24,1,0,1,0,0,0,1,0,1,11,5,6
SWISHER COUNTY,437,77 Years,48,18,30,35,14,21,1,0,1,0,0,0,1,0,1,11,4,7
SWISHER COUNTY,437,78 Years,45,20,25,32,14,18,1,1,0,0,0,0,1,0,1,11,5,6
SWISHER COUNTY,437,79 Years,44,19,25,30,14,16,2,1,1,0,0,0,1,0,1,11,4,7
SWISHER COUNTY,437,80 Years,37,17,20,25,12,13,1,0,1,0,0,0,0,0,0,11,5,6
SWISHER COUNTY,437,81 Years,31,13,18,22,10,12,0,0,0,0,0,0,0,0,0,9,3,6
SWISHER COUNTY,437,82 Years,33,15,18,23,11,12,2,0,2,0,0,0,0,0,0,8,4,4
SWISHER COUNTY,437,83 Years,39,22,17,26,16,10,3,1,2,0,0,0,0,0,0,10,5,5
SWISHER COUNTY,437,84 Years,36,20,16,23,14,9,3,2,1,0,0,0,0,0,0,10,4,6
SWISHER COUNTY,437,85 Years,29,14,15,20,9,11,1,1,0,0,0,0,0,0,0,8,4,4
SWISHER COUNTY,437,86 Years,30,10,20,25,8,17,1,0,1,0,0,0,0,0,0,4,2,2
SWISHER COUNTY,437,87 Years,23,6,17,19,4,15,0,0,0,0,0,0,0,0,0,4,2,2
SWISHER COUNTY,437,88 Years,18,6,12,15,4,11,0,0,0,0,0,0,0,0,0,3,2,1
SWISHER COUNTY,437,89 Years,18,7,11,15,6,9,0,0,0,0,0,0,0,0,0,3,1,2
SWISHER COUNTY,437,90 Years,16,7,9,12,5,7,0,0,0,0,0,0,0,0,0,4,2,2
SWISHER COUNTY,437,91 Years,11,5,6,9,3,6,0,0,0,0,0,0,0,0,0,2,2,0
SWISHER COUNTY,437,92 Years,13,6,7,11,5,6,0,0,0,0,0,0,0,0,0,2,1,1
SWISHER COUNTY,437,93 Years,11,4,7,9,3,6,0,0,0,0,0,0,1,0,1,1,1,0
SWISHER COUNTY,437,94 Years,7,1,6,5,1,4,0,0,0,0,0,0,1,0,1,1,0,1
SWISHER COUNTY,437,95 Years +,21,8,13,14,5,9,2,2,0,0,0,0,1,0,1,4,1,3
TARRANT COUNTY,439,All Ages,2186501,1066328,1120173,970200,472537,497663,362697,170619,192078,131271,62866,68405,68422,33637,34785,653911,326669,327242
TARRANT COUNTY,439,< 1 Year,28384,14456,13928,8778,4478,4300,5062,2561,2501,1277,651,626,2154,1103,1051,11113,5663,5450
TARRANT COUNTY,439,1 Years,27459,13990,13469,8776,4473,4303,4879,2485,2394,1264,642,622,1456,740,716,11084,5650,5434
TARRANT COUNTY,439,2 Years,27116,13815,13301,8764,4464,4300,4799,2445,2354,1214,620,594,1423,725,698,10916,5561,5355
TARRANT COUNTY,439,3 Years,27637,14101,13536,9027,4579,4448,5010,2512,2498,1094,574,520,1560,814,746,10946,5622,5324
TARRANT COUNTY,439,4 Years,28137,14351,13786,9202,4674,4528,5110,2566,2544,1091,580,511,1627,856,771,11107,5675,5432
TARRANT COUNTY,439,5 Years,28918,14731,14187,9551,4860,4691,5183,2604,2579,1159,608,551,1689,886,803,11336,5773,5563
TARRANT COUNTY,439,6 Years,29917,15272,14645,9995,5123,4872,5219,2649,2570,1345,699,646,1763,921,842,11595,5880,5715
TARRANT COUNTY,439,7 Years,30808,15706,15102,10404,5348,5056,5259,2655,2604,1553,787,766,1807,934,873,11785,5982,5803
TARRANT COUNTY,439,8 Years,31191,15956,15235,10379,5304,5075,5520,2784,2736,1580,821,759,1756,925,831,11956,6122,5834
TARRANT COUNTY,439,9 Years,31235,15918,15317,10408,5286,5122,5543,2798,2745,1572,808,764,1697,882,815,12015,6144,5871
TARRANT COUNTY,439,10 Years,31113,15860,15253,10454,5291,5163,5417,2761,2656,1577,815,762,1656,862,794,12009,6131,5878
TARRANT COUNTY,439,11 Years,31236,15846,15390,10521,5314,5207,5408,2756,2652,1585,811,774,1611,835,776,12111,6130,5981
TARRANT COUNTY,439,12 Years,30498,15327,15171,10160,5111,5049,5298,2650,2648,1525,780,745,1484,768,716,12031,6018,6013
TARRANT COUNTY,439,13 Years,31011,15578,15433,10339,5243,5096,5499,2774,2725,1561,763,798,1390,711,679,12222,6087,6135
TARRANT COUNTY,439,14 Years,31874,16228,15646,10505,5401,5104,5764,2919,2845,1740,882,858,1417,734,683,12448,6292,6156
TARRANT COUNTY,439,15 Years,32091,16377,15714,10537,5412,5125,5830,2967,2863,1730,892,838,1406,722,684,12588,6384,6204
TARRANT COUNTY,439,16 Years,31838,16215,15623,10501,5365,5136,5825,2939,2886,1676,882,794,1392,710,682,12444,6319,6125
TARRANT COUNTY,439,17 Years,31591,15998,15593,10508,5364,5144,5853,2947,2906,1679,861,818,1419,701,718,12132,6125,6007
TARRANT COUNTY,439,18 Years,31536,15920,15616,10913,5541,5372,5591,2792,2799,1806,909,897,1259,619,640,11967,6059,5908
TARRANT COUNTY,439,19 Years,30978,15596,15382,10899,5533,5366,5397,2691,2706,1852,926,926,1164,561,603,11666,5885,5781
TARRANT COUNTY,439,20 Years,30934,15526,15408,10894,5524,5370,5454,2694,2760,1819,918,901,1278,605,673,11489,5785,5704
TARRANT COUNTY,439,21 Years,31167,15572,15595,11037,5546,5491,5525,2723,2802,1966,990,976,1300,655,645,11339,5658,5681
TARRANT COUNTY,439,22 Years,30789,15397,15392,10865,5565,5300,5680,2812,2868,2056,1026,1030,1133,582,551,11055,5412,5643
TARRANT COUNTY,439,23 Years,29068,14516,14552,10265,5248,5017,5311,2572,2739,1852,890,962,1106,562,544,10534,5244,5290
TARRANT COUNTY,439,24 Years,28883,14391,14492,10366,5237,5129,5261,2508,2753,1970,949,1021,1101,543,558,10185,5154,5031
TARRANT COUNTY,439,25 Years,29513,14696,14817,10998,5534,5464,5241,2541,2700,2092,1012,1080,1077,536,541,10105,5073,5032
TARRANT COUNTY,439,26 Years,30985,15315,15670,11947,5923,6024,5351,2612,2739,2293,1108,1185,1085,532,553,10309,5140,5169
TARRANT COUNTY,439,27 Years,32396,15977,16419,12876,6355,6521,5496,2660,2836,2599,1268,1331,1081,545,536,10344,5149,5195
TARRANT COUNTY,439,28 Years,33765,16729,17036,13312,6698,6614,6229,2986,3243,2386,1168,1218,1249,657,592,10589,5220,5369
TARRANT COUNTY,439,29 Years,34145,16969,17176,13626,6876,6750,6578,3218,3360,2308,1106,1202,1028,537,491,10605,5232,5373
TARRANT COUNTY,439,30 Years,33879,16855,17024,13812,6991,6821,6429,3137,3292,2272,1070,1202,820,399,421,10546,5258,5288
TARRANT COUNTY,439,31 Years,33415,16433,16982,13976,6967,7009,6075,2885,3190,2114,1013,1101,963,425,538,10287,5143,5144
TARRANT COUNTY,439,32 Years,33120,16234,16886,14161,6946,7215,5688,2665,3023,2121,1003,1118,1015,453,562,10135,5167,4968
TARRANT COUNTY,439,33 Years,32592,16031,16561,13794,6769,7025,5554,2628,2926,2254,1049,1205,973,470,503,10017,5115,4902
TARRANT COUNTY,439,34 Years,31860,15575,16285,13481,6602,6879,5544,2551,2993,2308,1094,1214,845,404,441,9682,4924,4758
TARRANT COUNTY,439,35 Years,31615,15443,16172,13497,6625,6872,5555,2500,3055,2308,1119,1189,728,321,407,9527,4878,4649
TARRANT COUNTY,439,36 Years,31241,15302,15939,13416,6639,6777,5663,2567,3096,2159,1055,1104,664,291,373,9339,4750,4589
TARRANT COUNTY,439,37 Years,30883,15152,15731,13210,6614,6596,5703,2633,3070,2059,1023,1036,682,291,391,9229,4591,4638
TARRANT COUNTY,439,38 Years,29937,14680,15257,12720,6337,6383,5315,2465,2850,2169,1037,1132,674,305,369,9059,4536,4523
TARRANT COUNTY,439,39 Years,30097,14756,15341,12847,6388,6459,5289,2415,2874,2150,1000,1150,702,335,367,9109,4618,4491
TARRANT COUNTY,439,40 Years,30050,14618,15432,12896,6372,6524,5303,2391,2912,2045,905,1140,714,337,377,9092,4613,4479
TARRANT COUNTY,439,41 Years,29863,14460,15403,12893,6385,6508,5241,2347,2894,1944,835,1109,687,318,369,9098,4575,4523
TARRANT COUNTY,439,42 Years,29629,14343,15286,12656,6268,6388,5331,2389,2942,1844,819,1025,674,307,367,9124,4560,4564
TARRANT COUNTY,439,43 Years,28236,13528,14708,12183,5969,6214,5083,2251,2832,1796,810,986,641,283,358,8533,4215,4318
TARRANT COUNTY,439,44 Years,27402,13087,14315,11803,5751,6052,4828,2136,2692,1744,778,966,611,286,325,8416,4136,4280
TARRANT COUNTY,439,45 Years,26868,12865,14003,11470,5644,5826,4688,2064,2624,1725,752,973,611,276,335,8374,4129,4245
TARRANT COUNTY,439,46 Years,26737,12794,13943,11366,5560,5806,4613,2085,2528,1903,837,1066,585,261,324,8270,4051,4219
TARRANT COUNTY,439,47 Years,26916,12893,14023,11464,5617,5847,4597,2068,2529,1987,868,1119,583,261,322,8285,4079,4206
TARRANT COUNTY,439,48 Years,26391,12582,13809,11475,5572,5903,4430,1981,2449,1953,883,1070,524,225,299,8009,3921,4088
TARRANT COUNTY,439,49 Years,26251,12520,13731,11645,5663,5982,4364,1952,2412,1908,881,1027,498,211,287,7836,3813,4023
TARRANT COUNTY,439,50 Years,27106,13059,14047,12364,6166,6198,4468,1972,2496,1992,931,1061,502,215,287,7780,3775,4005
TARRANT COUNTY,439,51 Years,28181,13633,14548,13423,6706,6717,4621,2080,2541,1986,915,1071,567,266,301,7584,3666,3918
TARRANT COUNTY,439,52 Years,28377,13720,14657,13752,6810,6942,4624,2066,2558,1975,900,1075,605,284,321,7421,3660,3761
TARRANT COUNTY,439,53 Years,27027,13043,13984,13181,6454,6727,4288,1947,2341,1947,878,1069,531,247,284,7080,3517,3563
TARRANT COUNTY,439,54 Years,25720,12527,13193,12547,6146,6401,4110,1902,2208,1804,831,973,486,228,258,6773,3420,3353
TARRANT COUNTY,439,55 Years,24971,12204,12767,12309,6057,6252,4054,1866,2188,1664,759,905,482,225,257,6462,3297,3165
TARRANT COUNTY,439,56 Years,25054,12181,12873,12485,6059,6426,4140,1892,2248,1622,762,860,462,214,248,6345,3254,3091
TARRANT COUNTY,439,57 Years,25809,12538,13271,13237,6423,6814,4212,1926,2286,1590,768,822,490,234,256,6280,3187,3093
TARRANT COUNTY,439,58 Years,26620,12915,13705,14267,6906,7361,4183,1923,2260,1610,793,817,492,245,247,6068,3048,3020
TARRANT COUNTY,439,59 Years,26587,13013,13574,14700,7180,7520,4118,1918,2200,1583,797,786,509,245,264,5677,2873,2804
TARRANT COUNTY,439,60 Years,26075,12717,13358,14893,7255,7638,3961,1807,2154,1455,734,721,503,229,274,5263,2692,2571
TARRANT COUNTY,439,61 Years,25725,12501,13224,15007,7278,7729,3815,1732,2083,1441,710,731,486,227,259,4976,2554,2422
TARRANT COUNTY,439,62 Years,25260,12216,13044,14973,7269,7704,3676,1673,2003,1424,690,734,454,216,238,4733,2368,2365
TARRANT COUNTY,439,63 Years,23826,11581,12245,14419,7064,7355,3410,1585,1825,1302,616,686,409,195,214,4286,2121,2165
TARRANT COUNTY,439,64 Years,22948,11152,11796,14115,6875,7240,3250,1506,1744,1261,603,658,404,200,204,3918,1968,1950
TARRANT COUNTY,439,65 Years,22054,10553,11501,13674,6599,7075,3070,1368,1702,1246,567,679,408,214,194,3656,1805,1851
TARRANT COUNTY,439,66 Years,21059,9909,11150,13080,6244,6836,2938,1275,1663,1234,555,679,391,206,185,3416,1629,1787
TARRANT COUNTY,439,67 Years,20269,9479,10790,12728,6028,6700,2800,1214,1586,1166,541,625,349,177,172,3226,1519,1707
TARRANT COUNTY,439,68 Years,18656,8595,10061,11895,5592,6303,2509,1055,1454,1014,455,559,316,151,165,2922,1342,1580
TARRANT COUNTY,439,69 Years,17288,7905,9383,11221,5195,6026,2208,927,1281,979,446,533,280,127,153,2600,1210,1390
TARRANT COUNTY,439,70 Years,16270,7410,8860,10708,4945,5763,2006,837,1169,972,443,529,277,124,153,2307,1061,1246
TARRANT COUNTY,439,71 Years,15209,6866,8343,9966,4598,5368,1896,772,1124,914,396,518,253,116,137,2180,984,1196
TARRANT COUNTY,439,72 Years,14564,6540,8024,9629,4398,5231,1732,678,1054,882,398,484,246,111,135,2075,955,1120
TARRANT COUNTY,439,73 Years,13845,6198,7647,9341,4217,5124,1661,641,1020,759,358,401,217,105,112,1867,877,990
TARRANT COUNTY,439,74 Years,13544,6042,7502,9501,4282,5219,1512,594,918,660,300,360,198,93,105,1673,773,900
TARRANT COUNTY,439,75 Years,13117,5845,7272,9459,4278,5181,1334,534,800,574,256,318,189,76,113,1561,701,860
TARRANT COUNTY,439,76 Years,10962,4867,6095,7808,3503,4305,1098,429,669,491,234,257,168,73,95,1397,628,769
TARRANT COUNTY,439,77 Years,9665,4221,5444,6826,3005,3821,949,362,587,460,214,246,132,61,71,1298,579,719
TARRANT COUNTY,439,78 Years,9271,4005,5266,6649,2903,3746,885,341,544,443,201,242,118,49,69,1176,511,665
TARRANT COUNTY,439,79 Years,8681,3693,4988,6315,2717,3598,812,308,504,406,186,220,114,43,71,1034,439,595
TARRANT COUNTY,439,80 Years,7552,3196,4356,5515,2366,3149,715,255,460,347,164,183,91,37,54,884,374,510
TARRANT COUNTY,439,81 Years,6753,2783,3970,4901,2052,2849,660,224,436,305,144,161,81,32,49,806,331,475
TARRANT COUNTY,439,82 Years,6023,2454,3569,4386,1809,2577,564,202,362,262,121,141,67,26,41,744,296,448
TARRANT COUNTY,439,83 Years,5356,2130,3226,3907,1575,2332,495,180,315,242,104,138,60,21,39,652,250,402
TARRANT COUNTY,439,84 Years,4859,1880,2979,3571,1399,2172,450,151,299,230,107,123,54,16,38,554,207,347
TARRANT COUNTY,439,85 Years,4322,1660,2662,3198,1240,1958,398,130,268,187,86,101,46,16,30,493,188,305
TARRANT COUNTY,439,86 Years,3910,1474,2436,2934,1125,1809,346,115,231,150,64,86,41,14,27,439,156,283
TARRANT COUNTY,439,87 Years,3620,1348,2272,2732,1036,1696,324,107,217,124,50,74,35,12,23,405,143,262
TARRANT COUNTY,439,88 Years,3098,1149,1949,2305,870,1435,293,91,202,108,45,63,29,11,18,363,132,231
TARRANT COUNTY,439,89 Years,2716,975,1741,2022,740,1282,247,73,174,102,40,62,27,10,17,318,112,206
TARRANT COUNTY,439,90 Years,2374,843,1531,1784,644,1140,204,59,145,81,28,53,23,8,15,282,104,178
TARRANT COUNTY,439,91 Years,2028,716,1312,1548,555,993,168,47,121,68,25,43,20,6,14,224,83,141
TARRANT COUNTY,439,92 Years,1669,570,1099,1283,440,843,143,43,100,59,21,38,15,4,11,169,62,107
TARRANT COUNTY,439,93 Years,1327,429,898,1030,338,692,112,32,80,40,12,28,10,2,8,135,45,90
TARRANT COUNTY,439,94 Years,1062,330,732,823,259,564,87,21,66,33,11,22,7,1,6,112,38,74
TARRANT COUNTY,439,95 Years +,2897,783,2114,2217,588,1629,266,68,198,93,30,63,16,3,13,305,94,211
TAYLOR COUNTY,441,All Ages,146010,71081,74929,88307,42799,45508,10807,5613,5194,3150,1294,1856,5419,2697,2722,38327,18678,19649
TAYLOR COUNTY,441,< 1 Year,2071,1050,1021,973,492,481,176,91,85,43,21,22,138,68,70,741,378,363
TAYLOR COUNTY,441,1 Years,2020,1029,991,938,478,460,172,88,84,41,21,20,114,58,56,755,384,371
TAYLOR COUNTY,441,2 Years,1980,1009,971,924,470,454,164,84,80,40,20,20,111,57,54,741,378,363
TAYLOR COUNTY,441,3 Years,2090,1071,1019,1027,540,487,184,97,87,28,14,14,145,64,81,706,356,350
TAYLOR COUNTY,441,4 Years,2132,1096,1036,1061,556,505,185,97,88,25,13,12,161,77,84,700,353,347
TAYLOR COUNTY,441,5 Years,2155,1095,1060,1059,546,513,181,92,89,28,13,15,169,82,87,718,362,356
TAYLOR COUNTY,441,6 Years,2164,1087,1077,1058,534,524,181,86,95,28,13,15,166,85,81,731,369,362
TAYLOR COUNTY,441,7 Years,2159,1087,1072,1070,551,519,172,81,91,29,14,15,163,80,83,725,361,364
TAYLOR COUNTY,441,8 Years,2058,1045,1013,1011,529,482,162,86,76,30,11,19,148,75,73,707,344,363
TAYLOR COUNTY,441,9 Years,2026,1030,996,1000,524,476,152,86,66,32,11,21,141,72,69,701,337,364
TAYLOR COUNTY,441,10 Years,2008,1023,985,994,518,476,155,87,68,35,13,22,133,68,65,691,337,354
TAYLOR COUNTY,441,11 Years,1991,1009,982,1000,517,483,158,85,73,30,15,15,121,62,59,682,330,352
TAYLOR COUNTY,441,12 Years,1918,932,986,981,479,502,159,84,75,24,7,17,105,52,53,649,310,339
TAYLOR COUNTY,441,13 Years,1827,905,922,900,450,450,159,80,79,18,5,13,112,57,55,638,313,325
TAYLOR COUNTY,441,14 Years,1840,951,889,898,462,436,162,82,80,14,4,10,111,59,52,655,344,311
TAYLOR COUNTY,441,15 Years,2117,1219,898,918,473,445,165,91,74,22,12,10,105,56,49,907,587,320
TAYLOR COUNTY,441,16 Years,2085,1175,910,897,448,449,162,89,73,27,12,15,95,56,39,904,570,334
TAYLOR COUNTY,441,17 Years,2070,1148,922,886,437,449,163,82,81,28,13,15,88,50,38,905,566,339
TAYLOR COUNTY,441,18 Years,2003,854,1149,1162,548,614,198,98,100,29,13,16,87,44,43,527,151,376
TAYLOR COUNTY,441,19 Years,2037,856,1181,1245,594,651,205,98,107,32,15,17,100,49,51,455,100,355
TAYLOR COUNTY,441,20 Years,2058,883,1175,1246,602,644,205,93,112,52,32,20,104,59,45,451,97,354
TAYLOR COUNTY,441,21 Years,2605,1214,1391,1490,722,768,248,121,127,71,33,38,111,64,47,685,274,411
TAYLOR COUNTY,441,22 Years,2885,1389,1496,1629,790,839,251,130,121,73,27,46,136,65,71,796,377,419
TAYLOR COUNTY,441,23 Years,3330,1661,1669,1972,999,973,280,139,141,111,44,67,143,64,79,824,415,409
TAYLOR COUNTY,441,24 Years,3438,1757,1681,2062,1063,999,268,140,128,130,57,73,147,76,71,831,421,410
TAYLOR COUNTY,441,25 Years,3018,1530,1488,1754,908,846,221,110,111,123,53,70,139,66,73,781,393,388
TAYLOR COUNTY,441,26 Years,2911,1468,1443,1693,862,831,241,113,128,104,55,49,127,55,72,746,383,363
TAYLOR COUNTY,441,27 Years,2823,1444,1379,1686,876,810,232,107,125,79,40,39,105,46,59,721,375,346
TAYLOR COUNTY,441,28 Years,2277,1186,1091,1245,657,588,209,123,86,77,30,47,90,47,43,656,329,327
TAYLOR COUNTY,441,29 Years,2097,1070,1027,1139,595,544,206,124,82,57,20,37,89,47,42,606,284,322
TAYLOR COUNTY,441,30 Years,2043,1028,1015,1146,593,553,187,109,78,40,13,27,86,39,47,584,274,310
TAYLOR COUNTY,441,31 Years,2345,1200,1145,1457,758,699,200,111,89,68,29,39,60,33,27,560,269,291
TAYLOR COUNTY,441,32 Years,2530,1299,1231,1611,835,776,230,135,95,87,35,52,57,33,24,545,261,284
TAYLOR COUNTY,441,33 Years,2058,1040,1018,1239,615,624,176,104,72,63,31,32,62,33,29,518,257,261
TAYLOR COUNTY,441,34 Years,1843,941,902,1090,543,547,143,83,60,50,29,21,45,26,19,515,260,255
TAYLOR COUNTY,441,35 Years,1682,857,825,960,486,474,142,77,65,50,28,22,38,23,15,492,243,249
TAYLOR COUNTY,441,36 Years,1556,789,767,850,440,410,127,69,58,42,19,23,50,22,28,487,239,248
TAYLOR COUNTY,441,37 Years,1823,908,915,1062,536,526,138,80,58,35,13,22,73,29,44,515,250,265
TAYLOR COUNTY,441,38 Years,1963,975,988,1138,561,577,153,84,69,55,22,33,61,34,27,556,274,282
TAYLOR COUNTY,441,39 Years,1882,934,948,1095,537,558,144,76,68,44,15,29,48,28,20,551,278,273
TAYLOR COUNTY,441,40 Years,1818,911,907,1032,501,531,131,73,58,63,34,29,48,24,24,544,279,265
TAYLOR COUNTY,441,41 Years,1745,876,869,980,481,499,132,77,55,55,28,27,45,22,23,533,268,265
TAYLOR COUNTY,441,42 Years,1598,794,804,920,455,465,124,67,57,36,15,21,40,23,17,478,234,244
TAYLOR COUNTY,441,43 Years,1523,741,782,911,451,460,116,60,56,24,7,17,35,17,18,437,206,231
TAYLOR COUNTY,441,44 Years,1464,710,754,899,442,457,103,52,51,33,11,22,33,13,20,396,192,204
TAYLOR COUNTY,441,45 Years,1398,671,727,846,405,441,99,50,49,33,14,19,41,18,23,379,184,195
TAYLOR COUNTY,441,46 Years,1345,646,699,814,397,417,92,45,47,32,13,19,36,17,19,371,174,197
TAYLOR COUNTY,441,47 Years,1318,645,673,800,403,397,97,52,45,20,8,12,28,14,14,373,168,205
TAYLOR COUNTY,441,48 Years,1295,646,649,776,384,392,93,52,41,15,6,9,35,15,20,376,189,187
TAYLOR COUNTY,441,49 Years,1273,636,637,774,379,395,86,50,36,22,14,8,31,14,17,360,179,181
TAYLOR COUNTY,441,50 Years,1278,624,654,797,393,404,93,51,42,28,12,16,31,13,18,329,155,174
TAYLOR COUNTY,441,51 Years,1286,622,664,817,405,412,99,52,47,30,8,22,28,10,18,312,147,165
TAYLOR COUNTY,441,52 Years,1348,650,698,869,420,449,100,56,44,35,14,21,23,9,14,321,151,170
TAYLOR COUNTY,441,53 Years,1349,649,700,890,427,463,90,44,46,41,21,20,26,12,14,302,145,157
TAYLOR COUNTY,441,54 Years,1268,610,658,841,400,441,74,35,39,40,20,20,23,10,13,290,145,145
TAYLOR COUNTY,441,55 Years,1265,598,667,833,384,449,78,38,40,36,19,17,25,12,13,293,145,148
TAYLOR COUNTY,441,56 Years,1292,593,699,872,392,480,80,44,36,28,12,16,23,10,13,289,135,154
TAYLOR COUNTY,441,57 Years,1334,631,703,915,425,490,81,44,37,22,8,14,24,10,14,292,144,148
TAYLOR COUNTY,441,58 Years,1441,681,760,1006,475,531,89,44,45,21,5,16,28,12,16,297,145,152
TAYLOR COUNTY,441,59 Years,1507,716,791,1081,512,569,87,42,45,23,8,15,26,15,11,290,139,151
TAYLOR COUNTY,441,60 Years,1492,719,773,1076,510,566,88,46,42,21,11,10,27,17,10,280,135,145
TAYLOR COUNTY,441,61 Years,1512,724,788,1109,526,583,84,44,40,18,8,10,36,20,16,265,126,139
TAYLOR COUNTY,441,62 Years,1523,722,801,1112,527,585,80,41,39,20,4,16,33,16,17,278,134,144
TAYLOR COUNTY,441,63 Years,1475,677,798,1085,504,581,81,38,43,27,4,23,28,16,12,254,115,139
TAYLOR COUNTY,441,64 Years,1468,667,801,1083,494,589,86,38,48,26,6,20,26,18,8,247,111,136
TAYLOR COUNTY,441,65 Years,1455,677,778,1098,514,584,82,36,46,25,5,20,26,17,9,224,105,119
TAYLOR COUNTY,441,66 Years,1373,646,727,1027,485,542,72,35,37,25,6,19,28,17,11,221,103,118
TAYLOR COUNTY,441,67 Years,1374,641,733,1031,475,556,76,43,33,28,7,21,26,16,10,213,100,113
TAYLOR COUNTY,441,68 Years,1325,615,710,1004,463,541,83,45,38,29,7,22,25,11,14,184,89,95
TAYLOR COUNTY,441,69 Years,1202,552,650,904,416,488,67,35,32,30,6,24,26,10,16,175,85,90
TAYLOR COUNTY,441,70 Years,1173,539,634,868,399,469,60,34,26,27,4,23,27,9,18,191,93,98
TAYLOR COUNTY,441,71 Years,1132,523,609,860,401,459,55,29,26,27,4,23,20,10,10,170,79,91
TAYLOR COUNTY,441,72 Years,1063,472,591,811,364,447,48,24,24,29,5,24,13,9,4,162,70,92
TAYLOR COUNTY,441,73 Years,1074,470,604,826,369,457,46,22,24,26,5,21,13,6,7,163,68,95
TAYLOR COUNTY,441,74 Years,1067,475,592,837,374,463,45,23,22,21,6,15,11,4,7,153,68,85
TAYLOR COUNTY,441,75 Years,1047,458,589,817,361,456,39,19,20,18,4,14,15,6,9,158,68,90
TAYLOR COUNTY,441,76 Years,876,377,499,672,291,381,34,15,19,13,5,8,12,5,7,145,61,84
TAYLOR COUNTY,441,77 Years,776,322,454,605,252,353,38,15,23,6,2,4,11,4,7,116,49,67
TAYLOR COUNTY,441,78 Years,811,346,465,642,275,367,39,16,23,7,3,4,13,6,7,110,46,64
TAYLOR COUNTY,441,79 Years,789,346,443,634,280,354,37,13,24,12,3,9,9,6,3,97,44,53
TAYLOR COUNTY,441,80 Years,690,299,391,556,241,315,30,12,18,10,2,8,6,4,2,88,40,48
TAYLOR COUNTY,441,81 Years,617,260,357,504,210,294,26,12,14,8,3,5,8,3,5,71,32,39
TAYLOR COUNTY,441,82 Years,600,238,362,493,198,295,25,10,15,8,5,3,11,4,7,63,21,42
TAYLOR COUNTY,441,83 Years,526,201,325,429,167,262,23,8,15,8,3,5,8,3,5,58,20,38
TAYLOR COUNTY,441,84 Years,470,184,286,385,152,233,19,8,11,6,2,4,9,3,6,51,19,32
TAYLOR COUNTY,441,85 Years,425,165,260,353,138,215,15,7,8,3,1,2,9,2,7,45,17,28
TAYLOR COUNTY,441,86 Years,409,150,259,343,129,214,13,5,8,5,1,4,10,2,8,38,13,25
TAYLOR COUNTY,441,87 Years,381,132,249,321,113,208,13,5,8,5,2,3,6,1,5,36,11,25
TAYLOR COUNTY,441,88 Years,350,120,230,305,106,199,7,3,4,4,2,2,3,1,2,31,8,23
TAYLOR COUNTY,441,89 Years,298,97,201,261,87,174,5,1,4,5,2,3,2,0,2,25,7,18
TAYLOR COUNTY,441,90 Years,249,88,161,217,78,139,4,1,3,4,1,3,2,0,2,22,8,14
TAYLOR COUNTY,441,91 Years,206,69,137,181,62,119,5,2,3,2,0,2,2,0,2,16,5,11
TAYLOR COUNTY,441,92 Years,172,55,117,153,51,102,4,1,3,3,0,3,1,0,1,11,3,8
TAYLOR COUNTY,441,93 Years,141,46,95,124,41,83,3,1,2,3,1,2,1,0,1,10,3,7
TAYLOR COUNTY,441,94 Years,115,36,79,99,29,70,3,2,1,2,0,2,1,0,1,10,5,5
TAYLOR COUNTY,441,95 Years +,291,79,212,243,62,181,12,4,8,8,2,6,2,1,1,26,10,16
TERRELL COUNTY,443,All Ages,662,325,337,329,158,171,3,3,0,0,0,0,1,0,1,329,164,165
TERRELL COUNTY,443,< 1 Year,5,2,3,2,1,1,0,0,0,0,0,0,0,0,0,3,1,2
TERRELL COUNTY,443,1 Years,6,3,3,2,1,1,0,0,0,0,0,0,0,0,0,4,2,2
TERRELL COUNTY,443,2 Years,6,3,3,2,1,1,0,0,0,0,0,0,0,0,0,4,2,2
TERRELL COUNTY,443,3 Years,4,1,3,1,0,1,0,0,0,0,0,0,0,0,0,3,1,2
TERRELL COUNTY,443,4 Years,8,4,4,4,3,1,0,0,0,0,0,0,0,0,0,4,1,3
TERRELL COUNTY,443,5 Years,9,7,2,6,6,0,0,0,0,0,0,0,0,0,0,3,1,2
TERRELL COUNTY,443,6 Years,10,6,4,5,4,1,0,0,0,0,0,0,0,0,0,5,2,3
TERRELL COUNTY,443,7 Years,8,6,2,4,3,1,0,0,0,0,0,0,0,0,0,4,3,1
TERRELL COUNTY,443,8 Years,5,3,2,1,0,1,0,0,0,0,0,0,0,0,0,4,3,1
TERRELL COUNTY,443,9 Years,6,3,3,2,1,1,0,0,0,0,0,0,0,0,0,4,2,2
TERRELL COUNTY,443,10 Years,5,1,4,2,0,2,0,0,0,0,0,0,0,0,0,3,1,2
TERRELL COUNTY,443,11 Years,6,2,4,2,0,2,0,0,0,0,0,0,0,0,0,4,2,2
TERRELL COUNTY,443,12 Years,5,2,3,2,1,1,0,0,0,0,0,0,0,0,0,3,1,2
TERRELL COUNTY,443,13 Years,6,3,3,2,0,2,0,0,0,0,0,0,0,0,0,4,3,1
TERRELL COUNTY,443,14 Years,8,1,7,3,0,3,0,0,0,0,0,0,1,0,1,4,1,3
TERRELL COUNTY,443,15 Years,9,4,5,4,1,3,0,0,0,0,0,0,0,0,0,5,3,2
TERRELL COUNTY,443,16 Years,7,2,5,2,0,2,0,0,0,0,0,0,0,0,0,5,2,3
TERRELL COUNTY,443,17 Years,6,2,4,2,1,1,0,0,0,0,0,0,0,0,0,4,1,3
TERRELL COUNTY,443,18 Years,7,4,3,4,2,2,0,0,0,0,0,0,0,0,0,3,2,1
TERRELL COUNTY,443,19 Years,6,2,4,4,1,3,0,0,0,0,0,0,0,0,0,2,1,1
TERRELL COUNTY,443,20 Years,6,2,4,3,1,2,0,0,0,0,0,0,0,0,0,3,1,2
TERRELL COUNTY,443,21 Years,6,2,4,3,1,2,0,0,0,0,0,0,0,0,0,3,1,2
TERRELL COUNTY,443,22 Years,6,4,2,3,2,1,0,0,0,0,0,0,0,0,0,3,2,1
TERRELL COUNTY,443,23 Years,4,2,2,2,1,1,0,0,0,0,0,0,0,0,0,2,1,1
TERRELL COUNTY,443,24 Years,2,1,1,0,0,0,0,0,0,0,0,0,0,0,0,2,1,1
TERRELL COUNTY,443,25 Years,3,2,1,1,1,0,0,0,0,0,0,0,0,0,0,2,1,1
TERRELL COUNTY,443,26 Years,2,2,0,1,1,0,0,0,0,0,0,0,0,0,0,1,1,0
TERRELL COUNTY,443,27 Years,2,2,0,1,1,0,0,0,0,0,0,0,0,0,0,1,1,0
TERRELL COUNTY,443,28 Years,3,2,1,1,1,0,0,0,0,0,0,0,0,0,0,2,1,1
TERRELL COUNTY,443,29 Years,4,1,3,1,0,1,0,0,0,0,0,0,0,0,0,3,1,2
TERRELL COUNTY,443,30 Years,3,1,2,1,0,1,0,0,0,0,0,0,0,0,0,2,1,1
TERRELL COUNTY,443,31 Years,3,1,2,1,0,1,0,0,0,0,0,0,0,0,0,2,1,1
TERRELL COUNTY,443,32 Years,2,0,2,1,0,1,0,0,0,0,0,0,0,0,0,1,0,1
TERRELL COUNTY,443,33 Years,7,2,5,3,1,2,0,0,0,0,0,0,0,0,0,4,1,3
TERRELL COUNTY,443,34 Years,7,3,4,4,2,2,0,0,0,0,0,0,0,0,0,3,1,2
TERRELL COUNTY,443,35 Years,7,3,4,5,2,3,0,0,0,0,0,0,0,0,0,2,1,1
TERRELL COUNTY,443,36 Years,8,4,4,4,2,2,0,0,0,0,0,0,0,0,0,4,2,2
TERRELL COUNTY,443,37 Years,8,4,4,4,2,2,0,0,0,0,0,0,0,0,0,4,2,2
TERRELL COUNTY,443,38 Years,8,3,5,3,1,2,0,0,0,0,0,0,0,0,0,5,2,3
TERRELL COUNTY,443,39 Years,6,3,3,3,2,1,0,0,0,0,0,0,0,0,0,3,1,2
TERRELL COUNTY,443,40 Years,7,4,3,4,2,2,0,0,0,0,0,0,0,0,0,3,2,1
TERRELL COUNTY,443,41 Years,7,2,5,3,1,2,0,0,0,0,0,0,0,0,0,4,1,3
TERRELL COUNTY,443,42 Years,6,2,4,2,1,1,0,0,0,0,0,0,0,0,0,4,1,3
TERRELL COUNTY,443,43 Years,9,4,5,5,1,4,0,0,0,0,0,0,0,0,0,4,3,1
TERRELL COUNTY,443,44 Years,10,3,7,6,0,6,0,0,0,0,0,0,0,0,0,4,3,1
TERRELL COUNTY,443,45 Years,9,5,4,3,0,3,0,0,0,0,0,0,0,0,0,6,5,1
TERRELL COUNTY,443,46 Years,6,3,3,2,0,2,0,0,0,0,0,0,0,0,0,4,3,1
TERRELL COUNTY,443,47 Years,9,4,5,4,0,4,0,0,0,0,0,0,0,0,0,5,4,1
TERRELL COUNTY,443,48 Years,7,3,4,4,1,3,0,0,0,0,0,0,0,0,0,3,2,1
TERRELL COUNTY,443,49 Years,6,4,2,3,2,1,0,0,0,0,0,0,0,0,0,3,2,1
TERRELL COUNTY,443,50 Years,6,3,3,3,1,2,0,0,0,0,0,0,0,0,0,3,2,1
TERRELL COUNTY,443,51 Years,6,4,2,2,1,1,0,0,0,0,0,0,0,0,0,4,3,1
TERRELL COUNTY,443,52 Years,8,5,3,3,1,2,0,0,0,0,0,0,0,0,0,5,4,1
TERRELL COUNTY,443,53 Years,6,2,4,2,0,2,0,0,0,0,0,0,0,0,0,4,2,2
TERRELL COUNTY,443,54 Years,4,1,3,1,0,1,0,0,0,0,0,0,0,0,0,3,1,2
TERRELL COUNTY,443,55 Years,7,3,4,1,0,1,0,0,0,0,0,0,0,0,0,6,3,3
TERRELL COUNTY,443,56 Years,6,2,4,1,0,1,0,0,0,0,0,0,0,0,0,5,2,3
TERRELL COUNTY,443,57 Years,5,2,3,1,0,1,1,1,0,0,0,0,0,0,0,3,1,2
TERRELL COUNTY,443,58 Years,12,10,2,6,4,2,2,2,0,0,0,0,0,0,0,4,4,0
TERRELL COUNTY,443,59 Years,11,7,4,6,4,2,0,0,0,0,0,0,0,0,0,5,3,2
TERRELL COUNTY,443,60 Years,11,6,5,6,4,2,0,0,0,0,0,0,0,0,0,5,2,3
TERRELL COUNTY,443,61 Years,7,4,3,4,3,1,0,0,0,0,0,0,0,0,0,3,1,2
TERRELL COUNTY,443,62 Years,10,5,5,5,2,3,0,0,0,0,0,0,0,0,0,5,3,2
TERRELL COUNTY,443,63 Years,7,2,5,4,1,3,0,0,0,0,0,0,0,0,0,3,1,2
TERRELL COUNTY,443,64 Years,7,3,4,4,2,2,0,0,0,0,0,0,0,0,0,3,1,2
TERRELL COUNTY,443,65 Years,9,3,6,3,1,2,0,0,0,0,0,0,0,0,0,6,2,4
TERRELL COUNTY,443,66 Years,11,5,6,4,2,2,0,0,0,0,0,0,0,0,0,7,3,4
TERRELL COUNTY,443,67 Years,8,5,3,4,3,1,0,0,0,0,0,0,0,0,0,4,2,2
TERRELL COUNTY,443,68 Years,10,7,3,7,4,3,0,0,0,0,0,0,0,0,0,3,3,0
TERRELL COUNTY,443,69 Years,13,9,4,8,5,3,0,0,0,0,0,0,0,0,0,5,4,1
TERRELL COUNTY,443,70 Years,12,6,6,6,3,3,0,0,0,0,0,0,0,0,0,6,3,3
TERRELL COUNTY,443,71 Years,12,7,5,8,4,4,0,0,0,0,0,0,0,0,0,4,3,1
TERRELL COUNTY,443,72 Years,14,8,6,10,6,4,0,0,0,0,0,0,0,0,0,4,2,2
TERRELL COUNTY,443,73 Years,15,8,7,10,6,4,0,0,0,0,0,0,0,0,0,5,2,3
TERRELL COUNTY,443,74 Years,16,10,6,11,7,4,0,0,0,0,0,0,0,0,0,5,3,2
TERRELL COUNTY,443,75 Years,14,9,5,9,7,2,0,0,0,0,0,0,0,0,0,5,2,3
TERRELL COUNTY,443,76 Years,13,7,6,8,5,3,0,0,0,0,0,0,0,0,0,5,2,3
TERRELL COUNTY,443,77 Years,11,6,5,8,5,3,0,0,0,0,0,0,0,0,0,3,1,2
TERRELL COUNTY,443,78 Years,6,3,3,4,2,2,0,0,0,0,0,0,0,0,0,2,1,1
TERRELL COUNTY,443,79 Years,9,3,6,5,2,3,0,0,0,0,0,0,0,0,0,4,1,3
TERRELL COUNTY,443,80 Years,7,4,3,5,3,2,0,0,0,0,0,0,0,0,0,2,1,1
TERRELL COUNTY,443,81 Years,6,3,3,4,2,2,0,0,0,0,0,0,0,0,0,2,1,1
TERRELL COUNTY,443,82 Years,8,2,6,4,1,3,0,0,0,0,0,0,0,0,0,4,1,3
TERRELL COUNTY,443,83 Years,6,4,2,2,2,0,0,0,0,0,0,0,0,0,0,4,2,2
TERRELL COUNTY,443,84 Years,5,2,3,1,1,0,0,0,0,0,0,0,0,0,0,4,1,3
TERRELL COUNTY,443,85 Years,5,3,2,2,2,0,0,0,0,0,0,0,0,0,0,3,1,2
TERRELL COUNTY,443,86 Years,5,3,2,2,2,0,0,0,0,0,0,0,0,0,0,3,1,2
TERRELL COUNTY,443,87 Years,4,3,1,2,2,0,0,0,0,0,0,0,0,0,0,2,1,1
TERRELL COUNTY,443,88 Years,3,1,2,2,0,2,0,0,0,0,0,0,0,0,0,1,1,0
TERRELL COUNTY,443,89 Years,3,1,2,2,0,2,0,0,0,0,0,0,0,0,0,1,1,0
TERRELL COUNTY,443,90 Years,2,1,1,2,1,1,0,0,0,0,0,0,0,0,0,0,0,0
TERRELL COUNTY,443,91 Years,2,0,2,1,0,1,0,0,0,0,0,0,0,0,0,1,0,1
TERRELL COUNTY,443,92 Years,2,0,2,1,0,1,0,0,0,0,0,0,0,0,0,1,0,1
TERRELL COUNTY,443,93 Years,4,0,4,2,0,2,0,0,0,0,0,0,0,0,0,2,0,2
TERRELL COUNTY,443,94 Years,1,0,1,1,0,1,0,0,0,0,0,0,0,0,0,0,0,0
TERRELL COUNTY,443,95 Years +,8,4,4,5,2,3,0,0,0,0,0,0,0,0,0,3,2,1
TERRY COUNTY,445,All Ages,11416,6086,5330,4292,2267,2025,524,340,184,16,6,10,121,72,49,6463,3401,3062
TERRY COUNTY,445,< 1 Year,153,78,75,46,24,22,5,3,2,0,0,0,4,1,3,98,50,48
TERRY COUNTY,445,1 Years,145,74,71,38,19,19,4,2,2,0,0,0,3,2,1,100,51,49
TERRY COUNTY,445,2 Years,147,74,73,39,20,19,4,2,2,0,0,0,3,1,2,101,51,50
TERRY COUNTY,445,3 Years,173,86,87,56,29,27,4,2,2,0,0,0,5,4,1,108,51,57
TERRY COUNTY,445,4 Years,186,96,90,59,31,28,7,4,3,1,0,1,5,4,1,114,57,57
TERRY COUNTY,445,5 Years,184,96,88,56,30,26,7,3,4,0,0,0,5,4,1,116,59,57
TERRY COUNTY,445,6 Years,181,96,85,53,28,25,6,2,4,0,0,0,2,1,1,120,65,55
TERRY COUNTY,445,7 Years,183,96,87,53,28,25,5,2,3,0,0,0,1,0,1,124,66,58
TERRY COUNTY,445,8 Years,176,95,81,56,31,25,3,2,1,0,0,0,2,0,2,115,62,53
TERRY COUNTY,445,9 Years,175,94,81,58,32,26,1,0,1,1,0,1,4,2,2,111,60,51
TERRY COUNTY,445,10 Years,174,90,84,55,30,25,1,0,1,0,0,0,4,2,2,114,58,56
TERRY COUNTY,445,11 Years,167,83,84,51,26,25,3,2,1,0,0,0,4,2,2,109,53,56
TERRY COUNTY,445,12 Years,169,87,82,49,27,22,4,2,2,0,0,0,3,2,1,113,56,57
TERRY COUNTY,445,13 Years,178,92,86,51,28,23,5,1,4,0,0,0,2,1,1,120,62,58
TERRY COUNTY,445,14 Years,174,81,93,53,27,26,4,0,4,0,0,0,3,1,2,114,53,61
TERRY COUNTY,445,15 Years,172,82,90,55,29,26,3,1,2,0,0,0,2,1,1,112,51,61
TERRY COUNTY,445,16 Years,167,89,78,52,28,24,3,2,1,0,0,0,1,1,0,111,58,53
TERRY COUNTY,445,17 Years,160,86,74,53,28,25,5,2,3,0,0,0,1,1,0,101,55,46
TERRY COUNTY,445,18 Years,169,87,82,44,24,20,6,2,4,0,0,0,2,2,0,117,59,58
TERRY COUNTY,445,19 Years,164,81,83,41,21,20,9,4,5,0,0,0,2,1,1,112,55,57
TERRY COUNTY,445,20 Years,169,96,73,48,29,19,12,7,5,0,0,0,4,4,0,105,56,49
TERRY COUNTY,445,21 Years,164,95,69,51,32,19,6,3,3,0,0,0,3,2,1,104,58,46
TERRY COUNTY,445,22 Years,164,99,65,50,32,18,12,8,4,0,0,0,2,2,0,100,57,43
TERRY COUNTY,445,23 Years,171,105,66,46,28,18,19,16,3,0,0,0,3,3,0,103,58,45
TERRY COUNTY,445,24 Years,167,101,66,47,28,19,17,15,2,0,0,0,2,2,0,101,56,45
TERRY COUNTY,445,25 Years,163,97,66,49,30,19,15,13,2,0,0,0,2,1,1,97,53,44
TERRY COUNTY,445,26 Years,167,104,63,50,31,19,18,16,2,0,0,0,3,3,0,96,54,42
TERRY COUNTY,445,27 Years,157,97,60,45,26,19,20,17,3,0,0,0,1,1,0,91,53,38
TERRY COUNTY,445,28 Years,153,98,55,49,30,19,13,11,2,0,0,0,1,1,0,90,56,34
TERRY COUNTY,445,29 Years,147,98,49,56,37,19,8,5,3,0,0,0,1,1,0,82,55,27
TERRY COUNTY,445,30 Years,141,85,56,48,30,18,8,5,3,0,0,0,0,0,0,85,50,35
TERRY COUNTY,445,31 Years,153,94,59,53,31,22,8,6,2,2,2,0,1,1,0,89,54,35
TERRY COUNTY,445,32 Years,160,96,64,56,32,24,13,11,2,1,1,0,1,0,1,89,52,37
TERRY COUNTY,445,33 Years,147,82,65,51,28,23,8,6,2,0,0,0,1,0,1,87,48,39
TERRY COUNTY,445,34 Years,141,84,57,49,28,21,7,7,0,0,0,0,1,0,1,84,49,35
TERRY COUNTY,445,35 Years,138,82,56,44,25,19,5,4,1,0,0,0,2,0,2,87,53,34
TERRY COUNTY,445,36 Years,143,85,58,41,23,18,7,5,2,1,0,1,2,1,1,92,56,36
TERRY COUNTY,445,37 Years,143,86,57,48,30,18,6,5,1,1,0,1,1,1,0,87,50,37
TERRY COUNTY,445,38 Years,143,88,55,50,32,18,6,6,0,1,0,1,0,0,0,86,50,36
TERRY COUNTY,445,39 Years,142,85,57,44,26,18,10,9,1,2,0,2,1,0,1,85,50,35
TERRY COUNTY,445,40 Years,150,85,65,44,25,19,13,8,5,1,0,1,1,1,0,91,51,40
TERRY COUNTY,445,41 Years,145,89,56,47,28,19,11,8,3,0,0,0,0,0,0,87,53,34
TERRY COUNTY,445,42 Years,140,84,56,49,29,20,7,5,2,0,0,0,1,0,1,83,50,33
TERRY COUNTY,445,43 Years,154,82,72,50,30,20,6,3,3,0,0,0,0,0,0,98,49,49
TERRY COUNTY,445,44 Years,144,80,64,49,29,20,6,5,1,0,0,0,1,1,0,88,45,43
TERRY COUNTY,445,45 Years,126,66,60,45,24,21,10,6,4,0,0,0,1,1,0,70,35,35
TERRY COUNTY,445,46 Years,112,60,52,45,24,21,9,6,3,0,0,0,0,0,0,58,30,28
TERRY COUNTY,445,47 Years,107,58,49,46,25,21,6,6,0,0,0,0,1,0,1,54,27,27
TERRY COUNTY,445,48 Years,107,56,51,42,21,21,4,4,0,0,0,0,1,0,1,60,31,29
TERRY COUNTY,445,49 Years,124,72,52,42,24,18,8,5,3,0,0,0,1,0,1,73,43,30
TERRY COUNTY,445,50 Years,114,69,45,46,27,19,5,4,1,0,0,0,1,1,0,62,37,25
TERRY COUNTY,445,51 Years,116,64,52,47,27,20,6,4,2,0,0,0,0,0,0,63,33,30
TERRY COUNTY,445,52 Years,125,69,56,46,27,19,6,4,2,0,0,0,0,0,0,73,38,35
TERRY COUNTY,445,53 Years,116,61,55,47,27,20,6,4,2,0,0,0,1,1,0,62,29,33
TERRY COUNTY,445,54 Years,114,62,52,49,29,20,4,4,0,0,0,0,1,1,0,60,28,32
TERRY COUNTY,445,55 Years,115,58,57,51,29,22,3,3,0,0,0,0,1,0,1,60,26,34
TERRY COUNTY,445,56 Years,108,54,54,47,24,23,5,4,1,0,0,0,1,1,0,55,25,30
TERRY COUNTY,445,57 Years,121,63,58,46,23,23,6,4,2,0,0,0,1,1,0,68,35,33
TERRY COUNTY,445,58 Years,128,65,63,44,23,21,5,3,2,1,0,1,0,0,0,78,39,39
TERRY COUNTY,445,59 Years,134,65,69,54,26,28,7,3,4,1,0,1,1,1,0,71,35,36
TERRY COUNTY,445,60 Years,128,63,65,60,29,31,6,3,3,0,0,0,0,0,0,62,31,31
TERRY COUNTY,445,61 Years,118,68,50,53,32,21,4,3,1,0,0,0,0,0,0,61,33,28
TERRY COUNTY,445,62 Years,122,64,58,54,28,26,6,5,1,0,0,0,0,0,0,62,31,31
TERRY COUNTY,445,63 Years,125,57,68,57,27,30,6,3,3,0,0,0,0,0,0,62,27,35
TERRY COUNTY,445,64 Years,126,64,62,61,31,30,5,1,4,0,0,0,1,1,0,59,31,28
TERRY COUNTY,445,65 Years,119,57,62,52,23,29,4,1,3,0,0,0,3,1,2,60,32,28
TERRY COUNTY,445,66 Years,108,52,56,48,21,27,3,1,2,2,2,0,1,1,0,54,27,27
TERRY COUNTY,445,67 Years,115,56,59,61,30,31,3,1,2,1,1,0,0,0,0,50,24,26
TERRY COUNTY,445,68 Years,107,49,58,63,30,33,2,1,1,0,0,0,3,0,3,39,18,21
TERRY COUNTY,445,69 Years,95,41,54,58,25,33,4,1,3,0,0,0,0,0,0,33,15,18
TERRY COUNTY,445,70 Years,99,45,54,58,29,29,4,0,4,0,0,0,1,0,1,36,16,20
TERRY COUNTY,445,71 Years,106,49,57,62,31,31,3,1,2,0,0,0,1,0,1,40,17,23
TERRY COUNTY,445,72 Years,98,48,50,61,29,32,3,2,1,0,0,0,0,0,0,34,17,17
TERRY COUNTY,445,73 Years,85,43,42,46,22,24,3,2,1,0,0,0,0,0,0,36,19,17
TERRY COUNTY,445,74 Years,85,39,46,50,23,27,4,2,2,0,0,0,0,0,0,31,14,17
TERRY COUNTY,445,75 Years,81,33,48,47,21,26,3,2,1,0,0,0,1,0,1,30,10,20
TERRY COUNTY,445,76 Years,71,31,40,38,18,20,2,1,1,0,0,0,1,1,0,30,11,19
TERRY COUNTY,445,77 Years,69,32,37,37,16,21,2,1,1,0,0,0,1,1,0,29,14,15
TERRY COUNTY,445,78 Years,69,29,40,40,15,25,3,1,2,0,0,0,1,1,0,25,12,13
TERRY COUNTY,445,79 Years,58,25,33,36,13,23,3,1,2,0,0,0,0,0,0,19,11,8
TERRY COUNTY,445,80 Years,56,24,32,35,13,22,3,0,3,0,0,0,1,1,0,17,10,7
TERRY COUNTY,445,81 Years,55,23,32,36,14,22,2,0,2,0,0,0,1,0,1,16,9,7
TERRY COUNTY,445,82 Years,45,18,27,30,13,17,1,0,1,0,0,0,1,0,1,13,5,8
TERRY COUNTY,445,83 Years,40,16,24,27,13,14,1,0,1,0,0,0,0,0,0,12,3,9
TERRY COUNTY,445,84 Years,40,18,22,27,13,14,1,1,0,0,0,0,0,0,0,12,4,8
TERRY COUNTY,445,85 Years,37,13,24,23,9,14,2,0,2,0,0,0,0,0,0,12,4,8
TERRY COUNTY,445,86 Years,35,13,22,22,8,14,1,0,1,0,0,0,0,0,0,12,5,7
TERRY COUNTY,445,87 Years,32,12,20,22,8,14,0,0,0,0,0,0,0,0,0,10,4,6
TERRY COUNTY,445,88 Years,24,9,15,19,7,12,0,0,0,0,0,0,0,0,0,5,2,3
TERRY COUNTY,445,89 Years,16,6,10,13,5,8,0,0,0,0,0,0,0,0,0,3,1,2
TERRY COUNTY,445,90 Years,16,7,9,13,5,8,0,0,0,0,0,0,0,0,0,3,2,1
TERRY COUNTY,445,91 Years,13,5,8,11,4,7,0,0,0,0,0,0,0,0,0,2,1,1
TERRY COUNTY,445,92 Years,12,4,8,9,3,6,0,0,0,0,0,0,0,0,0,3,1,2
TERRY COUNTY,445,93 Years,9,3,6,8,3,5,0,0,0,0,0,0,0,0,0,1,0,1
TERRY COUNTY,445,94 Years,9,2,7,7,2,5,0,0,0,0,0,0,0,0,0,2,0,2
TERRY COUNTY,445,95 Years +,23,6,17,19,5,14,0,0,0,0,0,0,0,0,0,4,1,3
THROCKMORTON COUNTY,447,All Ages,1525,730,795,1296,630,666,1,1,0,4,1,3,9,2,7,215,96,119
THROCKMORTON COUNTY,447,< 1 Year,18,8,10,13,6,7,0,0,0,0,0,0,1,0,1,4,2,2
THROCKMORTON COUNTY,447,1 Years,15,8,7,10,5,5,0,0,0,0,0,0,1,1,0,4,2,2
THROCKMORTON COUNTY,447,2 Years,15,7,8,10,5,5,0,0,0,0,0,0,1,0,1,4,2,2
THROCKMORTON COUNTY,447,3 Years,18,11,7,14,8,6,0,0,0,0,0,0,0,0,0,4,3,1
THROCKMORTON COUNTY,447,4 Years,16,7,9,13,5,8,0,0,0,0,0,0,0,0,0,3,2,1
THROCKMORTON COUNTY,447,5 Years,16,10,6,14,8,6,0,0,0,0,0,0,0,0,0,2,2,0
THROCKMORTON COUNTY,447,6 Years,17,10,7,14,7,7,0,0,0,0,0,0,0,0,0,3,3,0
THROCKMORTON COUNTY,447,7 Years,17,8,9,14,7,7,0,0,0,0,0,0,0,0,0,3,1,2
THROCKMORTON COUNTY,447,8 Years,15,5,10,11,4,7,0,0,0,0,0,0,0,0,0,4,1,3
THROCKMORTON COUNTY,447,9 Years,19,5,14,15,4,11,0,0,0,0,0,0,0,0,0,4,1,3
THROCKMORTON COUNTY,447,10 Years,19,5,14,14,4,10,0,0,0,0,0,0,0,0,0,5,1,4
THROCKMORTON COUNTY,447,11 Years,18,7,11,16,6,10,0,0,0,0,0,0,0,0,0,2,1,1
THROCKMORTON COUNTY,447,12 Years,17,8,9,15,7,8,0,0,0,0,0,0,0,0,0,2,1,1
THROCKMORTON COUNTY,447,13 Years,19,9,10,15,7,8,0,0,0,0,0,0,0,0,0,4,2,2
THROCKMORTON COUNTY,447,14 Years,21,10,11,15,7,8,0,0,0,0,0,0,0,0,0,6,3,3
THROCKMORTON COUNTY,447,15 Years,24,13,11,18,10,8,0,0,0,0,0,0,0,0,0,6,3,3
THROCKMORTON COUNTY,447,16 Years,22,14,8,18,11,7,0,0,0,0,0,0,0,0,0,4,3,1
THROCKMORTON COUNTY,447,17 Years,22,11,11,16,10,6,0,0,0,0,0,0,0,0,0,6,1,5
THROCKMORTON COUNTY,447,18 Years,15,9,6,12,8,4,0,0,0,0,0,0,0,0,0,3,1,2
THROCKMORTON COUNTY,447,19 Years,15,9,6,12,8,4,0,0,0,1,0,1,0,0,0,2,1,1
THROCKMORTON COUNTY,447,20 Years,14,8,6,11,6,5,0,0,0,0,0,0,0,0,0,3,2,1
THROCKMORTON COUNTY,447,21 Years,13,6,7,10,5,5,0,0,0,0,0,0,0,0,0,3,1,2
THROCKMORTON COUNTY,447,22 Years,14,8,6,10,7,3,0,0,0,1,0,1,0,0,0,3,1,2
THROCKMORTON COUNTY,447,23 Years,13,7,6,9,6,3,0,0,0,1,0,1,0,0,0,3,1,2
THROCKMORTON COUNTY,447,24 Years,9,4,5,7,4,3,0,0,0,0,0,0,0,0,0,2,0,2
THROCKMORTON COUNTY,447,25 Years,9,4,5,7,4,3,0,0,0,0,0,0,0,0,0,2,0,2
THROCKMORTON COUNTY,447,26 Years,10,8,2,8,6,2,0,0,0,0,0,0,0,0,0,2,2,0
THROCKMORTON COUNTY,447,27 Years,12,8,4,10,7,3,0,0,0,0,0,0,0,0,0,2,1,1
THROCKMORTON COUNTY,447,28 Years,14,9,5,12,7,5,0,0,0,1,1,0,0,0,0,1,1,0
THROCKMORTON COUNTY,447,29 Years,16,6,10,14,6,8,0,0,0,0,0,0,0,0,0,2,0,2
THROCKMORTON COUNTY,447,30 Years,16,8,8,14,7,7,0,0,0,0,0,0,0,0,0,2,1,1
THROCKMORTON COUNTY,447,31 Years,12,8,4,11,8,3,0,0,0,0,0,0,0,0,0,1,0,1
THROCKMORTON COUNTY,447,32 Years,9,6,3,9,6,3,0,0,0,0,0,0,0,0,0,0,0,0
THROCKMORTON COUNTY,447,33 Years,13,6,7,11,6,5,0,0,0,0,0,0,0,0,0,2,0,2
THROCKMORTON COUNTY,447,34 Years,17,6,11,15,6,9,0,0,0,0,0,0,0,0,0,2,0,2
THROCKMORTON COUNTY,447,35 Years,17,8,9,16,8,8,0,0,0,0,0,0,0,0,0,1,0,1
THROCKMORTON COUNTY,447,36 Years,13,7,6,13,7,6,0,0,0,0,0,0,0,0,0,0,0,0
THROCKMORTON COUNTY,447,37 Years,8,5,3,8,5,3,0,0,0,0,0,0,0,0,0,0,0,0
THROCKMORTON COUNTY,447,38 Years,15,6,9,12,6,6,0,0,0,0,0,0,0,0,0,3,0,3
THROCKMORTON COUNTY,447,39 Years,21,8,13,16,6,10,0,0,0,0,0,0,0,0,0,5,2,3
THROCKMORTON COUNTY,447,40 Years,23,8,15,17,7,10,0,0,0,0,0,0,0,0,0,6,1,5
THROCKMORTON COUNTY,447,41 Years,15,8,7,13,7,6,0,0,0,0,0,0,0,0,0,2,1,1
THROCKMORTON COUNTY,447,42 Years,14,7,7,11,5,6,0,0,0,0,0,0,0,0,0,3,2,1
THROCKMORTON COUNTY,447,43 Years,9,4,5,7,3,4,0,0,0,0,0,0,0,0,0,2,1,1
THROCKMORTON COUNTY,447,44 Years,12,5,7,9,4,5,0,0,0,0,0,0,0,0,0,3,1,2
THROCKMORTON COUNTY,447,45 Years,14,8,6,9,5,4,0,0,0,0,0,0,0,0,0,5,3,2
THROCKMORTON COUNTY,447,46 Years,12,6,6,9,4,5,0,0,0,0,0,0,0,0,0,3,2,1
THROCKMORTON COUNTY,447,47 Years,10,5,5,8,4,4,0,0,0,0,0,0,0,0,0,2,1,1
THROCKMORTON COUNTY,447,48 Years,17,6,11,14,4,10,0,0,0,0,0,0,0,0,0,3,2,1
THROCKMORTON COUNTY,447,49 Years,22,7,15,15,5,10,0,0,0,0,0,0,0,0,0,7,2,5
THROCKMORTON COUNTY,447,50 Years,21,9,12,14,6,8,0,0,0,0,0,0,1,0,1,6,3,3
THROCKMORTON COUNTY,447,51 Years,17,8,9,14,5,9,0,0,0,0,0,0,0,0,0,3,3,0
THROCKMORTON COUNTY,447,52 Years,16,6,10,12,4,8,0,0,0,0,0,0,0,0,0,4,2,2
THROCKMORTON COUNTY,447,53 Years,15,5,10,12,4,8,0,0,0,0,0,0,0,0,0,3,1,2
THROCKMORTON COUNTY,447,54 Years,16,8,8,13,6,7,0,0,0,0,0,0,0,0,0,3,2,1
THROCKMORTON COUNTY,447,55 Years,18,9,9,16,7,9,0,0,0,0,0,0,0,0,0,2,2,0
THROCKMORTON COUNTY,447,56 Years,14,6,8,13,6,7,0,0,0,0,0,0,0,0,0,1,0,1
THROCKMORTON COUNTY,447,57 Years,21,8,13,20,8,12,0,0,0,0,0,0,0,0,0,1,0,1
THROCKMORTON COUNTY,447,58 Years,26,10,16,23,9,14,0,0,0,0,0,0,0,0,0,3,1,2
THROCKMORTON COUNTY,447,59 Years,26,11,15,24,10,14,0,0,0,0,0,0,0,0,0,2,1,1
THROCKMORTON COUNTY,447,60 Years,28,13,15,24,11,13,0,0,0,0,0,0,1,0,1,3,2,1
THROCKMORTON COUNTY,447,61 Years,23,12,11,21,11,10,0,0,0,0,0,0,1,0,1,1,1,0
THROCKMORTON COUNTY,447,62 Years,21,9,12,19,9,10,0,0,0,0,0,0,1,0,1,1,0,1
THROCKMORTON COUNTY,447,63 Years,27,14,13,25,14,11,0,0,0,0,0,0,0,0,0,2,0,2
THROCKMORTON COUNTY,447,64 Years,31,16,15,28,15,13,0,0,0,0,0,0,0,0,0,3,1,2
THROCKMORTON COUNTY,447,65 Years,28,13,15,25,12,13,0,0,0,0,0,0,0,0,0,3,1,2
THROCKMORTON COUNTY,447,66 Years,19,9,10,19,9,10,0,0,0,0,0,0,0,0,0,0,0,0
THROCKMORTON COUNTY,447,67 Years,21,10,11,20,10,10,0,0,0,0,0,0,0,0,0,1,0,1
THROCKMORTON COUNTY,447,68 Years,26,15,11,25,14,11,0,0,0,0,0,0,1,1,0,0,0,0
THROCKMORTON COUNTY,447,69 Years,19,11,8,19,11,8,0,0,0,0,0,0,0,0,0,0,0,0
THROCKMORTON COUNTY,447,70 Years,22,14,8,19,13,6,0,0,0,0,0,0,0,0,0,3,1,2
THROCKMORTON COUNTY,447,71 Years,20,11,9,18,10,8,0,0,0,0,0,0,0,0,0,2,1,1
THROCKMORTON COUNTY,447,72 Years,23,11,12,22,10,12,0,0,0,0,0,0,0,0,0,1,1,0
THROCKMORTON COUNTY,447,73 Years,20,8,12,19,8,11,0,0,0,0,0,0,0,0,0,1,0,1
THROCKMORTON COUNTY,447,74 Years,20,11,9,18,9,9,0,0,0,0,0,0,0,0,0,2,2,0
THROCKMORTON COUNTY,447,75 Years,20,12,8,18,11,7,0,0,0,0,0,0,0,0,0,2,1,1
THROCKMORTON COUNTY,447,76 Years,14,8,6,14,8,6,0,0,0,0,0,0,0,0,0,0,0,0
THROCKMORTON COUNTY,447,77 Years,13,5,8,12,5,7,0,0,0,0,0,0,0,0,0,1,0,1
THROCKMORTON COUNTY,447,78 Years,17,7,10,15,6,9,0,0,0,0,0,0,0,0,0,2,1,1
THROCKMORTON COUNTY,447,79 Years,14,8,6,13,7,6,0,0,0,0,0,0,0,0,0,1,1,0
THROCKMORTON COUNTY,447,80 Years,12,6,6,12,6,6,0,0,0,0,0,0,0,0,0,0,0,0
THROCKMORTON COUNTY,447,81 Years,16,9,7,14,7,7,1,1,0,0,0,0,0,0,0,1,1,0
THROCKMORTON COUNTY,447,82 Years,15,6,9,12,5,7,0,0,0,0,0,0,0,0,0,3,1,2
THROCKMORTON COUNTY,447,83 Years,15,3,12,12,3,9,0,0,0,0,0,0,1,0,1,2,0,2
THROCKMORTON COUNTY,447,84 Years,14,6,8,13,5,8,0,0,0,0,0,0,0,0,0,1,1,0
THROCKMORTON COUNTY,447,85 Years,14,6,8,13,5,8,0,0,0,0,0,0,0,0,0,1,1,0
THROCKMORTON COUNTY,447,86 Years,9,4,5,9,4,5,0,0,0,0,0,0,0,0,0,0,0,0
THROCKMORTON COUNTY,447,87 Years,7,3,4,7,3,4,0,0,0,0,0,0,0,0,0,0,0,0
THROCKMORTON COUNTY,447,88 Years,7,3,4,7,3,4,0,0,0,0,0,0,0,0,0,0,0,0
THROCKMORTON COUNTY,447,89 Years,4,1,3,4,1,3,0,0,0,0,0,0,0,0,0,0,0,0
THROCKMORTON COUNTY,447,90 Years,4,2,2,4,2,2,0,0,0,0,0,0,0,0,0,0,0,0
THROCKMORTON COUNTY,447,91 Years,4,1,3,4,1,3,0,0,0,0,0,0,0,0,0,0,0,0
THROCKMORTON COUNTY,447,92 Years,3,2,1,3,2,1,0,0,0,0,0,0,0,0,0,0,0,0
THROCKMORTON COUNTY,447,93 Years,3,2,1,3,2,1,0,0,0,0,0,0,0,0,0,0,0,0
THROCKMORTON COUNTY,447,94 Years,2,1,1,2,1,1,0,0,0,0,0,0,0,0,0,0,0,0
THROCKMORTON COUNTY,447,95 Years +,9,4,5,9,4,5,0,0,0,0,0,0,0,0,0,0,0,0
TITUS COUNTY,449,All Ages,31319,15251,16068,13303,6361,6942,3067,1420,1647,248,121,127,551,242,309,14150,7107,7043
TITUS COUNTY,449,< 1 Year,449,227,222,133,66,67,39,20,19,2,1,1,16,9,7,259,131,128
TITUS COUNTY,449,1 Years,458,235,223,136,69,67,39,20,19,2,1,1,14,8,6,267,137,130
TITUS COUNTY,449,2 Years,463,238,225,140,72,68,41,21,20,2,1,1,13,7,6,267,137,130
TITUS COUNTY,449,3 Years,463,241,222,124,62,62,39,23,16,1,1,0,8,4,4,291,151,140
TITUS COUNTY,449,4 Years,478,248,230,125,59,66,40,23,17,2,1,1,7,3,4,304,162,142
TITUS COUNTY,449,5 Years,503,260,243,137,63,74,41,21,20,2,0,2,9,4,5,314,172,142
TITUS COUNTY,449,6 Years,523,265,258,144,68,76,46,21,25,2,1,1,11,6,5,320,169,151
TITUS COUNTY,449,7 Years,528,259,269,145,74,71,49,23,26,3,1,2,14,5,9,317,156,161
TITUS COUNTY,449,8 Years,504,246,258,146,79,67,46,18,28,2,1,1,15,5,10,295,143,152
TITUS COUNTY,449,9 Years,494,246,248,144,81,63,44,17,27,2,1,1,17,6,11,287,141,146
TITUS COUNTY,449,10 Years,474,242,232,135,74,61,42,19,23,1,1,0,15,7,8,281,141,140
TITUS COUNTY,449,11 Years,463,234,229,133,71,62,40,18,22,1,1,0,15,7,8,274,137,137
TITUS COUNTY,449,12 Years,506,254,252,145,76,69,47,26,21,1,0,1,15,7,8,298,145,153
TITUS COUNTY,449,13 Years,515,258,257,136,73,63,53,30,23,1,0,1,14,5,9,311,150,161
TITUS COUNTY,449,14 Years,540,266,274,145,75,70,54,29,25,3,1,2,14,4,10,324,157,167
TITUS COUNTY,449,15 Years,538,268,270,160,80,80,52,27,25,3,1,2,14,5,9,309,155,154
TITUS COUNTY,449,16 Years,524,261,263,155,77,78,45,25,20,3,1,2,13,6,7,308,152,156
TITUS COUNTY,449,17 Years,484,245,239,145,75,70,43,22,21,4,1,3,12,6,6,280,141,139
TITUS COUNTY,449,18 Years,492,238,254,156,73,83,45,24,21,3,0,3,11,7,4,277,134,143
TITUS COUNTY,449,19 Years,475,222,253,150,72,78,43,21,22,2,0,2,10,5,5,270,124,146
TITUS COUNTY,449,20 Years,466,232,234,150,77,73,40,19,21,1,0,1,10,5,5,265,131,134
TITUS COUNTY,449,21 Years,469,250,219,150,80,70,41,21,20,3,1,2,11,7,4,264,141,123
TITUS COUNTY,449,22 Years,428,219,209,136,72,64,34,17,17,5,1,4,10,4,6,243,125,118
TITUS COUNTY,449,23 Years,408,218,190,142,78,64,35,17,18,8,5,3,9,3,6,214,115,99
TITUS COUNTY,449,24 Years,400,209,191,141,79,62,37,18,19,4,2,2,9,3,6,209,107,102
TITUS COUNTY,449,25 Years,414,200,214,144,74,70,41,22,19,1,0,1,9,2,7,219,102,117
TITUS COUNTY,449,26 Years,447,216,231,156,79,77,53,24,29,10,9,1,8,3,5,220,101,119
TITUS COUNTY,449,27 Years,433,212,221,155,78,77,52,25,27,8,7,1,4,2,2,214,100,114
TITUS COUNTY,449,28 Years,400,194,206,125,63,62,38,19,19,5,3,2,7,3,4,225,106,119
TITUS COUNTY,449,29 Years,385,195,190,115,60,55,41,22,19,6,3,3,5,2,3,218,108,110
TITUS COUNTY,449,30 Years,369,191,178,115,58,57,47,27,20,3,2,1,3,1,2,201,103,98
TITUS COUNTY,449,31 Years,392,206,186,150,75,75,44,23,21,5,4,1,3,2,1,190,102,88
TITUS COUNTY,449,32 Years,395,198,197,164,78,86,42,22,20,3,3,0,5,1,4,181,94,87
TITUS COUNTY,449,33 Years,381,169,212,147,64,83,53,25,28,4,1,3,7,1,6,170,78,92
TITUS COUNTY,449,34 Years,352,153,199,139,61,78,48,21,27,2,1,1,7,1,6,156,69,87
TITUS COUNTY,449,35 Years,317,144,173,121,54,67,36,16,20,2,1,1,5,1,4,153,72,81
TITUS COUNTY,449,36 Years,309,148,161,128,59,69,32,15,17,2,2,0,2,2,0,145,70,75
TITUS COUNTY,449,37 Years,307,150,157,127,61,66,32,15,17,1,1,0,4,2,2,143,71,72
TITUS COUNTY,449,38 Years,289,134,155,112,53,59,29,12,17,1,1,0,3,1,2,144,67,77
TITUS COUNTY,449,39 Years,301,140,161,121,60,61,27,12,15,0,0,0,4,3,1,149,65,84
TITUS COUNTY,449,40 Years,315,147,168,136,64,72,28,13,15,0,0,0,3,1,2,148,69,79
TITUS COUNTY,449,41 Years,330,144,186,142,62,80,25,12,13,2,1,1,1,0,1,160,69,91
TITUS COUNTY,449,42 Years,334,140,194,141,56,85,25,10,15,1,0,1,6,3,3,161,71,90
TITUS COUNTY,449,43 Years,322,143,179,138,54,84,29,15,14,3,1,2,7,3,4,145,70,75
TITUS COUNTY,449,44 Years,321,152,169,129,56,73,31,16,15,3,1,2,6,4,2,152,75,77
TITUS COUNTY,449,45 Years,323,154,169,134,60,74,28,13,15,5,3,2,4,3,1,152,75,77
TITUS COUNTY,449,46 Years,312,146,166,131,65,66,28,13,15,2,1,1,4,2,2,147,65,82
TITUS COUNTY,449,47 Years,330,162,168,131,69,62,26,13,13,2,0,2,5,4,1,166,76,90
TITUS COUNTY,449,48 Years,355,172,183,134,70,64,36,19,17,2,0,2,2,1,1,181,82,99
TITUS COUNTY,449,49 Years,377,177,200,154,80,74,40,16,24,4,2,2,1,0,1,178,79,99
TITUS COUNTY,449,50 Years,367,174,193,151,74,77,33,11,22,3,2,1,1,1,0,179,86,93
TITUS COUNTY,449,51 Years,363,175,188,163,79,84,36,13,23,2,1,1,4,1,3,158,81,77
TITUS COUNTY,449,52 Years,374,186,188,160,76,84,42,17,25,2,1,1,6,3,3,164,89,75
TITUS COUNTY,449,53 Years,386,204,182,157,77,80,44,21,23,3,1,2,6,4,2,176,101,75
TITUS COUNTY,449,54 Years,371,197,174,148,77,71,42,21,21,3,1,2,6,3,3,172,95,77
TITUS COUNTY,449,55 Years,377,186,191,165,76,89,40,19,21,3,1,2,6,1,5,163,89,74
TITUS COUNTY,449,56 Years,382,190,192,180,80,100,40,20,20,2,2,0,2,1,1,158,87,71
TITUS COUNTY,449,57 Years,378,189,189,191,88,103,37,18,19,3,2,1,3,1,2,144,80,64
TITUS COUNTY,449,58 Years,379,195,184,195,97,98,42,16,26,2,1,1,3,0,3,137,81,56
TITUS COUNTY,449,59 Years,386,198,188,207,105,102,43,17,26,4,1,3,3,1,2,129,74,55
TITUS COUNTY,449,60 Years,368,182,186,207,103,104,42,16,26,3,1,2,4,1,3,112,61,51
TITUS COUNTY,449,61 Years,340,163,177,203,95,108,35,13,22,2,1,1,5,1,4,95,53,42
TITUS COUNTY,449,62 Years,347,170,177,209,100,109,40,18,22,1,1,0,5,1,4,92,50,42
TITUS COUNTY,449,63 Years,327,168,159,197,96,101,39,19,20,0,0,0,5,2,3,86,51,35
TITUS COUNTY,449,64 Years,320,161,159,199,95,104,28,12,16,3,2,1,5,3,2,85,49,36
TITUS COUNTY,449,65 Years,310,153,157,199,95,104,28,12,16,3,2,1,2,1,1,78,43,35
TITUS COUNTY,449,66 Years,304,131,173,199,83,116,33,11,22,4,2,2,3,1,2,65,34,31
TITUS COUNTY,449,67 Years,308,137,171,198,85,113,37,16,21,5,1,4,4,2,2,64,33,31
TITUS COUNTY,449,68 Years,303,150,153,196,95,101,36,16,20,3,0,3,6,3,3,62,36,26
TITUS COUNTY,449,69 Years,294,150,144,192,96,96,35,16,19,10,3,7,4,2,2,53,33,20
TITUS COUNTY,449,70 Years,283,134,149,197,94,103,31,13,18,6,1,5,5,2,3,44,24,20
TITUS COUNTY,449,71 Years,280,133,147,189,88,101,32,14,18,5,2,3,5,2,3,49,27,22
TITUS COUNTY,449,72 Years,267,121,146,195,88,107,30,12,18,2,1,1,4,1,3,36,19,17
TITUS COUNTY,449,73 Years,251,118,133,194,93,101,24,9,15,1,0,1,2,1,1,30,15,15
TITUS COUNTY,449,74 Years,261,125,136,199,94,105,21,7,14,2,0,2,2,1,1,37,23,14
TITUS COUNTY,449,75 Years,246,112,134,195,86,109,21,9,12,1,0,1,1,0,1,28,17,11
TITUS COUNTY,449,76 Years,208,95,113,159,74,85,21,8,13,2,0,2,2,1,1,24,12,12
TITUS COUNTY,449,77 Years,182,84,98,135,63,72,16,6,10,2,0,2,4,3,1,25,12,13
TITUS COUNTY,449,78 Years,172,72,100,133,55,78,15,6,9,2,2,0,2,2,0,20,7,13
TITUS COUNTY,449,79 Years,148,61,87,118,50,68,12,5,7,1,0,1,3,1,2,14,5,9
TITUS COUNTY,449,80 Years,144,59,85,111,45,66,12,5,7,4,3,1,3,1,2,14,5,9
TITUS COUNTY,449,81 Years,148,57,91,113,46,67,15,3,12,4,3,1,1,0,1,15,5,10
TITUS COUNTY,449,82 Years,125,50,75,95,39,56,12,3,9,1,1,0,2,1,1,15,6,9
TITUS COUNTY,449,83 Years,107,44,63,84,34,50,8,1,7,2,2,0,2,1,1,11,6,5
TITUS COUNTY,449,84 Years,99,39,60,80,30,50,7,1,6,2,2,0,2,1,1,8,5,3
TITUS COUNTY,449,85 Years,90,36,54,73,28,45,7,1,6,2,2,0,2,1,1,6,4,2
TITUS COUNTY,449,86 Years,79,31,48,63,24,39,6,1,5,3,2,1,1,1,0,6,3,3
TITUS COUNTY,449,87 Years,69,29,40,54,22,32,6,1,5,3,2,1,1,1,0,5,3,2
TITUS COUNTY,449,88 Years,54,23,31,44,18,26,4,1,3,0,0,0,2,2,0,4,2,2
TITUS COUNTY,449,89 Years,46,19,27,39,16,23,5,2,3,0,0,0,0,0,0,2,1,1
TITUS COUNTY,449,90 Years,42,17,25,35,13,22,4,2,2,0,0,0,0,0,0,3,2,1
TITUS COUNTY,449,91 Years,38,12,26,31,10,21,4,1,3,0,0,0,0,0,0,3,1,2
TITUS COUNTY,449,92 Years,33,13,20,27,11,16,3,1,2,0,0,0,0,0,0,3,1,2
TITUS COUNTY,449,93 Years,27,11,16,21,8,13,3,2,1,0,0,0,0,0,0,3,1,2
TITUS COUNTY,449,94 Years,23,9,14,18,7,11,2,1,1,0,0,0,0,0,0,3,1,2
TITUS COUNTY,449,95 Years +,58,20,38,43,15,28,8,3,5,2,1,1,1,0,1,4,1,3
TOM GREEN COUNTY,451,All Ages,120397,60379,60018,59577,29737,29840,4657,2618,2039,1392,693,699,2668,1367,1301,52103,25964,26139
TOM GREEN COUNTY,451,< 1 Year,1596,810,786,594,302,292,62,30,32,18,10,8,75,40,35,847,428,419
TOM GREEN COUNTY,451,1 Years,1606,819,787,577,294,283,71,37,34,17,8,9,62,32,30,879,448,431
TOM GREEN COUNTY,451,2 Years,1591,813,778,576,294,282,68,35,33,17,9,8,60,31,29,870,444,426
TOM GREEN COUNTY,451,3 Years,1525,789,736,573,292,281,56,28,28,14,8,6,61,34,27,821,427,394
TOM GREEN COUNTY,451,4 Years,1531,796,735,576,295,281,52,25,27,14,7,7,56,32,24,833,437,396
TOM GREEN COUNTY,451,5 Years,1550,815,735,584,307,277,50,25,25,14,6,8,59,35,24,843,442,401
TOM GREEN COUNTY,451,6 Years,1624,852,772,613,321,292,50,27,23,13,7,6,58,33,25,890,464,426
TOM GREEN COUNTY,451,7 Years,1683,877,806,644,331,313,54,32,22,15,8,7,57,32,25,913,474,439
TOM GREEN COUNTY,451,8 Years,1706,869,837,652,330,322,47,27,20,19,10,9,58,28,30,930,474,456
TOM GREEN COUNTY,451,9 Years,1653,838,815,641,324,317,44,24,20,18,10,8,50,24,26,900,456,444
TOM GREEN COUNTY,451,10 Years,1605,812,793,628,318,310,45,20,25,16,10,6,48,25,23,868,439,429
TOM GREEN COUNTY,451,11 Years,1594,811,783,624,318,306,46,21,25,13,6,7,50,25,25,861,441,420
TOM GREEN COUNTY,451,12 Years,1572,800,772,592,293,299,51,26,25,13,8,5,51,25,26,865,448,417
TOM GREEN COUNTY,451,13 Years,1596,792,804,608,291,317,47,23,24,18,13,5,43,21,22,880,444,436
TOM GREEN COUNTY,451,14 Years,1623,825,798,640,325,315,55,29,26,14,8,6,38,17,21,876,446,430
TOM GREEN COUNTY,451,15 Years,1644,851,793,631,324,307,57,32,25,22,8,14,37,18,19,897,469,428
TOM GREEN COUNTY,451,16 Years,1538,788,750,579,299,280,47,25,22,21,8,13,35,18,17,856,438,418
TOM GREEN COUNTY,451,17 Years,1595,835,760,640,345,295,60,31,29,19,7,12,43,24,19,833,428,405
TOM GREEN COUNTY,451,18 Years,1643,870,773,707,394,313,72,42,30,13,6,7,56,33,23,795,395,400
TOM GREEN COUNTY,451,19 Years,1616,864,752,681,387,294,81,49,32,10,5,5,49,29,20,795,394,401
TOM GREEN COUNTY,451,20 Years,1578,848,730,636,354,282,87,49,38,16,10,6,58,34,24,781,401,380
TOM GREEN COUNTY,451,21 Years,1966,978,988,862,406,456,98,48,50,23,18,5,59,33,26,924,473,451
TOM GREEN COUNTY,451,22 Years,2530,1320,1210,1227,668,559,149,80,69,26,21,5,67,21,46,1061,530,531
TOM GREEN COUNTY,451,23 Years,2273,1212,1061,1103,618,485,157,89,68,33,20,13,78,41,37,902,444,458
TOM GREEN COUNTY,451,24 Years,2093,1134,959,1000,559,441,137,89,48,30,17,13,69,42,27,857,427,430
TOM GREEN COUNTY,451,25 Years,1975,1046,929,940,499,441,108,75,33,41,27,14,58,32,26,828,413,415
TOM GREEN COUNTY,451,26 Years,1902,1030,872,871,483,388,93,56,37,33,23,10,53,26,27,852,442,410
TOM GREEN COUNTY,451,27 Years,1844,1012,832,839,487,352,85,47,38,27,20,7,56,33,23,837,425,412
TOM GREEN COUNTY,451,28 Years,1785,959,826,783,431,352,83,48,35,44,30,14,39,21,18,836,429,407
TOM GREEN COUNTY,451,29 Years,1745,922,823,786,414,372,71,42,29,27,15,12,29,15,14,832,436,396
TOM GREEN COUNTY,451,30 Years,1780,972,808,799,462,337,85,50,35,23,12,11,46,27,19,827,421,406
TOM GREEN COUNTY,451,31 Years,1854,971,883,867,458,409,102,67,35,34,22,12,49,27,22,802,397,405
TOM GREEN COUNTY,451,32 Years,1961,989,972,996,489,507,101,60,41,39,23,16,49,30,19,776,387,389
TOM GREEN COUNTY,451,33 Years,1822,917,905,903,454,449,76,47,29,20,9,11,40,21,19,783,386,397
TOM GREEN COUNTY,451,34 Years,1611,854,757,736,406,330,68,41,27,28,14,14,33,14,19,746,379,367
TOM GREEN COUNTY,451,35 Years,1635,871,764,750,410,340,65,41,24,28,13,15,26,12,14,766,395,371
TOM GREEN COUNTY,451,36 Years,1610,837,773,728,363,365,72,46,26,17,10,7,24,14,10,769,404,365
TOM GREEN COUNTY,451,37 Years,1649,863,786,759,382,377,83,51,32,25,15,10,23,13,10,759,402,357
TOM GREEN COUNTY,451,38 Years,1713,897,816,787,398,389,72,43,29,30,11,19,26,16,10,798,429,369
TOM GREEN COUNTY,451,39 Years,1653,841,812,763,385,378,64,36,28,28,7,21,28,17,11,770,396,374
TOM GREEN COUNTY,451,40 Years,1562,801,761,734,379,355,64,40,24,30,8,22,20,10,10,714,364,350
TOM GREEN COUNTY,451,41 Years,1535,801,734,719,376,343,62,41,21,23,9,14,24,11,13,707,364,343
TOM GREEN COUNTY,451,42 Years,1473,781,692,701,379,322,63,43,20,16,9,7,22,11,11,671,339,332
TOM GREEN COUNTY,451,43 Years,1346,685,661,647,342,305,64,42,22,13,5,8,16,10,6,606,286,320
TOM GREEN COUNTY,451,44 Years,1294,653,641,625,324,301,56,40,16,24,8,16,15,11,4,574,270,304
TOM GREEN COUNTY,451,45 Years,1220,624,596,593,301,292,40,26,14,22,9,13,15,9,6,550,279,271
TOM GREEN COUNTY,451,46 Years,1164,598,566,573,288,285,36,25,11,12,6,6,17,11,6,526,268,258
TOM GREEN COUNTY,451,47 Years,1144,581,563,566,295,271,35,23,12,16,7,9,20,8,12,507,248,259
TOM GREEN COUNTY,451,48 Years,1124,550,574,545,264,281,41,24,17,16,9,7,25,11,14,497,242,255
TOM GREEN COUNTY,451,49 Years,1100,526,574,534,247,287,39,23,16,17,7,10,20,8,12,490,241,249
TOM GREEN COUNTY,451,50 Years,1151,570,581,569,280,289,37,20,17,12,4,8,22,11,11,511,255,256
TOM GREEN COUNTY,451,51 Years,1162,576,586,592,294,298,35,16,19,15,5,10,17,8,9,503,253,250
TOM GREEN COUNTY,451,52 Years,1197,587,610,630,308,322,33,16,17,13,5,8,17,7,10,504,251,253
TOM GREEN COUNTY,451,53 Years,1166,579,587,608,313,295,32,19,13,11,4,7,21,10,11,494,233,261
TOM GREEN COUNTY,451,54 Years,1169,579,590,615,324,291,33,16,17,14,6,8,18,8,10,489,225,264
TOM GREEN COUNTY,451,55 Years,1172,564,608,613,300,313,42,22,20,16,9,7,20,7,13,481,226,255
TOM GREEN COUNTY,451,56 Years,1163,545,618,615,277,338,45,26,19,12,6,6,21,11,10,470,225,245
TOM GREEN COUNTY,451,57 Years,1220,575,645,679,319,360,43,24,19,13,6,7,20,10,10,465,216,249
TOM GREEN COUNTY,451,58 Years,1256,585,671,726,336,390,38,23,15,13,5,8,16,8,8,463,213,250
TOM GREEN COUNTY,451,59 Years,1289,607,682,747,346,401,43,23,20,12,7,5,17,7,10,470,224,246
TOM GREEN COUNTY,451,60 Years,1353,645,708,766,366,400,43,18,25,10,5,5,16,6,10,518,250,268
TOM GREEN COUNTY,451,61 Years,1359,645,714,786,373,413,43,19,24,12,4,8,12,4,8,506,245,261
TOM GREEN COUNTY,451,62 Years,1327,628,699,800,368,432,44,22,22,8,3,5,14,7,7,461,228,233
TOM GREEN COUNTY,451,63 Years,1305,617,688,804,370,434,48,26,22,10,6,4,15,7,8,428,208,220
TOM GREEN COUNTY,451,64 Years,1293,590,703,798,358,440,44,24,20,12,5,7,16,6,10,423,197,226
TOM GREEN COUNTY,451,65 Years,1274,571,703,786,345,441,38,17,21,13,5,8,17,6,11,420,198,222
TOM GREEN COUNTY,451,66 Years,1212,569,643,746,349,397,48,23,25,10,3,7,14,6,8,394,188,206
TOM GREEN COUNTY,451,67 Years,1209,571,638,776,366,410,38,16,22,11,5,6,16,8,8,368,176,192
TOM GREEN COUNTY,451,68 Years,1181,557,624,785,369,416,32,15,17,9,3,6,13,7,6,342,163,179
TOM GREEN COUNTY,451,69 Years,1177,554,623,790,376,414,37,18,19,8,3,5,11,5,6,331,152,179
TOM GREEN COUNTY,451,70 Years,1140,536,604,764,364,400,38,20,18,7,2,5,14,8,6,317,142,175
TOM GREEN COUNTY,451,71 Years,1062,496,566,702,332,370,37,19,18,6,2,4,15,7,8,302,136,166
TOM GREEN COUNTY,451,72 Years,1042,487,555,700,335,365,35,18,17,9,2,7,10,4,6,288,128,160
TOM GREEN COUNTY,451,73 Years,941,444,497,637,295,342,32,19,13,7,2,5,11,5,6,254,123,131
TOM GREEN COUNTY,451,74 Years,934,434,500,646,296,350,24,14,10,6,2,4,13,5,8,245,117,128
TOM GREEN COUNTY,451,75 Years,949,430,519,672,303,369,21,12,9,4,1,3,13,5,8,239,109,130
TOM GREEN COUNTY,451,76 Years,786,359,427,553,257,296,17,9,8,5,1,4,9,4,5,202,88,114
TOM GREEN COUNTY,451,77 Years,693,312,381,475,217,258,21,12,9,4,1,3,8,4,4,185,78,107
TOM GREEN COUNTY,451,78 Years,696,304,392,486,220,266,20,9,11,4,0,4,7,3,4,179,72,107
TOM GREEN COUNTY,451,79 Years,627,274,353,445,200,245,17,8,9,3,0,3,7,4,3,155,62,93
TOM GREEN COUNTY,451,80 Years,565,256,309,394,182,212,16,6,10,3,0,3,7,2,5,145,66,79
TOM GREEN COUNTY,451,81 Years,512,235,277,365,169,196,15,7,8,4,1,3,7,3,4,121,55,66
TOM GREEN COUNTY,451,82 Years,471,204,267,354,155,199,11,6,5,4,2,2,8,3,5,94,38,56
TOM GREEN COUNTY,451,83 Years,432,180,252,323,138,185,11,7,4,2,1,1,8,4,4,88,30,58
TOM GREEN COUNTY,451,84 Years,416,166,250,306,129,177,11,6,5,2,0,2,8,3,5,89,28,61
TOM GREEN COUNTY,451,85 Years,366,146,220,269,112,157,12,6,6,0,0,0,4,1,3,81,27,54
TOM GREEN COUNTY,451,86 Years,339,132,207,247,99,148,11,4,7,2,0,2,4,2,2,75,27,48
TOM GREEN COUNTY,451,87 Years,314,125,189,236,98,138,9,3,6,1,0,1,6,2,4,62,22,40
TOM GREEN COUNTY,451,88 Years,265,107,158,196,80,116,7,2,5,1,0,1,4,1,3,57,24,33
TOM GREEN COUNTY,451,89 Years,231,90,141,169,66,103,4,1,3,0,0,0,3,0,3,55,23,32
TOM GREEN COUNTY,451,90 Years,196,79,117,140,54,86,4,2,2,0,0,0,4,1,3,48,22,26
TOM GREEN COUNTY,451,91 Years,168,68,100,120,47,73,3,1,2,1,0,1,3,0,3,41,20,21
TOM GREEN COUNTY,451,92 Years,144,56,88,108,43,65,3,1,2,0,0,0,3,1,2,30,11,19
TOM GREEN COUNTY,451,93 Years,111,43,68,81,32,49,3,2,1,0,0,0,2,0,2,25,9,16
TOM GREEN COUNTY,451,94 Years,87,30,57,62,22,40,2,0,2,1,0,1,2,0,2,20,8,12
TOM GREEN COUNTY,451,95 Years +,243,73,170,164,50,114,6,1,5,3,1,2,5,1,4,65,20,45
TRAVIS COUNTY,453,All Ages,1353237,683064,670173,627801,316409,311392,111015,54941,56074,95731,48445,47286,39394,19586,19808,479296,243683,235613
TRAVIS COUNTY,453,< 1 Year,19486,9921,9565,6842,3483,3359,1514,773,741,1196,614,582,1630,830,800,8304,4221,4083
TRAVIS COUNTY,453,1 Years,19544,9957,9587,7258,3699,3559,1594,812,782,1121,570,551,1065,541,524,8506,4335,4171
TRAVIS COUNTY,453,2 Years,19099,9730,9369,7165,3649,3516,1545,787,758,1045,534,511,1027,523,504,8317,4237,4080
TRAVIS COUNTY,453,3 Years,16029,8189,7840,5557,2860,2697,1306,664,642,795,401,394,945,481,464,7426,3783,3643
TRAVIS COUNTY,453,4 Years,15069,7706,7363,5083,2624,2459,1208,618,590,758,386,372,888,451,437,7132,3627,3505
TRAVIS COUNTY,453,5 Years,15246,7781,7465,5209,2658,2551,1207,614,593,780,407,373,859,442,417,7191,3660,3531
TRAVIS COUNTY,453,6 Years,15622,7974,7648,5387,2733,2654,1218,614,604,863,453,410,818,421,397,7336,3753,3583
TRAVIS COUNTY,453,7 Years,16031,8196,7835,5543,2818,2725,1269,631,638,943,488,455,811,413,398,7465,3846,3619
TRAVIS COUNTY,453,8 Years,15560,7965,7595,5351,2733,2618,1277,635,642,930,478,452,786,399,387,7216,3720,3496
TRAVIS COUNTY,453,9 Years,15279,7835,7444,5239,2688,2551,1260,635,625,924,481,443,776,396,380,7080,3635,3445
TRAVIS COUNTY,453,10 Years,15015,7691,7324,5137,2619,2518,1214,615,599,895,474,421,741,377,364,7028,3606,3422
TRAVIS COUNTY,453,11 Years,14969,7658,7311,5069,2587,2482,1203,602,601,895,472,423,716,359,357,7086,3638,3448
TRAVIS COUNTY,453,12 Years,14078,7212,6866,4695,2439,2256,1156,568,588,820,432,388,625,299,326,6782,3474,3308
TRAVIS COUNTY,453,13 Years,14471,7404,7067,4915,2537,2378,1141,559,582,819,428,391,646,330,316,6950,3550,3400
TRAVIS COUNTY,453,14 Years,14738,7534,7204,4966,2576,2390,1181,597,584,814,417,397,675,348,327,7102,3596,3506
TRAVIS COUNTY,453,15 Years,14682,7474,7208,4930,2555,2375,1230,611,619,823,431,392,627,320,307,7072,3557,3515
TRAVIS COUNTY,453,16 Years,14568,7432,7136,4921,2528,2393,1240,609,631,835,422,413,584,315,269,6988,3558,3430
TRAVIS COUNTY,453,17 Years,14461,7361,7100,4819,2451,2368,1227,597,630,853,414,439,597,314,283,6965,3585,3380
TRAVIS COUNTY,453,18 Years,14989,7575,7414,5145,2665,2480,1198,569,629,1120,550,570,611,310,301,6915,3481,3434
TRAVIS COUNTY,453,19 Years,15713,7903,7810,5620,2894,2726,1231,584,647,1198,591,607,598,307,291,7066,3527,3539
TRAVIS COUNTY,453,20 Years,15499,7806,7693,5576,2827,2749,1290,634,656,1118,559,559,563,273,290,6952,3513,3439
TRAVIS COUNTY,453,21 Years,16505,8241,8264,5899,2958,2941,1402,673,729,1504,761,743,539,255,284,7161,3594,3567
TRAVIS COUNTY,453,22 Years,18998,9427,9571,7055,3479,3576,1586,753,833,1980,1024,956,571,294,277,7806,3877,3929
TRAVIS COUNTY,453,23 Years,18855,9370,9485,6898,3312,3586,1652,822,830,1975,1023,952,635,338,297,7695,3875,3820
TRAVIS COUNTY,453,24 Years,18459,9223,9236,6862,3321,3541,1672,862,810,1941,990,951,630,313,317,7354,3737,3617
TRAVIS COUNTY,453,25 Years,18235,9114,9121,7027,3383,3644,1684,866,818,1697,897,800,586,268,318,7241,3700,3541
TRAVIS COUNTY,453,26 Years,17840,8945,8895,6934,3435,3499,1692,866,826,1266,655,611,568,256,312,7380,3733,3647
TRAVIS COUNTY,453,27 Years,18203,9215,8988,7173,3692,3481,1734,891,843,1152,606,546,578,275,303,7566,3751,3815
TRAVIS COUNTY,453,28 Years,23983,12184,11799,10536,5319,5217,2280,1246,1034,1740,903,837,689,321,368,8738,4395,4343
TRAVIS COUNTY,453,29 Years,26933,13919,13014,12285,6303,5982,2571,1459,1112,2148,1064,1084,734,362,372,9195,4731,4464
TRAVIS COUNTY,453,30 Years,29564,15298,14266,13687,6941,6746,2604,1433,1171,2731,1438,1293,840,427,413,9702,5059,4643
TRAVIS COUNTY,453,31 Years,31160,16113,15047,14734,7548,7186,2568,1317,1251,3114,1631,1483,920,446,474,9824,5171,4653
TRAVIS COUNTY,453,32 Years,31954,16659,15295,15367,7900,7467,2469,1246,1223,3148,1783,1365,939,430,509,10031,5300,4731
TRAVIS COUNTY,453,33 Years,28423,15252,13171,13006,7042,5964,2158,1141,1017,2813,1604,1209,751,368,383,9695,5097,4598
TRAVIS COUNTY,453,34 Years,26440,14050,12390,12240,6600,5640,2010,1052,958,2232,1177,1055,682,340,342,9276,4881,4395
TRAVIS COUNTY,453,35 Years,27058,14145,12913,13112,6728,6384,2008,1059,949,2292,1227,1065,692,358,334,8954,4773,4181
TRAVIS COUNTY,453,36 Years,27242,14164,13078,13530,6756,6774,2097,1083,1014,2328,1289,1039,659,343,316,8628,4693,3935
TRAVIS COUNTY,453,37 Years,26228,13865,12363,13048,6670,6378,2105,1131,974,2196,1195,1001,610,313,297,8269,4556,3713
TRAVIS COUNTY,453,38 Years,23625,12510,11115,11386,5917,5469,1779,928,851,1948,1100,848,528,267,261,7984,4298,3686
TRAVIS COUNTY,453,39 Years,22858,12035,10823,10878,5649,5229,1727,897,830,1781,987,794,508,262,246,7964,4240,3724
TRAVIS COUNTY,453,40 Years,22469,11758,10711,10849,5646,5203,1762,910,852,1555,811,744,551,265,286,7752,4126,3626
TRAVIS COUNTY,453,41 Years,21810,11402,10408,10486,5500,4986,1725,903,822,1597,779,818,525,265,260,7477,3955,3522
TRAVIS COUNTY,453,42 Years,21297,11122,10175,10121,5324,4797,1716,907,809,1569,709,860,505,265,240,7386,3917,3469
TRAVIS COUNTY,453,43 Years,19798,10172,9626,9462,4914,4548,1551,812,739,1385,609,776,487,244,243,6913,3593,3320
TRAVIS COUNTY,453,44 Years,19047,9732,9315,9077,4703,4374,1447,741,706,1371,641,730,427,212,215,6725,3435,3290
TRAVIS COUNTY,453,45 Years,18620,9566,9054,8767,4535,4232,1390,705,685,1464,740,724,387,202,185,6612,3384,3228
TRAVIS COUNTY,453,46 Years,18197,9381,8816,8484,4440,4044,1341,662,679,1474,738,736,386,198,188,6512,3343,3169
TRAVIS COUNTY,453,47 Years,18088,9339,8749,8449,4444,4005,1360,692,668,1416,680,736,402,200,202,6461,3323,3138
TRAVIS COUNTY,453,48 Years,17843,9121,8722,8500,4451,4049,1330,687,643,1383,667,716,378,175,203,6252,3141,3111
TRAVIS COUNTY,453,49 Years,17511,8899,8612,8355,4357,3998,1366,668,698,1391,667,724,371,174,197,6028,3033,2995
TRAVIS COUNTY,453,50 Years,17462,8949,8513,8468,4461,4007,1367,648,719,1393,659,734,360,185,175,5874,2996,2878
TRAVIS COUNTY,453,51 Years,17993,9219,8774,9115,4764,4351,1421,677,744,1360,661,699,350,173,177,5747,2944,2803
TRAVIS COUNTY,453,52 Years,17953,9144,8809,9284,4823,4461,1408,682,726,1324,648,676,335,159,176,5602,2832,2770
TRAVIS COUNTY,453,53 Years,16863,8524,8339,8834,4568,4266,1307,630,677,1189,561,628,294,149,145,5239,2616,2623
TRAVIS COUNTY,453,54 Years,15610,7903,7707,8138,4220,3918,1283,631,652,1039,497,542,259,127,132,4891,2428,2463
TRAVIS COUNTY,453,55 Years,14661,7433,7228,7604,3906,3698,1268,612,656,968,486,482,256,119,137,4565,2310,2255
TRAVIS COUNTY,453,56 Years,14275,7170,7105,7407,3777,3630,1248,565,683,951,466,485,247,113,134,4422,2249,2173
TRAVIS COUNTY,453,57 Years,14708,7374,7334,7694,3912,3782,1310,613,697,965,456,509,248,117,131,4491,2276,2215
TRAVIS COUNTY,453,58 Years,14548,7249,7299,7761,3920,3841,1343,626,717,913,453,460,228,110,118,4303,2140,2163
TRAVIS COUNTY,453,59 Years,14275,7052,7223,7786,3893,3893,1288,603,685,889,433,456,238,116,122,4074,2007,2067
TRAVIS COUNTY,453,60 Years,14062,6915,7147,7872,3911,3961,1249,595,654,805,381,424,229,107,122,3907,1921,1986
TRAVIS COUNTY,453,61 Years,13682,6691,6991,7779,3846,3933,1210,568,642,720,347,373,223,102,121,3750,1828,1922
TRAVIS COUNTY,453,62 Years,13531,6618,6913,7806,3838,3968,1203,571,632,682,318,364,219,97,122,3621,1794,1827
TRAVIS COUNTY,453,63 Years,13085,6361,6724,7642,3749,3893,1176,546,630,662,302,360,187,90,97,3418,1674,1744
TRAVIS COUNTY,453,64 Years,12652,6083,6569,7499,3658,3841,1158,517,641,638,292,346,170,85,85,3187,1531,1656
TRAVIS COUNTY,453,65 Years,12316,5864,6452,7379,3600,3779,1136,513,623,624,263,361,189,87,102,2988,1401,1587
TRAVIS COUNTY,453,66 Years,11678,5548,6130,7041,3396,3645,1081,499,582,593,252,341,178,82,96,2785,1319,1466
TRAVIS COUNTY,453,67 Years,11154,5272,5882,6840,3282,3558,1000,469,531,582,248,334,153,71,82,2579,1202,1377
TRAVIS COUNTY,453,68 Years,10692,4964,5728,6727,3170,3557,938,417,521,524,230,294,148,73,75,2355,1074,1281
TRAVIS COUNTY,453,69 Years,10066,4597,5469,6510,3018,3492,851,370,481,472,209,263,142,69,73,2091,931,1160
TRAVIS COUNTY,453,70 Years,9350,4322,5028,6135,2861,3274,745,334,411,427,187,240,137,67,70,1906,873,1033
TRAVIS COUNTY,453,71 Years,8652,4010,4642,5655,2675,2980,710,309,401,408,183,225,119,54,65,1760,789,971
TRAVIS COUNTY,453,72 Years,8091,3737,4354,5277,2514,2763,674,284,390,393,172,221,99,41,58,1648,726,922
TRAVIS COUNTY,453,73 Years,7690,3540,4150,5093,2421,2672,634,263,371,372,149,223,101,43,58,1490,664,826
TRAVIS COUNTY,453,74 Years,7324,3390,3934,4978,2364,2614,573,240,333,322,133,189,98,44,54,1353,609,744
TRAVIS COUNTY,453,75 Years,6812,3163,3649,4764,2264,2500,471,193,278,291,122,169,81,36,45,1205,548,657
TRAVIS COUNTY,453,76 Years,5620,2593,3027,3879,1841,2038,377,156,221,258,111,147,61,24,37,1045,461,584
TRAVIS COUNTY,453,77 Years,4825,2157,2668,3286,1515,1771,328,128,200,225,100,125,52,21,31,934,393,541
TRAVIS COUNTY,453,78 Years,4411,1939,2472,3048,1379,1669,308,110,198,188,82,106,53,22,31,814,346,468
TRAVIS COUNTY,453,79 Years,4042,1784,2258,2807,1270,1537,295,114,181,163,73,90,49,21,28,728,306,422
TRAVIS COUNTY,453,80 Years,3585,1580,2005,2471,1114,1357,280,110,170,161,74,87,38,18,20,635,264,371
TRAVIS COUNTY,453,81 Years,3145,1338,1807,2149,944,1205,234,83,151,154,71,83,29,14,15,579,226,353
TRAVIS COUNTY,453,82 Years,2764,1148,1616,1864,798,1066,212,71,141,132,60,72,24,10,14,532,209,323
TRAVIS COUNTY,453,83 Years,2369,982,1387,1592,672,920,183,62,121,115,60,55,19,9,10,460,179,281
TRAVIS COUNTY,453,84 Years,2151,876,1275,1456,606,850,169,57,112,116,60,56,19,8,11,391,145,246
TRAVIS COUNTY,453,85 Years,1967,792,1175,1342,550,792,160,56,104,105,52,53,18,7,11,342,127,215
TRAVIS COUNTY,453,86 Years,1792,700,1092,1236,487,749,145,51,94,85,42,43,18,8,10,308,112,196
TRAVIS COUNTY,453,87 Years,1642,647,995,1121,457,664,136,44,92,64,29,35,13,6,7,308,111,197
TRAVIS COUNTY,453,88 Years,1442,563,879,974,394,580,117,41,76,55,23,32,8,3,5,288,102,186
TRAVIS COUNTY,453,89 Years,1233,464,769,847,330,517,96,31,65,52,20,32,7,2,5,231,81,150
TRAVIS COUNTY,453,90 Years,1108,414,694,767,295,472,87,24,63,46,18,28,6,2,4,202,75,127
TRAVIS COUNTY,453,91 Years,991,367,624,707,268,439,73,21,52,40,15,25,6,3,3,165,60,105
TRAVIS COUNTY,453,92 Years,859,303,556,613,221,392,61,18,43,36,14,22,3,1,2,146,49,97
TRAVIS COUNTY,453,93 Years,674,229,445,481,164,317,47,13,34,25,11,14,3,2,1,118,39,79
TRAVIS COUNTY,453,94 Years,529,163,366,381,118,263,36,10,26,19,7,12,4,1,3,89,27,62
TRAVIS COUNTY,453,95 Years +,1512,408,1104,1058,285,773,124,26,98,50,18,32,10,3,7,270,76,194
TRINITY COUNTY,455,All Ages,14297,6898,7399,11112,5382,5730,1430,668,762,34,10,24,332,159,173,1389,679,710
TRINITY COUNTY,455,< 1 Year,148,75,73,93,47,46,15,7,8,1,0,1,9,5,4,30,16,14
TRINITY COUNTY,455,1 Years,145,74,71,91,46,45,16,8,8,1,1,0,6,3,3,31,16,15
TRINITY COUNTY,455,2 Years,148,77,71,93,48,45,15,8,7,1,0,1,7,4,3,32,17,15
TRINITY COUNTY,455,3 Years,144,78,66,94,48,46,11,7,4,0,0,0,9,5,4,30,18,12
TRINITY COUNTY,455,4 Years,142,72,70,95,46,49,10,6,4,0,0,0,10,6,4,27,14,13
TRINITY COUNTY,455,5 Years,142,68,74,99,48,51,12,6,6,0,0,0,6,2,4,25,12,13
TRINITY COUNTY,455,6 Years,145,71,74,102,52,50,13,6,7,0,0,0,5,2,3,25,11,14
TRINITY COUNTY,455,7 Years,150,83,67,106,61,45,13,7,6,0,0,0,5,3,2,26,12,14
TRINITY COUNTY,455,8 Years,161,95,66,115,72,43,15,9,6,0,0,0,5,2,3,26,12,14
TRINITY COUNTY,455,9 Years,155,91,64,105,66,39,17,11,6,0,0,0,6,3,3,27,11,16
TRINITY COUNTY,455,10 Years,147,82,65,98,59,39,18,11,7,0,0,0,5,2,3,26,10,16
TRINITY COUNTY,455,11 Years,161,86,75,105,55,50,20,14,6,0,0,0,6,5,1,30,12,18
TRINITY COUNTY,455,12 Years,168,85,83,110,55,55,17,7,10,0,0,0,8,7,1,33,16,17
TRINITY COUNTY,455,13 Years,164,85,79,112,56,56,18,10,8,0,0,0,6,5,1,28,14,14
TRINITY COUNTY,455,14 Years,152,76,76,109,56,53,14,5,9,0,0,0,4,2,2,25,13,12
TRINITY COUNTY,455,15 Years,156,90,66,110,64,46,20,11,9,0,0,0,3,2,1,23,13,10
TRINITY COUNTY,455,16 Years,170,91,79,105,59,46,27,15,12,0,0,0,3,2,1,35,15,20
TRINITY COUNTY,455,17 Years,153,68,85,93,44,49,26,12,14,0,0,0,6,2,4,28,10,18
TRINITY COUNTY,455,18 Years,144,70,74,93,45,48,21,11,10,0,0,0,7,4,3,23,10,13
TRINITY COUNTY,455,19 Years,146,76,70,99,52,47,18,11,7,0,0,0,4,1,3,25,12,13
TRINITY COUNTY,455,20 Years,147,74,73,100,53,47,17,8,9,1,0,1,6,3,3,23,10,13
TRINITY COUNTY,455,21 Years,143,72,71,93,50,43,19,8,11,0,0,0,5,3,2,26,11,15
TRINITY COUNTY,455,22 Years,136,64,72,87,46,41,18,6,12,1,0,1,4,2,2,26,10,16
TRINITY COUNTY,455,23 Years,122,66,56,83,48,35,15,6,9,2,1,1,3,1,2,19,10,9
TRINITY COUNTY,455,24 Years,115,64,51,81,46,35,15,8,7,1,1,0,3,1,2,15,8,7
TRINITY COUNTY,455,25 Years,116,61,55,87,45,42,13,8,5,1,1,0,2,1,1,13,6,7
TRINITY COUNTY,455,26 Years,129,67,62,100,51,49,13,9,4,0,0,0,2,1,1,14,6,8
TRINITY COUNTY,455,27 Years,128,59,69,95,44,51,15,7,8,1,0,1,4,2,2,13,6,7
TRINITY COUNTY,455,28 Years,132,60,72,94,44,50,17,8,9,0,0,0,6,2,4,15,6,9
TRINITY COUNTY,455,29 Years,132,63,69,93,45,48,17,8,9,0,0,0,4,2,2,18,8,10
TRINITY COUNTY,455,30 Years,142,66,76,101,46,55,18,7,11,1,0,1,1,0,1,21,13,8
TRINITY COUNTY,455,31 Years,146,73,73,106,52,54,17,8,9,0,0,0,3,1,2,20,12,8
TRINITY COUNTY,455,32 Years,137,62,75,106,49,57,14,5,9,0,0,0,3,1,2,14,7,7
TRINITY COUNTY,455,33 Years,129,62,67,98,44,54,15,9,6,0,0,0,1,0,1,15,9,6
TRINITY COUNTY,455,34 Years,135,68,67,104,50,54,15,10,5,0,0,0,1,0,1,15,8,7
TRINITY COUNTY,455,35 Years,122,64,58,92,47,45,17,11,6,0,0,0,1,1,0,12,5,7
TRINITY COUNTY,455,36 Years,127,62,65,98,49,49,13,5,8,0,0,0,3,1,2,13,7,6
TRINITY COUNTY,455,37 Years,124,61,63,94,47,47,13,4,9,0,0,0,1,0,1,16,10,6
TRINITY COUNTY,455,38 Years,135,60,75,100,47,53,17,5,12,0,0,0,1,0,1,17,8,9
TRINITY COUNTY,455,39 Years,125,60,65,95,44,51,14,7,7,0,0,0,1,0,1,15,9,6
TRINITY COUNTY,455,40 Years,138,63,75,109,46,63,15,9,6,0,0,0,2,1,1,12,7,5
TRINITY COUNTY,455,41 Years,146,67,79,114,48,66,15,9,6,1,0,1,2,1,1,14,9,5
TRINITY COUNTY,455,42 Years,149,70,79,111,51,60,20,11,9,0,0,0,2,1,1,16,7,9
TRINITY COUNTY,455,43 Years,142,64,78,112,51,61,14,7,7,1,0,1,2,0,2,13,6,7
TRINITY COUNTY,455,44 Years,140,67,73,112,53,59,13,5,8,1,1,0,4,2,2,10,6,4
TRINITY COUNTY,455,45 Years,139,69,70,105,50,55,15,8,7,0,0,0,2,1,1,17,10,7
TRINITY COUNTY,455,46 Years,122,57,65,91,43,48,14,7,7,0,0,0,1,0,1,16,7,9
TRINITY COUNTY,455,47 Years,125,59,66,93,44,49,13,6,7,0,0,0,1,1,0,18,8,10
TRINITY COUNTY,455,48 Years,140,71,69,115,57,58,8,4,4,0,0,0,1,1,0,16,9,7
TRINITY COUNTY,455,49 Years,165,78,87,131,65,66,12,3,9,0,0,0,1,0,1,21,10,11
TRINITY COUNTY,455,50 Years,162,71,91,126,57,69,14,3,11,1,1,0,0,0,0,21,10,11
TRINITY COUNTY,455,51 Years,172,72,100,138,59,79,16,4,12,0,0,0,2,1,1,16,8,8
TRINITY COUNTY,455,52 Years,177,80,97,144,64,80,13,5,8,0,0,0,3,2,1,17,9,8
TRINITY COUNTY,455,53 Years,173,77,96,139,61,78,11,6,5,0,0,0,2,1,1,21,9,12
TRINITY COUNTY,455,54 Years,154,72,82,123,55,68,11,6,5,0,0,0,1,1,0,19,10,9
TRINITY COUNTY,455,55 Years,160,82,78,132,63,69,11,7,4,0,0,0,3,3,0,14,9,5
TRINITY COUNTY,455,56 Years,173,86,87,138,67,71,22,13,9,0,0,0,1,1,0,12,5,7
TRINITY COUNTY,455,57 Years,184,85,99,147,66,81,22,13,9,0,0,0,1,1,0,14,5,9
TRINITY COUNTY,455,58 Years,209,98,111,175,81,94,22,12,10,0,0,0,1,1,0,11,4,7
TRINITY COUNTY,455,59 Years,223,99,124,188,83,105,24,12,12,0,0,0,2,2,0,9,2,7
TRINITY COUNTY,455,60 Years,246,113,133,205,94,111,24,11,13,1,1,0,6,2,4,10,5,5
TRINITY COUNTY,455,61 Years,248,119,129,206,98,108,26,11,15,1,1,0,6,2,4,9,7,2
TRINITY COUNTY,455,62 Years,234,105,129,188,88,100,28,10,18,1,0,1,10,3,7,7,4,3
TRINITY COUNTY,455,63 Years,229,95,134,184,79,105,24,8,16,2,0,2,8,3,5,11,5,6
TRINITY COUNTY,455,64 Years,226,95,131,183,79,104,23,8,15,2,0,2,9,5,4,9,3,6
TRINITY COUNTY,455,65 Years,232,95,137,195,79,116,18,8,10,0,0,0,7,3,4,12,5,7
TRINITY COUNTY,455,66 Years,254,107,147,207,88,119,25,10,15,0,0,0,9,3,6,13,6,7
TRINITY COUNTY,455,67 Years,242,108,134,195,90,105,26,8,18,1,1,0,8,3,5,12,6,6
TRINITY COUNTY,455,68 Years,246,114,132,208,100,108,22,7,15,0,0,0,5,2,3,11,5,6
TRINITY COUNTY,455,69 Years,247,110,137,207,96,111,23,7,16,3,0,3,4,3,1,10,4,6
TRINITY COUNTY,455,70 Years,236,108,128,198,95,103,26,9,17,2,0,2,2,1,1,8,3,5
TRINITY COUNTY,455,71 Years,232,110,122,201,95,106,20,9,11,2,1,1,3,2,1,6,3,3
TRINITY COUNTY,455,72 Years,228,106,122,198,93,105,20,9,11,0,0,0,4,1,3,6,3,3
TRINITY COUNTY,455,73 Years,228,114,114,198,101,97,19,9,10,0,0,0,4,1,3,7,3,4
TRINITY COUNTY,455,74 Years,221,114,107,190,99,91,19,9,10,0,0,0,4,2,2,8,4,4
TRINITY COUNTY,455,75 Years,211,110,101,185,97,88,16,7,9,0,0,0,3,1,2,7,5,2
TRINITY COUNTY,455,76 Years,185,99,86,163,89,74,12,4,8,0,0,0,4,1,3,6,5,1
TRINITY COUNTY,455,77 Years,172,89,83,151,80,71,14,5,9,0,0,0,2,1,1,5,3,2
TRINITY COUNTY,455,78 Years,159,79,80,142,72,70,10,4,6,0,0,0,3,1,2,4,2,2
TRINITY COUNTY,455,79 Years,154,73,81,134,66,68,11,4,7,0,0,0,4,1,3,5,2,3
TRINITY COUNTY,455,80 Years,147,70,77,130,64,66,9,4,5,0,0,0,4,1,3,4,1,3
TRINITY COUNTY,455,81 Years,130,59,71,120,53,67,7,4,3,0,0,0,1,1,0,2,1,1
TRINITY COUNTY,455,82 Years,115,51,64,104,44,60,7,5,2,0,0,0,2,1,1,2,1,1
TRINITY COUNTY,455,83 Years,104,52,52,96,48,48,4,2,2,1,0,1,1,0,1,2,2,0
TRINITY COUNTY,455,84 Years,91,46,45,82,42,40,5,2,3,0,0,0,2,1,1,2,1,1
TRINITY COUNTY,455,85 Years,74,38,36,66,32,34,5,3,2,0,0,0,1,1,0,2,2,0
TRINITY COUNTY,455,86 Years,62,29,33,55,25,30,4,1,3,0,0,0,1,1,0,2,2,0
TRINITY COUNTY,455,87 Years,56,23,33,49,20,29,4,1,3,0,0,0,2,1,1,1,1,0
TRINITY COUNTY,455,88 Years,43,14,29,38,14,24,2,0,2,1,0,1,1,0,1,1,0,1
TRINITY COUNTY,455,89 Years,41,16,25,34,14,20,3,1,2,1,0,1,1,0,1,2,1,1
TRINITY COUNTY,455,90 Years,34,16,18,30,14,16,2,1,1,1,0,1,0,0,0,1,1,0
TRINITY COUNTY,455,91 Years,25,12,13,22,11,11,2,1,1,0,0,0,1,0,1,0,0,0
TRINITY COUNTY,455,92 Years,23,12,11,20,10,10,3,2,1,0,0,0,0,0,0,0,0,0
TRINITY COUNTY,455,93 Years,19,9,10,15,7,8,3,1,2,0,0,0,1,1,0,0,0,0
TRINITY COUNTY,455,94 Years,15,7,8,12,5,7,3,2,1,0,0,0,0,0,0,0,0,0
TRINITY COUNTY,455,95 Years +,32,13,19,24,11,13,8,2,6,0,0,0,0,0,0,0,0,0
TYLER COUNTY,457,All Ages,20340,10926,9414,15760,7864,7896,2371,1547,824,40,12,28,509,278,231,1660,1225,435
TYLER COUNTY,457,< 1 Year,195,97,98,140,69,71,18,9,9,1,0,1,14,8,6,22,11,11
TYLER COUNTY,457,1 Years,193,101,92,135,69,66,19,10,9,1,1,0,12,7,5,26,14,12
TYLER COUNTY,457,2 Years,195,102,93,137,70,67,18,10,8,1,1,0,12,7,5,27,14,13
TYLER COUNTY,457,3 Years,191,96,95,143,72,71,12,7,5,1,0,1,12,5,7,23,12,11
TYLER COUNTY,457,4 Years,191,99,92,145,74,71,14,8,6,0,0,0,15,7,8,17,10,7
TYLER COUNTY,457,5 Years,191,96,95,141,71,70,17,10,7,0,0,0,15,7,8,18,8,10
TYLER COUNTY,457,6 Years,197,96,101,147,70,77,18,11,7,0,0,0,15,8,7,17,7,10
TYLER COUNTY,457,7 Years,208,99,109,155,70,85,21,15,6,0,0,0,13,6,7,19,8,11
TYLER COUNTY,457,8 Years,205,100,105,158,75,83,19,11,8,1,0,1,9,4,5,18,10,8
TYLER COUNTY,457,9 Years,207,107,100,159,80,79,19,11,8,2,0,2,8,5,3,19,11,8
TYLER COUNTY,457,10 Years,213,112,101,163,85,78,19,10,9,2,0,2,9,5,4,20,12,8
TYLER COUNTY,457,11 Years,217,115,102,164,84,80,20,10,10,2,1,1,6,4,2,25,16,9
TYLER COUNTY,457,12 Years,217,113,104,165,87,78,22,11,11,1,1,0,5,2,3,24,12,12
TYLER COUNTY,457,13 Years,225,120,105,170,90,80,22,10,12,0,0,0,7,4,3,26,16,10
TYLER COUNTY,457,14 Years,225,111,114,175,86,89,21,6,15,0,0,0,9,6,3,20,13,7
TYLER COUNTY,457,15 Years,233,113,120,183,91,92,24,7,17,0,0,0,8,6,2,18,9,9
TYLER COUNTY,457,16 Years,234,116,118,185,97,88,24,9,15,3,0,3,6,3,3,16,7,9
TYLER COUNTY,457,17 Years,232,111,121,181,88,93,25,12,13,1,0,1,5,3,2,20,8,12
TYLER COUNTY,457,18 Years,240,125,115,182,90,92,30,19,11,0,0,0,6,3,3,22,13,9
TYLER COUNTY,457,19 Years,238,136,102,167,86,81,35,24,11,0,0,0,3,1,2,33,25,8
TYLER COUNTY,457,20 Years,275,170,105,193,110,83,39,27,12,0,0,0,7,5,2,36,28,8
TYLER COUNTY,457,21 Years,288,192,96,190,115,75,38,29,9,0,0,0,9,5,4,51,43,8
TYLER COUNTY,457,22 Years,289,200,89,179,107,72,40,31,9,0,0,0,8,4,4,62,58,4
TYLER COUNTY,457,23 Years,295,210,85,165,98,67,60,50,10,0,0,0,10,4,6,60,58,2
TYLER COUNTY,457,24 Years,273,197,76,143,85,58,69,60,9,0,0,0,12,6,6,49,46,3
TYLER COUNTY,457,25 Years,267,184,83,154,87,67,54,46,8,0,0,0,10,6,4,49,45,4
TYLER COUNTY,457,26 Years,291,200,91,161,90,71,61,49,12,0,0,0,8,4,4,61,57,4
TYLER COUNTY,457,27 Years,290,187,103,181,97,84,61,49,12,0,0,0,5,1,4,43,40,3
TYLER COUNTY,457,28 Years,292,193,99,185,99,86,56,48,8,0,0,0,2,0,2,49,46,3
TYLER COUNTY,457,29 Years,294,207,87,182,109,73,58,51,7,1,1,0,6,3,3,47,43,4
TYLER COUNTY,457,30 Years,268,184,84,168,97,71,53,46,7,1,1,0,4,3,1,42,37,5
TYLER COUNTY,457,31 Years,284,194,90,178,103,75,58,50,8,0,0,0,6,2,4,42,39,3
TYLER COUNTY,457,32 Years,263,178,85,162,89,73,62,56,6,0,0,0,7,4,3,32,29,3
TYLER COUNTY,457,33 Years,229,144,85,152,81,71,50,42,8,0,0,0,4,3,1,23,18,5
TYLER COUNTY,457,34 Years,229,144,85,155,85,70,44,35,9,0,0,0,5,2,3,25,22,3
TYLER COUNTY,457,35 Years,223,138,85,144,77,67,49,37,12,0,0,0,8,5,3,22,19,3
TYLER COUNTY,457,36 Years,214,133,81,138,72,66,49,38,11,1,1,0,4,2,2,22,20,2
TYLER COUNTY,457,37 Years,221,134,87,142,73,69,42,34,8,0,0,0,7,6,1,30,21,9
TYLER COUNTY,457,38 Years,227,131,96,154,73,81,38,30,8,0,0,0,3,2,1,32,26,6
TYLER COUNTY,457,39 Years,221,124,97,153,74,79,39,30,9,2,0,2,6,4,2,21,16,5
TYLER COUNTY,457,40 Years,214,115,99,148,65,83,36,28,8,1,0,1,3,1,2,26,21,5
TYLER COUNTY,457,41 Years,206,113,93,142,67,75,34,25,9,0,0,0,4,3,1,26,18,8
TYLER COUNTY,457,42 Years,210,121,89,152,79,73,31,21,10,0,0,0,4,4,0,23,17,6
TYLER COUNTY,457,43 Years,220,122,98,165,83,82,26,18,8,1,0,1,5,4,1,23,17,6
TYLER COUNTY,457,44 Years,226,132,94,170,91,79,26,20,6,0,0,0,6,4,2,24,17,7
TYLER COUNTY,457,45 Years,231,135,96,167,86,81,32,26,6,1,1,0,4,2,2,27,20,7
TYLER COUNTY,457,46 Years,216,116,100,166,83,83,28,18,10,1,1,0,4,2,2,17,12,5
TYLER COUNTY,457,47 Years,205,110,95,159,82,77,25,15,10,0,0,0,6,4,2,15,9,6
TYLER COUNTY,457,48 Years,208,104,104,171,83,88,21,12,9,1,0,1,4,2,2,11,7,4
TYLER COUNTY,457,49 Years,217,110,107,173,87,86,24,13,11,1,0,1,7,6,1,12,4,8
TYLER COUNTY,457,50 Years,210,106,104,172,86,86,23,12,11,1,0,1,2,1,1,12,7,5
TYLER COUNTY,457,51 Years,220,110,110,186,92,94,23,13,10,0,0,0,4,1,3,7,4,3
TYLER COUNTY,457,52 Years,225,113,112,191,92,99,17,11,6,0,0,0,4,1,3,13,9,4
TYLER COUNTY,457,53 Years,212,98,114,180,79,101,18,12,6,0,0,0,4,2,2,10,5,5
TYLER COUNTY,457,54 Years,228,106,122,190,84,106,19,11,8,1,0,1,6,4,2,12,7,5
TYLER COUNTY,457,55 Years,230,107,123,197,91,106,21,10,11,1,0,1,3,2,1,8,4,4
TYLER COUNTY,457,56 Years,231,105,126,192,88,104,25,9,16,1,0,1,3,2,1,10,6,4
TYLER COUNTY,457,57 Years,236,109,127,199,93,106,20,8,12,0,0,0,5,1,4,12,7,5
TYLER COUNTY,457,58 Years,241,126,115,200,100,100,20,11,9,0,0,0,8,5,3,13,10,3
TYLER COUNTY,457,59 Years,263,134,129,223,110,113,23,13,10,0,0,0,7,4,3,10,7,3
TYLER COUNTY,457,60 Years,274,131,143,239,112,127,24,13,11,0,0,0,2,0,2,9,6,3
TYLER COUNTY,457,61 Years,287,131,156,249,112,137,26,11,15,1,0,1,6,4,2,5,4,1
TYLER COUNTY,457,62 Years,277,129,148,240,114,126,25,11,14,0,0,0,4,1,3,8,3,5
TYLER COUNTY,457,63 Years,283,139,144,247,123,124,25,11,14,0,0,0,3,1,2,8,4,4
TYLER COUNTY,457,64 Years,282,152,130,247,136,111,23,9,14,1,0,1,3,2,1,8,5,3
TYLER COUNTY,457,65 Years,267,136,131,231,123,108,26,10,16,1,0,1,2,0,2,7,3,4
TYLER COUNTY,457,66 Years,281,138,143,244,122,122,25,9,16,1,1,0,6,2,4,5,4,1
TYLER COUNTY,457,67 Years,289,140,149,256,123,133,22,10,12,0,0,0,7,3,4,4,4,0
TYLER COUNTY,457,68 Years,292,139,153,261,124,137,19,9,10,1,0,1,7,4,3,4,2,2
TYLER COUNTY,457,69 Years,293,145,148,267,134,133,15,6,9,1,0,1,5,3,2,5,2,3
TYLER COUNTY,457,70 Years,278,136,142,251,123,128,17,7,10,0,0,0,7,4,3,3,2,1
TYLER COUNTY,457,71 Years,270,131,139,243,118,125,18,7,11,1,1,0,5,3,2,3,2,1
TYLER COUNTY,457,72 Years,251,117,134,224,105,119,18,8,10,0,0,0,4,3,1,5,1,4
TYLER COUNTY,457,73 Years,231,104,127,211,94,117,13,6,7,0,0,0,3,2,1,4,2,2
TYLER COUNTY,457,74 Years,238,105,133,218,98,120,14,5,9,0,0,0,4,2,2,2,0,2
TYLER COUNTY,457,75 Years,251,117,134,233,109,124,13,6,7,0,0,0,4,2,2,1,0,1
TYLER COUNTY,457,76 Years,216,99,117,197,89,108,11,5,6,0,0,0,3,2,1,5,3,2
TYLER COUNTY,457,77 Years,202,98,104,183,89,94,10,2,8,0,0,0,3,2,1,6,5,1
TYLER COUNTY,457,78 Years,203,101,102,187,95,92,8,1,7,2,1,1,2,1,1,4,3,1
TYLER COUNTY,457,79 Years,190,89,101,177,84,93,6,2,4,0,0,0,3,1,2,4,2,2
TYLER COUNTY,457,80 Years,173,83,90,163,78,85,6,3,3,0,0,0,2,1,1,2,1,1
TYLER COUNTY,457,81 Years,150,70,80,137,64,73,8,4,4,0,0,0,2,1,1,3,1,2
TYLER COUNTY,457,82 Years,130,60,70,117,54,63,8,4,4,0,0,0,2,1,1,3,1,2
TYLER COUNTY,457,83 Years,105,52,53,95,47,48,9,4,5,0,0,0,0,0,0,1,1,0
TYLER COUNTY,457,84 Years,95,47,48,83,40,43,9,4,5,0,0,0,1,1,0,2,2,0
TYLER COUNTY,457,85 Years,91,41,50,79,34,45,9,4,5,0,0,0,1,1,0,2,2,0
TYLER COUNTY,457,86 Years,83,39,44,74,33,41,6,3,3,0,0,0,1,1,0,2,2,0
TYLER COUNTY,457,87 Years,85,37,48,76,33,43,6,2,4,0,0,0,2,1,1,1,1,0
TYLER COUNTY,457,88 Years,73,29,44,65,25,40,5,1,4,0,0,0,1,1,0,2,2,0
TYLER COUNTY,457,89 Years,60,21,39,54,20,34,5,1,4,0,0,0,0,0,0,1,0,1
TYLER COUNTY,457,90 Years,49,17,32,47,17,30,2,0,2,0,0,0,0,0,0,0,0,0
TYLER COUNTY,457,91 Years,38,15,23,37,14,23,1,1,0,0,0,0,0,0,0,0,0,0
TYLER COUNTY,457,92 Years,32,12,20,30,11,19,2,1,1,0,0,0,0,0,0,0,0,0
TYLER COUNTY,457,93 Years,26,7,19,24,6,18,2,1,1,0,0,0,0,0,0,0,0,0
TYLER COUNTY,457,94 Years,19,6,13,18,5,13,1,1,0,0,0,0,0,0,0,0,0,0
TYLER COUNTY,457,95 Years +,47,12,35,39,10,29,5,1,4,0,0,0,1,1,0,2,0,2
UPSHUR COUNTY,459,All Ages,43274,21239,22035,33750,16546,17204,3425,1662,1763,179,63,116,1323,665,658,4597,2303,2294
UPSHUR COUNTY,459,< 1 Year,470,243,227,307,157,150,36,19,17,2,1,1,32,17,15,93,49,44
UPSHUR COUNTY,459,1 Years,449,229,220,280,143,137,39,20,19,2,1,1,28,14,14,100,51,49
UPSHUR COUNTY,459,2 Years,454,229,225,285,145,140,40,20,20,2,1,1,27,13,14,100,50,50
UPSHUR COUNTY,459,3 Years,474,238,236,316,163,153,36,17,19,4,1,3,31,14,17,87,43,44
UPSHUR COUNTY,459,4 Years,498,252,246,340,174,166,35,17,18,6,1,5,30,15,15,87,45,42
UPSHUR COUNTY,459,5 Years,519,255,264,352,178,174,34,17,17,5,0,5,32,13,19,96,47,49
UPSHUR COUNTY,459,6 Years,529,262,267,360,179,181,33,18,15,5,1,4,27,12,15,104,52,52
UPSHUR COUNTY,459,7 Years,539,269,270,364,181,183,34,19,15,5,1,4,33,17,16,103,51,52
UPSHUR COUNTY,459,8 Years,566,287,279,402,203,199,34,18,16,5,1,4,35,20,15,90,45,45
UPSHUR COUNTY,459,9 Years,588,301,287,425,215,210,33,17,16,5,2,3,37,22,15,88,45,43
UPSHUR COUNTY,459,10 Years,594,299,295,430,217,213,35,18,17,7,1,6,30,15,15,92,48,44
UPSHUR COUNTY,459,11 Years,603,306,297,439,222,217,36,19,17,5,1,4,29,15,14,94,49,45
UPSHUR COUNTY,459,12 Years,571,274,297,411,203,208,35,14,21,9,1,8,27,13,14,89,43,46
UPSHUR COUNTY,459,13 Years,568,270,298,397,196,201,36,13,23,3,0,3,30,13,17,102,48,54
UPSHUR COUNTY,459,14 Years,585,301,284,415,221,194,39,16,23,1,0,1,26,13,13,104,51,53
UPSHUR COUNTY,459,15 Years,634,336,298,458,246,212,40,22,18,1,1,0,27,15,12,108,52,56
UPSHUR COUNTY,459,16 Years,636,338,298,455,246,209,36,18,18,1,0,1,31,18,13,113,56,57
UPSHUR COUNTY,459,17 Years,607,315,292,439,228,211,36,15,21,3,2,1,28,17,11,101,53,48
UPSHUR COUNTY,459,18 Years,590,326,264,447,254,193,38,17,21,4,3,1,18,10,8,83,42,41
UPSHUR COUNTY,459,19 Years,563,316,247,402,228,174,46,26,20,3,2,1,24,15,9,88,45,43
UPSHUR COUNTY,459,20 Years,599,332,267,428,238,190,52,29,23,2,1,1,24,15,9,93,49,44
UPSHUR COUNTY,459,21 Years,555,295,260,397,214,183,48,27,21,2,1,1,23,13,10,85,40,45
UPSHUR COUNTY,459,22 Years,526,276,250,382,210,172,50,23,27,2,2,0,23,12,11,69,29,40
UPSHUR COUNTY,459,23 Years,455,243,212,326,185,141,45,21,24,2,1,1,23,11,12,59,25,34
UPSHUR COUNTY,459,24 Years,434,237,197,312,176,136,44,22,22,2,1,1,19,11,8,57,27,30
UPSHUR COUNTY,459,25 Years,437,222,215,305,157,148,47,26,21,3,1,2,18,9,9,64,29,35
UPSHUR COUNTY,459,26 Years,443,227,216,322,159,163,45,25,20,2,1,1,18,9,9,56,33,23
UPSHUR COUNTY,459,27 Years,471,230,241,349,164,185,46,26,20,4,2,2,21,9,12,51,29,22
UPSHUR COUNTY,459,28 Years,465,231,234,333,160,173,42,28,14,3,1,2,24,9,15,63,33,30
UPSHUR COUNTY,459,29 Years,475,228,247,346,161,185,49,31,18,0,0,0,18,5,13,62,31,31
UPSHUR COUNTY,459,30 Years,485,239,246,357,172,185,54,34,20,0,0,0,12,4,8,62,29,33
UPSHUR COUNTY,459,31 Years,495,246,249,374,184,190,47,26,21,1,0,1,12,7,5,61,29,32
UPSHUR COUNTY,459,32 Years,519,243,276,408,193,215,43,20,23,1,1,0,12,7,5,55,22,33
UPSHUR COUNTY,459,33 Years,585,268,317,455,206,249,44,20,24,3,2,1,14,6,8,69,34,35
UPSHUR COUNTY,459,34 Years,536,244,292,422,184,238,33,16,17,3,2,1,12,7,5,66,35,31
UPSHUR COUNTY,459,35 Years,475,219,256,379,171,208,31,18,13,1,0,1,10,4,6,54,26,28
UPSHUR COUNTY,459,36 Years,464,213,251,365,169,196,37,17,20,2,1,1,14,4,10,46,22,24
UPSHUR COUNTY,459,37 Years,442,203,239,345,158,187,34,14,20,1,0,1,7,3,4,55,28,27
UPSHUR COUNTY,459,38 Years,467,237,230,368,185,183,33,18,15,0,0,0,7,5,2,59,29,30
UPSHUR COUNTY,459,39 Years,514,252,262,410,205,205,35,14,21,4,0,4,7,5,2,58,28,30
UPSHUR COUNTY,459,40 Years,532,265,267,417,212,205,37,12,25,1,0,1,11,5,6,66,36,30
UPSHUR COUNTY,459,41 Years,518,257,261,400,200,200,40,19,21,1,1,0,14,6,8,63,31,32
UPSHUR COUNTY,459,42 Years,516,250,266,408,202,206,39,20,19,2,1,1,9,3,6,58,24,34
UPSHUR COUNTY,459,43 Years,504,247,257,399,190,209,34,16,18,4,1,3,6,3,3,61,37,24
UPSHUR COUNTY,459,44 Years,479,229,250,381,174,207,31,15,16,4,1,3,6,3,3,57,36,21
UPSHUR COUNTY,459,45 Years,477,229,248,383,185,198,32,13,19,2,1,1,8,3,5,52,27,25
UPSHUR COUNTY,459,46 Years,503,241,262,403,196,207,34,12,22,4,1,3,16,7,9,46,25,21
UPSHUR COUNTY,459,47 Years,479,236,243,387,189,198,29,13,16,2,1,1,14,7,7,47,26,21
UPSHUR COUNTY,459,48 Years,458,228,230,362,176,186,37,23,14,1,1,0,10,6,4,48,22,26
UPSHUR COUNTY,459,49 Years,464,228,236,373,182,191,39,26,13,1,1,0,9,5,4,42,14,28
UPSHUR COUNTY,459,50 Years,519,244,275,425,203,222,36,17,19,1,0,1,9,4,5,48,20,28
UPSHUR COUNTY,459,51 Years,531,261,270,427,211,216,44,22,22,1,0,1,9,3,6,50,25,25
UPSHUR COUNTY,459,52 Years,521,253,268,416,203,213,48,26,22,3,0,3,6,1,5,48,23,25
UPSHUR COUNTY,459,53 Years,510,253,257,409,205,204,45,20,25,2,0,2,8,1,7,46,27,19
UPSHUR COUNTY,459,54 Years,522,268,254,408,209,199,52,26,26,2,2,0,10,3,7,50,28,22
UPSHUR COUNTY,459,55 Years,501,251,250,392,197,195,51,25,26,2,1,1,13,7,6,43,21,22
UPSHUR COUNTY,459,56 Years,489,248,241,395,207,188,48,22,26,1,0,1,10,7,3,35,12,23
UPSHUR COUNTY,459,57 Years,539,265,274,436,214,222,54,24,30,1,0,1,11,6,5,37,21,16
UPSHUR COUNTY,459,58 Years,604,285,319,499,235,264,52,22,30,2,2,0,11,5,6,40,21,19
UPSHUR COUNTY,459,59 Years,654,306,348,544,260,284,53,24,29,2,1,1,10,6,4,45,15,30
UPSHUR COUNTY,459,60 Years,661,318,343,542,261,281,60,32,28,2,1,1,12,8,4,45,16,29
UPSHUR COUNTY,459,61 Years,631,309,322,530,254,276,56,31,25,2,1,1,12,7,5,31,16,15
UPSHUR COUNTY,459,62 Years,625,296,329,535,249,286,51,22,29,1,1,0,8,3,5,30,21,9
UPSHUR COUNTY,459,63 Years,638,313,325,551,267,284,44,18,26,1,1,0,12,6,6,30,21,9
UPSHUR COUNTY,459,64 Years,622,307,315,538,269,269,43,16,27,2,1,1,13,6,7,26,15,11
UPSHUR COUNTY,459,65 Years,613,295,318,527,256,271,45,17,28,1,0,1,13,8,5,27,14,13
UPSHUR COUNTY,459,66 Years,609,296,313,529,260,269,43,18,25,1,0,1,9,6,3,27,12,15
UPSHUR COUNTY,459,67 Years,603,302,301,514,261,253,47,20,27,2,1,1,13,7,6,27,13,14
UPSHUR COUNTY,459,68 Years,538,257,281,450,217,233,51,22,29,3,1,2,14,8,6,20,9,11
UPSHUR COUNTY,459,69 Years,505,245,260,423,199,224,52,28,24,1,1,0,14,10,4,15,7,8
UPSHUR COUNTY,459,70 Years,483,235,248,418,200,218,41,22,19,2,1,1,10,7,3,12,5,7
UPSHUR COUNTY,459,71 Years,473,237,236,402,200,202,42,22,20,2,1,1,12,4,8,15,10,5
UPSHUR COUNTY,459,72 Years,456,219,237,395,190,205,36,17,19,0,0,0,11,3,8,14,9,5
UPSHUR COUNTY,459,73 Years,441,195,246,382,171,211,35,15,20,0,0,0,9,2,7,15,7,8
UPSHUR COUNTY,459,74 Years,446,206,240,381,174,207,42,21,21,1,0,1,7,4,3,15,7,8
UPSHUR COUNTY,459,75 Years,448,210,238,387,177,210,38,19,19,0,0,0,8,6,2,15,8,7
UPSHUR COUNTY,459,76 Years,362,168,194,313,144,169,30,12,18,0,0,0,8,5,3,11,7,4
UPSHUR COUNTY,459,77 Years,325,146,179,292,132,160,22,9,13,0,0,0,4,1,3,7,4,3
UPSHUR COUNTY,459,78 Years,312,141,171,273,127,146,27,9,18,0,0,0,5,1,4,7,4,3
UPSHUR COUNTY,459,79 Years,295,137,158,260,122,138,25,10,15,0,0,0,4,1,3,6,4,2
UPSHUR COUNTY,459,80 Years,261,120,141,233,106,127,19,8,11,0,0,0,3,1,2,6,5,1
UPSHUR COUNTY,459,81 Years,238,108,130,208,91,117,19,10,9,1,0,1,2,1,1,8,6,2
UPSHUR COUNTY,459,82 Years,205,90,115,179,77,102,16,7,9,1,0,1,3,2,1,6,4,2
UPSHUR COUNTY,459,83 Years,190,77,113,162,64,98,17,8,9,1,0,1,3,1,2,7,4,3
UPSHUR COUNTY,459,84 Years,179,71,108,155,61,94,16,6,10,0,0,0,2,1,1,6,3,3
UPSHUR COUNTY,459,85 Years,154,68,86,136,59,77,12,5,7,0,0,0,2,2,0,4,2,2
UPSHUR COUNTY,459,86 Years,132,57,75,118,50,68,9,3,6,0,0,0,3,2,1,2,2,0
UPSHUR COUNTY,459,87 Years,120,47,73,106,42,64,9,3,6,0,0,0,3,2,1,2,0,2
UPSHUR COUNTY,459,88 Years,93,40,53,83,36,47,8,3,5,0,0,0,1,1,0,1,0,1
UPSHUR COUNTY,459,89 Years,81,33,48,73,29,44,7,3,4,0,0,0,1,1,0,0,0,0
UPSHUR COUNTY,459,90 Years,77,28,49,68,24,44,6,2,4,0,0,0,1,1,0,2,1,1
UPSHUR COUNTY,459,91 Years,64,24,40,56,20,36,7,3,4,0,0,0,0,0,0,1,1,0
UPSHUR COUNTY,459,92 Years,46,17,29,41,15,26,4,1,3,0,0,0,0,0,0,1,1,0
UPSHUR COUNTY,459,93 Years,39,14,25,35,14,21,3,0,3,0,0,0,0,0,0,1,0,1
UPSHUR COUNTY,459,94 Years,33,12,21,28,11,17,4,1,3,0,0,0,0,0,0,1,0,1
UPSHUR COUNTY,459,95 Years +,77,26,51,56,17,39,14,7,7,0,0,0,1,0,1,6,2,4
UPTON COUNTY,461,All Ages,3234,1598,1636,1285,655,630,21,6,15,0,0,0,42,22,20,1886,915,971
UPTON COUNTY,461,< 1 Year,42,19,23,11,5,6,1,0,1,0,0,0,1,0,1,29,14,15
UPTON COUNTY,461,1 Years,43,23,20,12,6,6,1,1,0,0,0,0,1,1,0,29,15,14
UPTON COUNTY,461,2 Years,43,21,22,12,6,6,1,0,1,0,0,0,1,0,1,29,15,14
UPTON COUNTY,461,3 Years,38,19,19,12,7,5,1,0,1,0,0,0,0,0,0,25,12,13
UPTON COUNTY,461,4 Years,40,20,20,12,8,4,1,0,1,0,0,0,0,0,0,27,12,15
UPTON COUNTY,461,5 Years,45,20,25,13,7,6,1,0,1,0,0,0,0,0,0,31,13,18
UPTON COUNTY,461,6 Years,53,24,29,15,8,7,1,0,1,0,0,0,0,0,0,37,16,21
UPTON COUNTY,461,7 Years,54,24,30,14,7,7,1,0,1,0,0,0,1,0,1,38,17,21
UPTON COUNTY,461,8 Years,55,28,27,17,8,9,0,0,0,0,0,0,3,2,1,35,18,17
UPTON COUNTY,461,9 Years,56,28,28,20,9,11,0,0,0,0,0,0,1,1,0,35,18,17
UPTON COUNTY,461,10 Years,57,32,25,22,13,9,0,0,0,0,0,0,0,0,0,35,19,16
UPTON COUNTY,461,11 Years,50,28,22,17,11,6,0,0,0,0,0,0,2,1,1,31,16,15
UPTON COUNTY,461,12 Years,49,23,26,16,8,8,0,0,0,0,0,0,3,2,1,30,13,17
UPTON COUNTY,461,13 Years,57,21,36,13,6,7,0,0,0,0,0,0,1,1,0,43,14,29
UPTON COUNTY,461,14 Years,57,27,30,14,9,5,0,0,0,0,0,0,1,0,1,42,18,24
UPTON COUNTY,461,15 Years,52,24,28,18,9,9,0,0,0,0,0,0,1,0,1,33,15,18
UPTON COUNTY,461,16 Years,46,22,24,17,10,7,1,0,1,0,0,0,0,0,0,28,12,16
UPTON COUNTY,461,17 Years,53,24,29,20,10,10,1,0,1,0,0,0,1,0,1,31,14,17
UPTON COUNTY,461,18 Years,57,31,26,19,9,10,1,0,1,0,0,0,2,1,1,35,21,14
UPTON COUNTY,461,19 Years,59,28,31,18,9,9,0,0,0,0,0,0,2,1,1,39,18,21
UPTON COUNTY,461,20 Years,55,24,31,18,10,8,0,0,0,0,0,0,1,1,0,36,13,23
UPTON COUNTY,461,21 Years,47,20,27,13,7,6,0,0,0,0,0,0,2,1,1,32,12,20
UPTON COUNTY,461,22 Years,35,18,17,10,6,4,0,0,0,0,0,0,1,1,0,24,11,13
UPTON COUNTY,461,23 Years,29,17,12,10,6,4,0,0,0,0,0,0,1,1,0,18,10,8
UPTON COUNTY,461,24 Years,32,21,11,9,6,3,1,0,1,0,0,0,1,1,0,21,14,7
UPTON COUNTY,461,25 Years,39,24,15,12,7,5,0,0,0,0,0,0,3,3,0,24,14,10
UPTON COUNTY,461,26 Years,31,18,13,10,6,4,0,0,0,0,0,0,0,0,0,21,12,9
UPTON COUNTY,461,27 Years,33,21,12,15,11,4,1,1,0,0,0,0,0,0,0,17,9,8
UPTON COUNTY,461,28 Years,38,21,17,20,10,10,0,0,0,0,0,0,0,0,0,18,11,7
UPTON COUNTY,461,29 Years,36,18,18,18,8,10,0,0,0,0,0,0,0,0,0,18,10,8
UPTON COUNTY,461,30 Years,39,18,21,16,7,9,0,0,0,0,0,0,0,0,0,23,11,12
UPTON COUNTY,461,31 Years,37,16,21,12,6,6,0,0,0,0,0,0,0,0,0,25,10,15
UPTON COUNTY,461,32 Years,40,18,22,11,4,7,0,0,0,0,0,0,0,0,0,29,14,15
UPTON COUNTY,461,33 Years,45,26,19,14,9,5,0,0,0,0,0,0,0,0,0,31,17,14
UPTON COUNTY,461,34 Years,37,19,18,12,7,5,0,0,0,0,0,0,0,0,0,25,12,13
UPTON COUNTY,461,35 Years,38,16,22,11,5,6,0,0,0,0,0,0,1,1,0,26,10,16
UPTON COUNTY,461,36 Years,45,23,22,15,10,5,0,0,0,0,0,0,0,0,0,30,13,17
UPTON COUNTY,461,37 Years,45,22,23,21,10,11,0,0,0,0,0,0,0,0,0,24,12,12
UPTON COUNTY,461,38 Years,38,21,17,15,6,9,0,0,0,0,0,0,0,0,0,23,15,8
UPTON COUNTY,461,39 Years,46,32,14,16,10,6,0,0,0,0,0,0,0,0,0,30,22,8
UPTON COUNTY,461,40 Years,48,31,17,19,12,7,0,0,0,0,0,0,1,1,0,28,18,10
UPTON COUNTY,461,41 Years,41,20,21,16,9,7,0,0,0,0,0,0,1,0,1,24,11,13
UPTON COUNTY,461,42 Years,45,21,24,21,11,10,0,0,0,0,0,0,2,1,1,22,9,13
UPTON COUNTY,461,43 Years,40,20,20,21,11,10,0,0,0,0,0,0,0,0,0,19,9,10
UPTON COUNTY,461,44 Years,42,20,22,21,10,11,0,0,0,0,0,0,0,0,0,21,10,11
UPTON COUNTY,461,45 Years,38,19,19,14,7,7,0,0,0,0,0,0,0,0,0,24,12,12
UPTON COUNTY,461,46 Years,42,21,21,14,7,7,2,1,1,0,0,0,0,0,0,26,13,13
UPTON COUNTY,461,47 Years,38,19,19,14,7,7,1,0,1,0,0,0,0,0,0,23,12,11
UPTON COUNTY,461,48 Years,33,19,14,13,7,6,0,0,0,0,0,0,0,0,0,20,12,8
UPTON COUNTY,461,49 Years,34,13,21,13,6,7,0,0,0,0,0,0,0,0,0,21,7,14
UPTON COUNTY,461,50 Years,33,14,19,17,10,7,0,0,0,0,0,0,0,0,0,16,4,12
UPTON COUNTY,461,51 Years,38,18,20,18,9,9,0,0,0,0,0,0,0,0,0,20,9,11
UPTON COUNTY,461,52 Years,36,17,19,18,9,9,0,0,0,0,0,0,0,0,0,18,8,10
UPTON COUNTY,461,53 Years,34,15,19,12,5,7,1,0,1,0,0,0,0,0,0,21,10,11
UPTON COUNTY,461,54 Years,32,15,17,12,5,7,1,0,1,0,0,0,0,0,0,19,10,9
UPTON COUNTY,461,55 Years,38,18,20,13,5,8,0,0,0,0,0,0,1,0,1,24,13,11
UPTON COUNTY,461,56 Years,44,24,20,20,10,10,0,0,0,0,0,0,1,0,1,23,14,9
UPTON COUNTY,461,57 Years,37,18,19,17,8,9,0,0,0,0,0,0,0,0,0,20,10,10
UPTON COUNTY,461,58 Years,33,15,18,17,9,8,0,0,0,0,0,0,0,0,0,16,6,10
UPTON COUNTY,461,59 Years,27,11,16,14,5,9,0,0,0,0,0,0,0,0,0,13,6,7
UPTON COUNTY,461,60 Years,26,11,15,13,4,9,1,1,0,0,0,0,0,0,0,12,6,6
UPTON COUNTY,461,61 Years,31,15,16,15,6,9,1,1,0,0,0,0,1,0,1,14,8,6
UPTON COUNTY,461,62 Years,37,19,18,17,9,8,0,0,0,0,0,0,0,0,0,20,10,10
UPTON COUNTY,461,63 Years,41,20,21,19,11,8,0,0,0,0,0,0,0,0,0,22,9,13
UPTON COUNTY,461,64 Years,42,23,19,22,13,9,0,0,0,0,0,0,0,0,0,20,10,10
UPTON COUNTY,461,65 Years,40,20,20,21,10,11,1,1,0,0,0,0,0,0,0,18,9,9
UPTON COUNTY,461,66 Years,38,19,19,21,10,11,0,0,0,0,0,0,0,0,0,17,9,8
UPTON COUNTY,461,67 Years,36,17,19,19,9,10,0,0,0,0,0,0,1,0,1,16,8,8
UPTON COUNTY,461,68 Years,36,17,19,20,9,11,0,0,0,0,0,0,1,0,1,15,8,7
UPTON COUNTY,461,69 Years,35,18,17,18,10,8,0,0,0,0,0,0,1,0,1,16,8,8
UPTON COUNTY,461,70 Years,29,14,15,16,9,7,0,0,0,0,0,0,0,0,0,13,5,8
UPTON COUNTY,461,71 Years,23,9,14,13,5,8,0,0,0,0,0,0,0,0,0,10,4,6
UPTON COUNTY,461,72 Years,24,11,13,11,5,6,0,0,0,0,0,0,0,0,0,13,6,7
UPTON COUNTY,461,73 Years,23,10,13,9,5,4,0,0,0,0,0,0,0,0,0,14,5,9
UPTON COUNTY,461,74 Years,21,10,11,10,5,5,0,0,0,0,0,0,0,0,0,11,5,6
UPTON COUNTY,461,75 Years,21,13,8,11,6,5,0,0,0,0,0,0,0,0,0,10,7,3
UPTON COUNTY,461,76 Years,16,9,7,8,4,4,0,0,0,0,0,0,0,0,0,8,5,3
UPTON COUNTY,461,77 Years,14,8,6,10,6,4,0,0,0,0,0,0,0,0,0,4,2,2
UPTON COUNTY,461,78 Years,15,6,9,8,4,4,0,0,0,0,0,0,0,0,0,7,2,5
UPTON COUNTY,461,79 Years,15,7,8,8,4,4,0,0,0,0,0,0,0,0,0,7,3,4
UPTON COUNTY,461,80 Years,14,7,7,9,4,5,0,0,0,0,0,0,0,0,0,5,3,2
UPTON COUNTY,461,81 Years,14,5,9,7,2,5,0,0,0,0,0,0,0,0,0,7,3,4
UPTON COUNTY,461,82 Years,11,5,6,7,3,4,0,0,0,0,0,0,0,0,0,4,2,2
UPTON COUNTY,461,83 Years,10,5,5,6,3,3,0,0,0,0,0,0,0,0,0,4,2,2
UPTON COUNTY,461,84 Years,11,6,5,5,2,3,0,0,0,0,0,0,1,1,0,5,3,2
UPTON COUNTY,461,85 Years,11,5,6,6,2,4,0,0,0,0,0,0,0,0,0,5,3,2
UPTON COUNTY,461,86 Years,8,4,4,5,2,3,0,0,0,0,0,0,0,0,0,3,2,1
UPTON COUNTY,461,87 Years,7,3,4,5,2,3,0,0,0,0,0,0,0,0,0,2,1,1
UPTON COUNTY,461,88 Years,8,3,5,7,3,4,0,0,0,0,0,0,0,0,0,1,0,1
UPTON COUNTY,461,89 Years,6,2,4,5,2,3,0,0,0,0,0,0,0,0,0,1,0,1
UPTON COUNTY,461,90 Years,4,1,3,3,1,2,0,0,0,0,0,0,0,0,0,1,0,1
UPTON COUNTY,461,91 Years,4,1,3,3,1,2,0,0,0,0,0,0,0,0,0,1,0,1
UPTON COUNTY,461,92 Years,2,1,1,2,1,1,0,0,0,0,0,0,0,0,0,0,0,0
UPTON COUNTY,461,93 Years,3,1,2,2,1,1,0,0,0,0,0,0,0,0,0,1,0,1
UPTON COUNTY,461,94 Years,3,1,2,2,1,1,0,0,0,0,0,0,0,0,0,1,0,1
UPTON COUNTY,461,95 Years +,11,5,6,8,3,5,0,0,0,0,0,0,0,0,0,3,2,1
UVALDE COUNTY,463,All Ages,24758,12154,12604,5927,2902,3025,109,61,48,116,67,49,255,136,119,18351,8988,9363
UVALDE COUNTY,463,< 1 Year,357,182,175,59,33,26,2,1,1,2,1,1,5,2,3,289,145,144
UVALDE COUNTY,463,1 Years,345,176,169,53,27,26,3,2,1,2,1,1,4,2,2,283,144,139
UVALDE COUNTY,463,2 Years,348,176,172,55,28,27,3,1,2,2,1,1,5,3,2,283,143,140
UVALDE COUNTY,463,3 Years,368,191,177,56,30,26,1,1,0,1,1,0,6,3,3,304,156,148
UVALDE COUNTY,463,4 Years,376,190,186,58,31,27,1,1,0,1,1,0,5,2,3,311,155,156
UVALDE COUNTY,463,5 Years,375,181,194,59,31,28,1,1,0,1,0,1,4,2,2,310,147,163
UVALDE COUNTY,463,6 Years,383,180,203,59,29,30,1,1,0,1,0,1,4,2,2,318,148,170
UVALDE COUNTY,463,7 Years,390,187,203,62,30,32,2,1,1,1,1,0,4,2,2,321,153,168
UVALDE COUNTY,463,8 Years,402,209,193,60,33,27,1,1,0,0,0,0,6,3,3,335,172,163
UVALDE COUNTY,463,9 Years,391,208,183,60,33,27,0,0,0,2,1,1,6,5,1,323,169,154
UVALDE COUNTY,463,10 Years,384,198,186,60,33,27,0,0,0,1,0,1,7,4,3,316,161,155
UVALDE COUNTY,463,11 Years,378,184,194,60,36,24,0,0,0,2,1,1,7,4,3,309,143,166
UVALDE COUNTY,463,12 Years,373,179,194,55,34,21,3,0,3,1,1,0,7,4,3,307,140,167
UVALDE COUNTY,463,13 Years,357,175,182,49,23,26,2,1,1,1,1,0,4,2,2,301,148,153
UVALDE COUNTY,463,14 Years,340,168,172,47,20,27,1,1,0,0,0,0,3,3,0,289,144,145
UVALDE COUNTY,463,15 Years,370,182,188,57,29,28,1,0,1,0,0,0,6,3,3,306,150,156
UVALDE COUNTY,463,16 Years,379,199,180,58,33,25,2,1,1,1,1,0,5,2,3,313,162,151
UVALDE COUNTY,463,17 Years,364,179,185,59,26,33,2,1,1,1,1,0,5,2,3,297,149,148
UVALDE COUNTY,463,18 Years,388,206,182,69,28,41,1,0,1,5,4,1,5,3,2,308,171,137
UVALDE COUNTY,463,19 Years,382,212,170,70,37,33,4,3,1,2,1,1,3,2,1,303,169,134
UVALDE COUNTY,463,20 Years,379,202,177,66,34,32,2,2,0,6,4,2,3,2,1,302,160,142
UVALDE COUNTY,463,21 Years,385,196,189,53,29,24,1,0,1,7,6,1,5,4,1,319,157,162
UVALDE COUNTY,463,22 Years,408,216,192,64,41,23,3,1,2,7,7,0,4,3,1,330,164,166
UVALDE COUNTY,463,23 Years,350,181,169,56,30,26,2,2,0,1,1,0,5,4,1,286,144,142
UVALDE COUNTY,463,24 Years,337,173,164,58,33,25,3,3,0,1,0,1,2,1,1,273,136,137
UVALDE COUNTY,463,25 Years,341,180,161,56,29,27,3,2,1,1,0,1,2,1,1,279,148,131
UVALDE COUNTY,463,26 Years,342,174,168,57,29,28,1,0,1,3,1,2,2,1,1,279,143,136
UVALDE COUNTY,463,27 Years,338,169,169,63,31,32,2,1,1,2,0,2,4,2,2,267,135,132
UVALDE COUNTY,463,28 Years,313,154,159,63,33,30,3,1,2,0,0,0,4,2,2,243,118,125
UVALDE COUNTY,463,29 Years,326,166,160,65,35,30,2,1,1,0,0,0,2,1,1,257,129,128
UVALDE COUNTY,463,30 Years,358,183,175,72,37,35,2,2,0,2,1,1,3,2,1,279,141,138
UVALDE COUNTY,463,31 Years,341,181,160,62,32,30,2,2,0,0,0,0,4,2,2,273,145,128
UVALDE COUNTY,463,32 Years,320,179,141,59,33,26,3,2,1,0,0,0,3,2,1,255,142,113
UVALDE COUNTY,463,33 Years,352,181,171,64,32,32,4,2,2,1,0,1,3,3,0,280,144,136
UVALDE COUNTY,463,34 Years,309,153,156,62,33,29,1,1,0,3,1,2,1,1,0,242,117,125
UVALDE COUNTY,463,35 Years,268,146,122,54,29,25,2,2,0,3,1,2,0,0,0,209,114,95
UVALDE COUNTY,463,36 Years,277,148,129,59,32,27,2,1,1,2,0,2,1,1,0,213,114,99
UVALDE COUNTY,463,37 Years,283,151,132,59,31,28,0,0,0,3,1,2,2,1,1,219,118,101
UVALDE COUNTY,463,38 Years,289,151,138,59,32,27,1,0,1,2,1,1,2,2,0,225,116,109
UVALDE COUNTY,463,39 Years,273,134,139,58,28,30,1,0,1,2,0,2,1,1,0,211,105,106
UVALDE COUNTY,463,40 Years,258,118,140,58,29,29,0,0,0,1,0,1,2,1,1,197,88,109
UVALDE COUNTY,463,41 Years,246,114,132,69,32,37,0,0,0,1,0,1,1,1,0,175,81,94
UVALDE COUNTY,463,42 Years,273,124,149,68,33,35,0,0,0,1,0,1,3,1,2,201,90,111
UVALDE COUNTY,463,43 Years,293,143,150,60,30,30,1,1,0,2,2,0,4,0,4,226,110,116
UVALDE COUNTY,463,44 Years,278,143,135,58,30,28,1,1,0,2,2,0,4,2,2,213,108,105
UVALDE COUNTY,463,45 Years,259,136,123,51,25,26,1,1,0,4,2,2,3,2,1,200,106,94
UVALDE COUNTY,463,46 Years,275,136,139,46,19,27,1,1,0,3,2,1,1,1,0,224,113,111
UVALDE COUNTY,463,47 Years,269,130,139,47,24,23,3,1,2,1,1,0,4,1,3,214,103,111
UVALDE COUNTY,463,48 Years,264,134,130,57,28,29,1,0,1,1,0,1,4,2,2,201,104,97
UVALDE COUNTY,463,49 Years,277,136,141,61,28,33,0,0,0,1,0,1,3,0,3,212,108,104
UVALDE COUNTY,463,50 Years,267,125,142,61,28,33,0,0,0,2,1,1,4,2,2,200,94,106
UVALDE COUNTY,463,51 Years,272,127,145,66,33,33,0,0,0,3,2,1,2,2,0,201,90,111
UVALDE COUNTY,463,52 Years,275,134,141,66,34,32,1,0,1,2,2,0,4,3,1,202,95,107
UVALDE COUNTY,463,53 Years,245,109,136,68,28,40,1,0,1,3,1,2,1,0,1,172,80,92
UVALDE COUNTY,463,54 Years,241,119,122,66,29,37,1,0,1,2,1,1,0,0,0,172,89,83
UVALDE COUNTY,463,55 Years,239,116,123,59,31,28,1,0,1,0,0,0,3,2,1,176,83,93
UVALDE COUNTY,463,56 Years,243,118,125,61,32,29,1,0,1,0,0,0,3,2,1,178,84,94
UVALDE COUNTY,463,57 Years,251,122,129,77,37,40,1,0,1,1,0,1,3,2,1,169,83,86
UVALDE COUNTY,463,58 Years,236,112,124,74,34,40,0,0,0,1,1,0,2,1,1,159,76,83
UVALDE COUNTY,463,59 Years,238,115,123,66,30,36,2,1,1,1,1,0,3,3,0,166,80,86
UVALDE COUNTY,463,60 Years,268,121,147,85,41,44,2,1,1,1,0,1,3,2,1,177,77,100
UVALDE COUNTY,463,61 Years,273,125,148,97,50,47,2,2,0,2,2,0,4,2,2,168,69,99
UVALDE COUNTY,463,62 Years,243,108,135,91,45,46,1,1,0,1,1,0,2,1,1,148,60,88
UVALDE COUNTY,463,63 Years,233,111,122,89,41,48,0,0,0,0,0,0,1,1,0,143,69,74
UVALDE COUNTY,463,64 Years,250,120,130,95,42,53,1,1,0,1,1,0,1,1,0,152,75,77
UVALDE COUNTY,463,65 Years,261,121,140,103,44,59,1,1,0,0,0,0,1,1,0,156,75,81
UVALDE COUNTY,463,66 Years,242,119,123,95,48,47,0,0,0,1,1,0,1,1,0,145,69,76
UVALDE COUNTY,463,67 Years,232,110,122,90,46,44,4,1,3,1,0,1,2,1,1,135,62,73
UVALDE COUNTY,463,68 Years,213,104,109,83,44,39,2,1,1,0,0,0,2,0,2,126,59,67
UVALDE COUNTY,463,69 Years,204,97,107,82,39,43,1,1,0,1,1,0,2,0,2,118,56,62
UVALDE COUNTY,463,70 Years,198,88,110,82,36,46,3,1,2,0,0,0,2,0,2,111,51,60
UVALDE COUNTY,463,71 Years,203,93,110,85,41,44,2,1,1,0,0,0,1,0,1,115,51,64
UVALDE COUNTY,463,72 Years,210,99,111,86,41,45,1,1,0,0,0,0,0,0,0,123,57,66
UVALDE COUNTY,463,73 Years,236,98,138,99,43,56,1,1,0,1,0,1,1,1,0,134,53,81
UVALDE COUNTY,463,74 Years,237,103,134,98,42,56,0,0,0,1,1,0,1,0,1,137,60,77
UVALDE COUNTY,463,75 Years,228,97,131,97,40,57,0,0,0,1,1,0,1,0,1,129,56,73
UVALDE COUNTY,463,76 Years,201,85,116,89,38,51,1,0,1,0,0,0,1,1,0,110,46,64
UVALDE COUNTY,463,77 Years,174,73,101,78,34,44,0,0,0,0,0,0,2,0,2,94,39,55
UVALDE COUNTY,463,78 Years,159,72,87,74,35,39,0,0,0,0,0,0,2,0,2,83,37,46
UVALDE COUNTY,463,79 Years,149,69,80,78,36,42,0,0,0,0,0,0,2,1,1,69,32,37
UVALDE COUNTY,463,80 Years,134,56,78,67,30,37,0,0,0,0,0,0,2,1,1,65,25,40
UVALDE COUNTY,463,81 Years,123,51,72,59,25,34,0,0,0,0,0,0,2,1,1,62,25,37
UVALDE COUNTY,463,82 Years,104,44,60,48,22,26,0,0,0,0,0,0,2,1,1,54,21,33
UVALDE COUNTY,463,83 Years,95,44,51,52,27,25,0,0,0,0,0,0,2,1,1,41,16,25
UVALDE COUNTY,463,84 Years,93,44,49,52,27,25,0,0,0,0,0,0,1,0,1,40,17,23
UVALDE COUNTY,463,85 Years,84,35,49,40,19,21,0,0,0,0,0,0,1,0,1,43,16,27
UVALDE COUNTY,463,86 Years,73,31,42,35,17,18,0,0,0,0,0,0,0,0,0,38,14,24
UVALDE COUNTY,463,87 Years,63,25,38,30,14,16,0,0,0,0,0,0,1,0,1,32,11,21
UVALDE COUNTY,463,88 Years,56,21,35,25,10,15,0,0,0,0,0,0,0,0,0,31,11,20
UVALDE COUNTY,463,89 Years,53,18,35,25,8,17,0,0,0,0,0,0,0,0,0,28,10,18
UVALDE COUNTY,463,90 Years,47,16,31,21,6,15,0,0,0,0,0,0,0,0,0,26,10,16
UVALDE COUNTY,463,91 Years,38,14,24,17,7,10,0,0,0,0,0,0,1,0,1,20,7,13
UVALDE COUNTY,463,92 Years,32,12,20,14,5,9,0,0,0,0,0,0,1,0,1,17,7,10
UVALDE COUNTY,463,93 Years,26,10,16,12,4,8,0,0,0,0,0,0,1,0,1,13,6,7
UVALDE COUNTY,463,94 Years,21,8,13,11,4,7,0,0,0,0,0,0,0,0,0,10,4,6
UVALDE COUNTY,463,95 Years +,64,21,43,30,10,20,0,0,0,0,0,0,1,0,1,33,11,22
VAL VERDE COUNTY,465,All Ages,47518,24339,23179,7101,3999,3102,608,345,263,225,104,121,505,280,225,39079,19611,19468
VAL VERDE COUNTY,465,< 1 Year,729,374,355,84,42,42,9,4,5,5,2,3,15,8,7,616,318,298
VAL VERDE COUNTY,465,1 Years,723,367,356,86,43,43,10,5,5,3,1,2,12,6,6,612,312,300
VAL VERDE COUNTY,465,2 Years,727,370,357,90,46,44,10,5,5,4,2,2,11,6,5,612,311,301
VAL VERDE COUNTY,465,3 Years,766,385,381,90,43,47,8,5,3,3,2,1,12,5,7,653,330,323
VAL VERDE COUNTY,465,4 Years,773,387,386,88,41,47,8,4,4,2,2,0,13,5,8,662,335,327
VAL VERDE COUNTY,465,5 Years,788,393,395,89,44,45,8,4,4,2,1,1,11,5,6,678,339,339
VAL VERDE COUNTY,465,6 Years,818,408,410,89,44,45,8,3,5,3,2,1,12,7,5,706,352,354
VAL VERDE COUNTY,465,7 Years,836,411,425,92,45,47,10,5,5,3,2,1,10,6,4,721,353,368
VAL VERDE COUNTY,465,8 Years,835,424,411,83,42,41,8,3,5,3,2,1,10,6,4,731,371,360
VAL VERDE COUNTY,465,9 Years,818,420,398,80,41,39,8,3,5,3,2,1,10,5,5,717,369,348
VAL VERDE COUNTY,465,10 Years,807,415,392,79,41,38,7,2,5,3,2,1,10,5,5,708,365,343
VAL VERDE COUNTY,465,11 Years,794,402,392,79,40,39,7,2,5,3,2,1,8,3,5,697,355,342
VAL VERDE COUNTY,465,12 Years,701,357,344,64,32,32,6,3,3,5,3,2,4,2,2,622,317,305
VAL VERDE COUNTY,465,13 Years,679,347,332,57,29,28,8,3,5,2,1,1,7,5,2,605,309,296
VAL VERDE COUNTY,465,14 Years,684,354,330,56,28,28,9,4,5,0,0,0,7,5,2,612,317,295
VAL VERDE COUNTY,465,15 Years,647,319,328,51,24,27,5,2,3,1,0,1,6,4,2,584,289,295
VAL VERDE COUNTY,465,16 Years,653,310,343,48,22,26,6,2,4,1,0,1,6,3,3,592,283,309
VAL VERDE COUNTY,465,17 Years,694,343,351,56,30,26,8,4,4,1,0,1,4,2,2,625,307,318
VAL VERDE COUNTY,465,18 Years,720,380,340,56,32,24,7,4,3,1,0,1,8,6,2,648,338,310
VAL VERDE COUNTY,465,19 Years,666,345,321,52,29,23,6,2,4,1,0,1,7,5,2,600,309,291
VAL VERDE COUNTY,465,20 Years,722,379,343,62,36,26,12,6,6,1,0,1,5,3,2,642,334,308
VAL VERDE COUNTY,465,21 Years,693,364,329,59,34,25,10,6,4,1,0,1,6,4,2,617,320,297
VAL VERDE COUNTY,465,22 Years,717,400,317,81,55,26,9,5,4,2,1,1,7,5,2,618,334,284
VAL VERDE COUNTY,465,23 Years,769,449,320,156,116,40,13,7,6,5,2,3,20,13,7,575,311,264
VAL VERDE COUNTY,465,24 Years,770,451,319,160,118,42,15,11,4,9,5,4,14,10,4,572,307,265
VAL VERDE COUNTY,465,25 Years,728,431,297,142,96,46,17,11,6,8,4,4,10,8,2,551,312,239
VAL VERDE COUNTY,465,26 Years,781,464,317,168,112,56,17,10,7,5,4,1,19,12,7,572,326,246
VAL VERDE COUNTY,465,27 Years,802,469,333,170,118,52,21,14,7,3,3,0,13,6,7,595,328,267
VAL VERDE COUNTY,465,28 Years,826,474,352,189,131,58,16,10,6,8,5,3,12,8,4,601,320,281
VAL VERDE COUNTY,465,29 Years,787,432,355,155,95,60,13,8,5,9,5,4,9,6,3,601,318,283
VAL VERDE COUNTY,465,30 Years,787,455,332,149,90,59,15,12,3,9,5,4,11,6,5,603,342,261
VAL VERDE COUNTY,465,31 Years,720,419,301,141,92,49,7,5,2,8,5,3,12,7,5,552,310,242
VAL VERDE COUNTY,465,32 Years,642,357,285,115,73,42,10,6,4,5,1,4,7,3,4,505,274,231
VAL VERDE COUNTY,465,33 Years,623,339,284,111,58,53,10,5,5,1,0,1,14,10,4,487,266,221
VAL VERDE COUNTY,465,34 Years,611,334,277,97,52,45,7,3,4,3,0,3,8,5,3,496,274,222
VAL VERDE COUNTY,465,35 Years,589,330,259,96,59,37,5,3,2,5,3,2,6,3,3,477,262,215
VAL VERDE COUNTY,465,36 Years,617,347,270,101,63,38,5,3,2,6,3,3,6,2,4,499,276,223
VAL VERDE COUNTY,465,37 Years,613,343,270,114,72,42,6,3,3,4,2,2,6,3,3,483,263,220
VAL VERDE COUNTY,465,38 Years,574,304,270,88,52,36,8,5,3,3,1,2,5,2,3,470,244,226
VAL VERDE COUNTY,465,39 Years,537,290,247,79,45,34,10,7,3,4,1,3,4,2,2,440,235,205
VAL VERDE COUNTY,465,40 Years,561,290,271,77,42,35,7,6,1,6,2,4,5,3,2,466,237,229
VAL VERDE COUNTY,465,41 Years,581,296,285,79,45,34,10,6,4,7,2,5,6,4,2,479,239,240
VAL VERDE COUNTY,465,42 Years,567,294,273,83,48,35,10,5,5,5,1,4,5,2,3,464,238,226
VAL VERDE COUNTY,465,43 Years,513,271,242,73,45,28,9,4,5,2,1,1,4,2,2,425,219,206
VAL VERDE COUNTY,465,44 Years,499,268,231,61,40,21,7,4,3,3,1,2,0,0,0,428,223,205
VAL VERDE COUNTY,465,45 Years,474,237,237,51,32,19,6,2,4,2,0,2,4,1,3,411,202,209
VAL VERDE COUNTY,465,46 Years,467,229,238,45,24,21,6,3,3,2,2,0,3,1,2,411,199,212
VAL VERDE COUNTY,465,47 Years,490,236,254,46,21,25,5,2,3,2,1,1,5,2,3,432,210,222
VAL VERDE COUNTY,465,48 Years,523,259,264,59,27,32,5,3,2,0,0,0,7,4,3,452,225,227
VAL VERDE COUNTY,465,49 Years,532,266,266,60,29,31,4,2,2,2,1,1,7,3,4,459,231,228
VAL VERDE COUNTY,465,50 Years,510,248,262,66,32,34,6,4,2,1,1,0,4,0,4,433,211,222
VAL VERDE COUNTY,465,51 Years,478,235,243,65,35,30,6,4,2,1,1,0,2,0,2,404,195,209
VAL VERDE COUNTY,465,52 Years,481,248,233,67,40,27,5,4,1,1,1,0,2,2,0,406,201,205
VAL VERDE COUNTY,465,53 Years,487,251,236,69,41,28,3,2,1,1,0,1,4,2,2,410,206,204
VAL VERDE COUNTY,465,54 Years,480,241,239,64,33,31,4,3,1,2,1,1,5,2,3,405,202,203
VAL VERDE COUNTY,465,55 Years,463,227,236,72,37,35,4,3,1,1,0,1,5,2,3,381,185,196
VAL VERDE COUNTY,465,56 Years,469,236,233,73,43,30,5,4,1,0,0,0,3,1,2,388,188,200
VAL VERDE COUNTY,465,57 Years,481,237,244,74,42,32,3,2,1,0,0,0,2,1,1,402,192,210
VAL VERDE COUNTY,465,58 Years,461,238,223,68,41,27,4,3,1,1,0,1,1,1,0,387,193,194
VAL VERDE COUNTY,465,59 Years,465,233,232,74,41,33,4,3,1,3,1,2,2,1,1,382,187,195
VAL VERDE COUNTY,465,60 Years,447,218,229,68,36,32,4,3,1,3,1,2,2,0,2,370,178,192
VAL VERDE COUNTY,465,61 Years,432,213,219,68,36,32,4,2,2,2,1,1,3,2,1,355,172,183
VAL VERDE COUNTY,465,62 Years,418,198,220,74,36,38,5,3,2,1,1,0,3,2,1,335,156,179
VAL VERDE COUNTY,465,63 Years,384,166,218,75,38,37,5,4,1,1,0,1,2,1,1,301,123,178
VAL VERDE COUNTY,465,64 Years,373,168,205,76,38,38,6,4,2,4,2,2,2,1,1,285,123,162
VAL VERDE COUNTY,465,65 Years,362,173,189,77,39,38,7,5,2,3,1,2,1,1,0,274,127,147
VAL VERDE COUNTY,465,66 Years,363,162,201,79,38,41,6,3,3,3,1,2,1,1,0,274,119,155
VAL VERDE COUNTY,465,67 Years,347,152,195,65,35,30,7,4,3,4,2,2,2,1,1,269,110,159
VAL VERDE COUNTY,465,68 Years,335,145,190,69,35,34,6,3,3,2,1,1,2,1,1,256,105,151
VAL VERDE COUNTY,465,69 Years,345,151,194,77,39,38,5,3,2,1,0,1,2,1,1,260,108,152
VAL VERDE COUNTY,465,70 Years,335,155,180,80,42,38,4,3,1,1,0,1,3,2,1,247,108,139
VAL VERDE COUNTY,465,71 Years,338,153,185,81,44,37,4,1,3,1,0,1,4,1,3,248,107,141
VAL VERDE COUNTY,465,72 Years,320,142,178,74,38,36,3,1,2,2,1,1,3,1,2,238,101,137
VAL VERDE COUNTY,465,73 Years,329,148,181,72,39,33,6,4,2,0,0,0,4,1,3,247,104,143
VAL VERDE COUNTY,465,74 Years,344,155,189,72,41,31,7,4,3,0,0,0,3,1,2,262,109,153
VAL VERDE COUNTY,465,75 Years,321,154,167,78,44,34,4,3,1,0,0,0,2,1,1,237,106,131
VAL VERDE COUNTY,465,76 Years,294,143,151,75,44,31,3,2,1,1,0,1,1,1,0,214,96,118
VAL VERDE COUNTY,465,77 Years,274,131,143,71,37,34,2,1,1,1,0,1,1,1,0,199,92,107
VAL VERDE COUNTY,465,78 Years,273,123,150,73,35,38,3,3,0,2,1,1,1,1,0,194,83,111
VAL VERDE COUNTY,465,79 Years,234,109,125,56,29,27,3,2,1,1,0,1,2,2,0,172,76,96
VAL VERDE COUNTY,465,80 Years,207,95,112,44,23,21,3,2,1,0,0,0,2,2,0,158,68,90
VAL VERDE COUNTY,465,81 Years,201,91,110,43,19,24,4,2,2,0,0,0,1,1,0,153,69,84
VAL VERDE COUNTY,465,82 Years,188,81,107,42,17,25,2,1,1,0,0,0,1,1,0,143,62,81
VAL VERDE COUNTY,465,83 Years,177,75,102,38,16,22,2,0,2,1,0,1,0,0,0,136,59,77
VAL VERDE COUNTY,465,84 Years,168,74,94,40,17,23,2,1,1,0,0,0,0,0,0,126,56,70
VAL VERDE COUNTY,465,85 Years,156,68,88,39,20,19,2,1,1,0,0,0,0,0,0,115,47,68
VAL VERDE COUNTY,465,86 Years,143,61,82,31,17,14,2,1,1,0,0,0,0,0,0,110,43,67
VAL VERDE COUNTY,465,87 Years,115,48,67,29,16,13,1,1,0,1,0,1,0,0,0,84,31,53
VAL VERDE COUNTY,465,88 Years,95,38,57,22,11,11,0,0,0,0,0,0,1,0,1,72,27,45
VAL VERDE COUNTY,465,89 Years,86,33,53,18,9,9,0,0,0,0,0,0,1,0,1,67,24,43
VAL VERDE COUNTY,465,90 Years,77,31,46,15,7,8,0,0,0,0,0,0,1,1,0,61,23,38
VAL VERDE COUNTY,465,91 Years,63,23,40,12,5,7,0,0,0,0,0,0,0,0,0,51,18,33
VAL VERDE COUNTY,465,92 Years,59,23,36,10,5,5,0,0,0,0,0,0,1,1,0,48,17,31
VAL VERDE COUNTY,465,93 Years,44,16,28,7,2,5,0,0,0,0,0,0,0,0,0,37,14,23
VAL VERDE COUNTY,465,94 Years,35,12,23,7,3,4,0,0,0,0,0,0,0,0,0,28,9,19
VAL VERDE COUNTY,465,95 Years +,88,29,59,16,6,10,1,0,1,0,0,0,0,0,0,71,23,48
VAN ZANDT COUNTY,467,All Ages,63034,30670,32364,51887,24993,26894,1805,912,893,290,124,166,1667,814,853,7385,3827,3558
VAN ZANDT COUNTY,467,< 1 Year,678,346,332,449,228,221,19,10,9,3,1,2,42,22,20,165,85,80
VAN ZANDT COUNTY,467,1 Years,657,336,321,433,221,212,23,12,11,3,2,1,37,19,18,161,82,79
VAN ZANDT COUNTY,467,2 Years,659,336,323,437,224,213,23,12,11,3,1,2,36,18,18,160,81,79
VAN ZANDT COUNTY,467,3 Years,722,378,344,506,258,248,18,9,9,3,2,1,33,21,12,162,88,74
VAN ZANDT COUNTY,467,4 Years,749,393,356,531,272,259,19,11,8,3,2,1,39,25,14,157,83,74
VAN ZANDT COUNTY,467,5 Years,759,396,363,542,284,258,23,12,11,2,1,1,35,21,14,157,78,79
VAN ZANDT COUNTY,467,6 Years,761,392,369,547,285,262,26,14,12,3,1,2,38,21,17,147,71,76
VAN ZANDT COUNTY,467,7 Years,752,392,360,535,277,258,28,17,11,2,0,2,38,19,19,149,79,70
VAN ZANDT COUNTY,467,8 Years,781,392,389,566,279,287,25,14,11,2,0,2,44,20,24,144,79,65
VAN ZANDT COUNTY,467,9 Years,781,393,388,572,286,286,22,11,11,4,2,2,44,20,24,139,74,65
VAN ZANDT COUNTY,467,10 Years,775,396,379,571,289,282,20,10,10,4,2,2,41,21,20,139,74,65
VAN ZANDT COUNTY,467,11 Years,770,392,378,571,290,281,19,10,9,4,2,2,29,15,14,147,75,72
VAN ZANDT COUNTY,467,12 Years,815,404,411,608,311,297,19,8,11,2,0,2,24,13,11,162,72,90
VAN ZANDT COUNTY,467,13 Years,812,421,391,616,323,293,19,8,11,4,3,1,31,17,14,142,70,72
VAN ZANDT COUNTY,467,14 Years,835,417,418,625,316,309,25,13,12,3,2,1,31,14,17,151,72,79
VAN ZANDT COUNTY,467,15 Years,830,408,422,643,312,331,26,14,12,3,2,1,25,11,14,133,69,64
VAN ZANDT COUNTY,467,16 Years,832,426,406,645,326,319,22,12,10,3,2,1,26,13,13,136,73,63
VAN ZANDT COUNTY,467,17 Years,835,423,412,639,323,316,24,14,10,4,3,1,33,18,15,135,65,70
VAN ZANDT COUNTY,467,18 Years,848,416,432,656,322,334,27,15,12,5,3,2,26,13,13,134,63,71
VAN ZANDT COUNTY,467,19 Years,839,424,415,644,334,310,26,14,12,4,2,2,22,8,14,143,66,77
VAN ZANDT COUNTY,467,20 Years,802,414,388,623,327,296,23,10,13,1,1,0,24,12,12,131,64,67
VAN ZANDT COUNTY,467,21 Years,772,383,389,591,295,296,26,10,16,3,1,2,32,13,19,120,64,56
VAN ZANDT COUNTY,467,22 Years,725,346,379,540,258,282,24,10,14,5,4,1,31,13,18,125,61,64
VAN ZANDT COUNTY,467,23 Years,658,328,330,490,249,241,16,9,7,4,2,2,28,9,19,120,59,61
VAN ZANDT COUNTY,467,24 Years,642,320,322,476,246,230,17,11,6,4,0,4,31,8,23,114,55,59
VAN ZANDT COUNTY,467,25 Years,649,334,315,484,250,234,21,17,4,2,1,1,25,8,17,117,58,59
VAN ZANDT COUNTY,467,26 Years,664,328,336,510,253,257,29,17,12,2,2,0,23,9,14,100,47,53
VAN ZANDT COUNTY,467,27 Years,695,349,346,552,279,273,22,11,11,4,3,1,27,13,14,90,43,47
VAN ZANDT COUNTY,467,28 Years,621,322,299,496,250,246,16,10,6,3,1,2,19,10,9,87,51,36
VAN ZANDT COUNTY,467,29 Years,637,336,301,494,250,244,25,18,7,2,1,1,19,13,6,97,54,43
VAN ZANDT COUNTY,467,30 Years,665,339,326,525,266,259,22,14,8,2,1,1,21,11,10,95,47,48
VAN ZANDT COUNTY,467,31 Years,678,340,338,541,271,270,18,10,8,2,1,1,14,6,8,103,52,51
VAN ZANDT COUNTY,467,32 Years,658,320,338,527,252,275,16,10,6,3,1,2,10,5,5,102,52,50
VAN ZANDT COUNTY,467,33 Years,698,333,365,573,268,305,21,13,8,4,2,2,9,4,5,91,46,45
VAN ZANDT COUNTY,467,34 Years,685,341,344,569,282,287,15,7,8,5,3,2,7,3,4,89,46,43
VAN ZANDT COUNTY,467,35 Years,651,319,332,543,264,279,15,5,10,3,2,1,7,2,5,83,46,37
VAN ZANDT COUNTY,467,36 Years,649,327,322,534,266,268,19,6,13,4,2,2,11,7,4,81,46,35
VAN ZANDT COUNTY,467,37 Years,658,329,329,541,264,277,21,11,10,4,2,2,13,5,8,79,47,32
VAN ZANDT COUNTY,467,38 Years,656,324,332,536,260,276,28,13,15,1,1,0,12,5,7,79,45,34
VAN ZANDT COUNTY,467,39 Years,710,345,365,567,267,300,29,15,14,2,0,2,15,9,6,97,54,43
VAN ZANDT COUNTY,467,40 Years,714,334,380,561,256,305,30,15,15,7,3,4,14,8,6,102,52,50
VAN ZANDT COUNTY,467,41 Years,703,328,375,582,269,313,18,10,8,5,3,2,12,6,6,86,40,46
VAN ZANDT COUNTY,467,42 Years,689,333,356,570,273,297,17,9,8,5,2,3,10,5,5,87,44,43
VAN ZANDT COUNTY,467,43 Years,678,341,337,565,280,285,12,6,6,4,1,3,6,2,4,91,52,39
VAN ZANDT COUNTY,467,44 Years,694,335,359,570,281,289,15,7,8,4,1,3,17,8,9,88,38,50
VAN ZANDT COUNTY,467,45 Years,712,327,385,593,274,319,15,9,6,7,1,6,19,9,10,78,34,44
VAN ZANDT COUNTY,467,46 Years,733,362,371,615,295,320,18,13,5,5,1,4,13,9,4,82,44,38
VAN ZANDT COUNTY,467,47 Years,717,364,353,606,303,303,18,11,7,1,1,0,13,9,4,79,40,39
VAN ZANDT COUNTY,467,48 Years,707,359,348,593,297,296,18,10,8,4,4,0,14,10,4,78,38,40
VAN ZANDT COUNTY,467,49 Years,747,371,376,632,305,327,20,11,9,4,2,2,13,8,5,78,45,33
VAN ZANDT COUNTY,467,50 Years,797,389,408,684,329,355,17,13,4,6,1,5,14,6,8,76,40,36
VAN ZANDT COUNTY,467,51 Years,826,404,422,702,340,362,22,13,9,6,1,5,12,6,6,84,44,40
VAN ZANDT COUNTY,467,52 Years,857,412,445,722,339,383,25,14,11,4,1,3,11,5,6,95,53,42
VAN ZANDT COUNTY,467,53 Years,810,387,423,695,322,373,19,11,8,8,3,5,7,3,4,81,48,33
VAN ZANDT COUNTY,467,54 Years,756,353,403,656,301,355,17,11,6,4,1,3,11,6,5,68,34,34
VAN ZANDT COUNTY,467,55 Years,749,357,392,650,312,338,18,9,9,0,0,0,14,9,5,67,27,40
VAN ZANDT COUNTY,467,56 Years,774,368,406,669,323,346,18,8,10,3,2,1,14,5,9,70,30,40
VAN ZANDT COUNTY,467,57 Years,865,414,451,754,358,396,26,16,10,5,2,3,14,4,10,66,34,32
VAN ZANDT COUNTY,467,58 Years,906,436,470,767,364,403,33,16,17,3,2,1,22,9,13,81,45,36
VAN ZANDT COUNTY,467,59 Years,955,458,497,822,392,430,34,12,22,3,1,2,25,12,13,71,41,30
VAN ZANDT COUNTY,467,60 Years,916,439,477,806,386,420,31,11,20,4,2,2,23,11,12,52,29,23
VAN ZANDT COUNTY,467,61 Years,888,435,453,782,379,403,28,14,14,3,2,1,20,9,11,55,31,24
VAN ZANDT COUNTY,467,62 Years,932,467,465,817,402,415,33,18,15,6,2,4,15,9,6,61,36,25
VAN ZANDT COUNTY,467,63 Years,938,459,479,825,403,422,31,13,18,10,2,8,18,9,9,54,32,22
VAN ZANDT COUNTY,467,64 Years,891,419,472,788,370,418,31,14,17,7,0,7,15,6,9,50,29,21
VAN ZANDT COUNTY,467,65 Years,902,414,488,797,367,430,27,11,16,6,2,4,17,8,9,55,26,29
VAN ZANDT COUNTY,467,66 Years,900,414,486,795,359,436,30,13,17,5,2,3,20,13,7,50,27,23
VAN ZANDT COUNTY,467,67 Years,862,407,455,770,356,414,31,15,16,3,2,1,16,7,9,42,27,15
VAN ZANDT COUNTY,467,68 Years,822,395,427,730,348,382,31,13,18,1,1,0,14,5,9,46,28,18
VAN ZANDT COUNTY,467,69 Years,810,380,430,724,336,388,28,10,18,3,2,1,11,5,6,44,27,17
VAN ZANDT COUNTY,467,70 Years,765,351,414,689,314,375,23,7,16,2,1,1,13,8,5,38,21,17
VAN ZANDT COUNTY,467,71 Years,751,336,415,679,303,376,23,8,15,2,1,1,12,6,6,35,18,17
VAN ZANDT COUNTY,467,72 Years,729,327,402,664,293,371,20,9,11,3,2,1,13,6,7,29,17,12
VAN ZANDT COUNTY,467,73 Years,674,311,363,621,282,339,19,9,10,3,1,2,11,7,4,20,12,8
VAN ZANDT COUNTY,467,74 Years,689,312,377,637,286,351,17,7,10,3,1,2,8,5,3,24,13,11
VAN ZANDT COUNTY,467,75 Years,701,319,382,647,291,356,16,6,10,2,0,2,11,7,4,25,15,10
VAN ZANDT COUNTY,467,76 Years,594,271,323,550,249,301,11,5,6,3,0,3,10,5,5,20,12,8
VAN ZANDT COUNTY,467,77 Years,508,235,273,471,215,256,9,6,3,2,1,1,7,3,4,19,10,9
VAN ZANDT COUNTY,467,78 Years,500,239,261,468,221,247,7,4,3,1,0,1,9,3,6,15,11,4
VAN ZANDT COUNTY,467,79 Years,475,228,247,444,214,230,7,3,4,1,0,1,13,4,9,10,7,3
VAN ZANDT COUNTY,467,80 Years,426,192,234,401,181,220,8,4,4,0,0,0,11,4,7,6,3,3
VAN ZANDT COUNTY,467,81 Years,409,179,230,382,166,216,9,4,5,1,0,1,8,4,4,9,5,4
VAN ZANDT COUNTY,467,82 Years,363,164,199,336,150,186,8,4,4,1,0,1,8,5,3,10,5,5
VAN ZANDT COUNTY,467,83 Years,314,143,171,296,135,161,4,3,1,2,0,2,5,3,2,7,2,5
VAN ZANDT COUNTY,467,84 Years,286,129,157,271,120,151,4,3,1,1,0,1,5,3,2,5,3,2
VAN ZANDT COUNTY,467,85 Years,261,117,144,245,107,138,4,3,1,0,0,0,6,3,3,6,4,2
VAN ZANDT COUNTY,467,86 Years,233,105,128,220,100,120,4,2,2,0,0,0,4,0,4,5,3,2
VAN ZANDT COUNTY,467,87 Years,203,94,109,192,90,102,4,1,3,0,0,0,3,0,3,4,3,1
VAN ZANDT COUNTY,467,88 Years,168,68,100,160,66,94,4,1,3,0,0,0,2,0,2,2,1,1
VAN ZANDT COUNTY,467,89 Years,130,49,81,121,46,75,3,0,3,1,1,0,2,0,2,3,2,1
VAN ZANDT COUNTY,467,90 Years,115,43,72,108,40,68,2,0,2,1,1,0,2,0,2,2,2,0
VAN ZANDT COUNTY,467,91 Years,100,35,65,95,33,62,2,0,2,1,1,0,2,1,1,0,0,0
VAN ZANDT COUNTY,467,92 Years,80,27,53,75,26,49,2,0,2,0,0,0,1,0,1,2,1,1
VAN ZANDT COUNTY,467,93 Years,66,21,45,61,20,41,1,0,1,0,0,0,1,0,1,3,1,2
VAN ZANDT COUNTY,467,94 Years,54,18,36,51,17,34,2,0,2,0,0,0,1,1,0,0,0,0
VAN ZANDT COUNTY,467,95 Years +,127,38,89,113,32,81,5,0,5,0,0,0,3,1,2,6,5,1
VICTORIA COUNTY,469,All Ages,91781,45049,46732,39276,19114,20162,5570,2785,2785,1102,503,599,1581,785,796,44252,21862,22390
VICTORIA COUNTY,469,< 1 Year,1195,606,589,356,183,173,77,39,38,15,7,8,46,23,23,701,354,347
VICTORIA COUNTY,469,1 Years,1184,603,581,357,182,175,77,39,38,13,7,6,36,18,18,701,357,344
VICTORIA COUNTY,469,2 Years,1180,601,579,360,184,176,75,38,37,12,6,6,36,18,18,697,355,342
VICTORIA COUNTY,469,3 Years,1219,626,593,354,181,173,69,35,34,10,6,4,44,23,21,742,381,361
VICTORIA COUNTY,469,4 Years,1235,636,599,358,183,175,71,34,37,9,5,4,47,26,21,750,388,362
VICTORIA COUNTY,469,5 Years,1244,643,601,373,190,183,68,34,34,9,5,4,51,28,23,743,386,357
VICTORIA COUNTY,469,6 Years,1289,671,618,402,206,196,71,37,34,10,7,3,53,31,22,753,390,363
VICTORIA COUNTY,469,7 Years,1338,698,640,430,219,211,66,35,31,14,9,5,57,32,25,771,403,368
VICTORIA COUNTY,469,8 Years,1342,693,649,434,223,211,65,33,32,18,9,9,59,30,29,766,398,368
VICTORIA COUNTY,469,9 Years,1321,679,642,436,224,212,65,32,33,18,9,9,54,28,26,748,386,362
VICTORIA COUNTY,469,10 Years,1294,651,643,438,224,214,67,33,34,15,8,7,46,23,23,728,363,365
VICTORIA COUNTY,469,11 Years,1272,638,634,431,218,213,65,32,33,13,6,7,37,19,18,726,363,363
VICTORIA COUNTY,469,12 Years,1248,633,615,408,208,200,66,34,32,11,7,4,30,14,16,733,370,363
VICTORIA COUNTY,469,13 Years,1258,655,603,431,230,201,67,36,31,6,4,2,36,14,22,718,371,347
VICTORIA COUNTY,469,14 Years,1301,683,618,426,226,200,76,39,37,7,2,5,31,14,17,761,402,359
VICTORIA COUNTY,469,15 Years,1298,673,625,426,216,210,78,41,37,14,4,10,22,10,12,758,402,356
VICTORIA COUNTY,469,16 Years,1274,648,626,410,201,209,87,42,45,15,6,9,20,10,10,742,389,353
VICTORIA COUNTY,469,17 Years,1252,637,615,412,208,204,81,37,44,11,6,5,23,10,13,725,376,349
VICTORIA COUNTY,469,18 Years,1232,611,621,403,202,201,81,34,47,10,7,3,24,9,15,714,359,355
VICTORIA COUNTY,469,19 Years,1220,607,613,377,193,184,78,34,44,17,8,9,26,11,15,722,361,361
VICTORIA COUNTY,469,20 Years,1205,605,600,381,195,186,79,37,42,15,9,6,28,14,14,702,350,352
VICTORIA COUNTY,469,21 Years,1239,608,631,399,203,196,85,37,48,18,9,9,23,12,11,714,347,367
VICTORIA COUNTY,469,22 Years,1291,652,639,415,212,203,89,44,45,18,7,11,23,12,11,746,377,369
VICTORIA COUNTY,469,23 Years,1160,595,565,356,198,158,95,50,45,10,4,6,21,11,10,678,332,346
VICTORIA COUNTY,469,24 Years,1149,567,582,365,193,172,88,40,48,23,9,14,28,12,16,645,313,332
VICTORIA COUNTY,469,25 Years,1207,605,602,429,217,212,97,45,52,22,8,14,30,15,15,629,320,309
VICTORIA COUNTY,469,26 Years,1300,661,639,485,247,238,105,57,48,33,11,22,27,14,13,650,332,318
VICTORIA COUNTY,469,27 Years,1348,690,658,528,273,255,102,58,44,23,8,15,26,13,13,669,338,331
VICTORIA COUNTY,469,28 Years,1304,661,643,510,262,248,92,50,42,30,18,12,27,11,16,645,320,325
VICTORIA COUNTY,469,29 Years,1334,671,663,507,254,253,91,51,40,26,14,12,24,9,15,686,343,343
VICTORIA COUNTY,469,30 Years,1336,685,651,541,288,253,89,48,41,15,5,10,19,9,10,672,335,337
VICTORIA COUNTY,469,31 Years,1271,625,646,532,261,271,87,39,48,10,3,7,21,9,12,621,313,308
VICTORIA COUNTY,469,32 Years,1263,624,639,520,246,274,90,47,43,7,2,5,16,8,8,630,321,309
VICTORIA COUNTY,469,33 Years,1309,671,638,530,262,268,82,42,40,18,5,13,9,5,4,670,357,313
VICTORIA COUNTY,469,34 Years,1249,655,594,495,258,237,67,41,26,17,7,10,11,6,5,659,343,316
VICTORIA COUNTY,469,35 Years,1188,628,560,455,245,210,78,46,32,15,6,9,10,4,6,630,327,303
VICTORIA COUNTY,469,36 Years,1165,613,552,453,243,210,71,43,28,17,8,9,8,4,4,616,315,301
VICTORIA COUNTY,469,37 Years,1120,548,572,456,220,236,62,32,30,20,11,9,9,7,2,573,278,295
VICTORIA COUNTY,469,38 Years,1168,575,593,477,224,253,83,42,41,13,6,7,14,8,6,581,295,286
VICTORIA COUNTY,469,39 Years,1207,621,586,472,243,229,72,33,39,19,13,6,16,7,9,628,325,303
VICTORIA COUNTY,469,40 Years,1180,606,574,467,246,221,60,26,34,17,11,6,13,8,5,623,315,308
VICTORIA COUNTY,469,41 Years,1164,569,595,489,240,249,61,30,31,13,7,6,12,7,5,589,285,304
VICTORIA COUNTY,469,42 Years,1139,571,568,466,233,233,67,42,25,15,7,8,11,7,4,580,282,298
VICTORIA COUNTY,469,43 Years,1100,540,560,469,226,243,80,47,33,13,7,6,11,9,2,527,251,276
VICTORIA COUNTY,469,44 Years,1022,487,535,437,202,235,77,45,32,9,4,5,5,5,0,494,231,263
VICTORIA COUNTY,469,45 Years,975,475,500,407,208,199,52,27,25,8,3,5,9,4,5,499,233,266
VICTORIA COUNTY,469,46 Years,991,491,500,406,218,188,55,34,21,10,4,6,11,4,7,509,231,278
VICTORIA COUNTY,469,47 Years,968,479,489,413,218,195,51,29,22,14,6,8,9,2,7,481,224,257
VICTORIA COUNTY,469,48 Years,950,450,500,418,207,211,49,23,26,19,7,12,7,2,5,457,211,246
VICTORIA COUNTY,469,49 Years,970,461,509,447,216,231,54,29,25,16,7,9,7,2,5,446,207,239
VICTORIA COUNTY,469,50 Years,986,481,505,452,220,232,54,30,24,13,6,7,16,5,11,451,220,231
VICTORIA COUNTY,469,51 Years,972,468,504,434,208,226,64,33,31,15,5,10,17,6,11,442,216,226
VICTORIA COUNTY,469,52 Years,970,472,498,447,219,228,61,33,28,14,5,9,7,3,4,441,212,229
VICTORIA COUNTY,469,53 Years,911,439,472,420,205,215,50,25,25,12,4,8,6,3,3,423,202,221
VICTORIA COUNTY,469,54 Years,863,409,454,391,189,202,52,26,26,10,4,6,7,3,4,403,187,216
VICTORIA COUNTY,469,55 Years,878,415,463,411,189,222,52,29,23,11,5,6,7,3,4,397,189,208
VICTORIA COUNTY,469,56 Years,928,458,470,452,219,233,55,35,20,12,5,7,5,3,2,404,196,208
VICTORIA COUNTY,469,57 Years,994,477,517,490,235,255,70,38,32,9,4,5,10,3,7,415,197,218
VICTORIA COUNTY,469,58 Years,1050,512,538,531,254,277,70,35,35,12,7,5,11,3,8,426,213,213
VICTORIA COUNTY,469,59 Years,1067,513,554,555,255,300,66,30,36,12,8,4,14,6,8,420,214,206
VICTORIA COUNTY,469,60 Years,1085,503,582,574,255,319,69,32,37,14,7,7,14,7,7,414,202,212
VICTORIA COUNTY,469,61 Years,1110,529,581,605,286,319,67,30,37,12,6,6,12,6,6,414,201,213
VICTORIA COUNTY,469,62 Years,1094,528,566,610,303,307,67,29,38,10,6,4,8,3,5,399,187,212
VICTORIA COUNTY,469,63 Years,1066,507,559,612,298,314,57,24,33,11,3,8,10,5,5,376,177,199
VICTORIA COUNTY,469,64 Years,1072,512,560,619,292,327,51,26,25,11,4,7,14,6,8,377,184,193
VICTORIA COUNTY,469,65 Years,1041,507,534,580,275,305,52,29,23,22,7,15,11,6,5,376,190,186
VICTORIA COUNTY,469,66 Years,997,481,516,573,269,304,55,27,28,17,5,12,11,7,4,341,173,168
VICTORIA COUNTY,469,67 Years,1023,480,543,592,279,313,66,27,39,18,8,10,13,8,5,334,158,176
VICTORIA COUNTY,469,68 Years,967,449,518,562,264,298,66,31,35,16,7,9,13,9,4,310,138,172
VICTORIA COUNTY,469,69 Years,898,422,476,522,249,273,64,34,30,13,5,8,9,6,3,290,128,162
VICTORIA COUNTY,469,70 Years,868,394,474,510,234,276,59,29,30,12,5,7,4,2,2,283,124,159
VICTORIA COUNTY,469,71 Years,835,394,441,493,234,259,54,24,30,14,7,7,4,2,2,270,127,143
VICTORIA COUNTY,469,72 Years,817,375,442,483,226,257,47,18,29,12,6,6,6,4,2,269,121,148
VICTORIA COUNTY,469,73 Years,820,368,452,493,216,277,47,18,29,5,2,3,10,6,4,265,126,139
VICTORIA COUNTY,469,74 Years,799,356,443,492,217,275,52,20,32,3,1,2,10,4,6,242,114,128
VICTORIA COUNTY,469,75 Years,761,333,428,473,209,264,40,15,25,6,3,3,9,5,4,233,101,132
VICTORIA COUNTY,469,76 Years,680,313,367,407,191,216,32,15,17,4,2,2,8,5,3,229,100,129
VICTORIA COUNTY,469,77 Years,597,275,322,356,166,190,28,14,14,4,1,3,6,4,2,203,90,113
VICTORIA COUNTY,469,78 Years,560,245,315,360,159,201,25,12,13,3,0,3,5,3,2,167,71,96
VICTORIA COUNTY,469,79 Years,527,242,285,343,164,179,24,12,12,3,1,2,2,1,1,155,64,91
VICTORIA COUNTY,469,80 Years,486,218,268,326,149,177,23,11,12,1,1,0,3,1,2,133,56,77
VICTORIA COUNTY,469,81 Years,438,195,243,296,134,162,19,9,10,2,2,0,1,0,1,120,50,70
VICTORIA COUNTY,469,82 Years,395,171,224,261,114,147,16,7,9,4,2,2,3,1,2,111,47,64
VICTORIA COUNTY,469,83 Years,371,150,221,234,96,138,18,7,11,2,1,1,5,3,2,112,43,69
VICTORIA COUNTY,469,84 Years,335,135,200,210,88,122,15,5,10,1,0,1,5,2,3,104,40,64
VICTORIA COUNTY,469,85 Years,298,118,180,193,78,115,12,6,6,1,1,0,4,1,3,88,32,56
VICTORIA COUNTY,469,86 Years,265,105,160,174,72,102,11,5,6,1,1,0,3,1,2,76,26,50
VICTORIA COUNTY,469,87 Years,253,98,155,169,64,105,10,4,6,2,1,1,2,1,1,70,28,42
VICTORIA COUNTY,469,88 Years,220,81,139,142,50,92,11,3,8,2,1,1,3,2,1,62,25,37
VICTORIA COUNTY,469,89 Years,196,70,126,130,47,83,9,3,6,1,0,1,2,1,1,54,19,35
VICTORIA COUNTY,469,90 Years,183,64,119,125,45,80,8,2,6,1,0,1,1,1,0,48,16,32
VICTORIA COUNTY,469,91 Years,148,51,97,103,35,68,8,2,6,1,0,1,1,1,0,35,13,22
VICTORIA COUNTY,469,92 Years,116,36,80,80,25,55,5,1,4,1,0,1,1,0,1,29,10,19
VICTORIA COUNTY,469,93 Years,93,31,62,63,21,42,5,1,4,1,0,1,2,1,1,22,8,14
VICTORIA COUNTY,469,94 Years,78,25,53,54,18,36,5,1,4,0,0,0,2,1,1,17,5,12
VICTORIA COUNTY,469,95 Years +,202,63,139,127,40,87,19,6,13,1,0,1,1,0,1,54,17,37
WALKER COUNTY,471,All Ages,80890,46492,34398,43009,23351,19658,18856,11935,6921,910,454,456,1804,980,824,16311,9772,6539
WALKER COUNTY,471,< 1 Year,1014,521,493,469,243,226,197,99,98,9,5,4,57,28,29,282,146,136
WALKER COUNTY,471,1 Years,1071,547,524,494,252,242,214,110,104,9,5,4,49,25,24,305,155,150
WALKER COUNTY,471,2 Years,999,509,490,460,235,225,199,101,98,9,5,4,46,23,23,285,145,140
WALKER COUNTY,471,3 Years,701,370,331,314,164,150,144,73,71,6,3,3,30,16,14,207,114,93
WALKER COUNTY,471,4 Years,614,330,284,267,144,123,136,68,68,4,1,3,29,14,15,178,103,75
WALKER COUNTY,471,5 Years,631,336,295,269,145,124,144,72,72,5,2,3,31,14,17,182,103,79
WALKER COUNTY,471,6 Years,664,345,319,274,146,128,155,79,76,6,2,4,40,14,26,189,104,85
WALKER COUNTY,471,7 Years,697,356,341,284,148,136,154,80,74,7,2,5,46,18,28,206,108,98
WALKER COUNTY,471,8 Years,654,337,317,285,151,134,137,70,67,9,5,4,39,21,18,184,90,94
WALKER COUNTY,471,9 Years,622,324,298,278,149,129,122,63,59,8,4,4,36,21,15,178,87,91
WALKER COUNTY,471,10 Years,606,308,298,273,144,129,116,59,57,7,3,4,34,20,14,176,82,94
WALKER COUNTY,471,11 Years,599,310,289,272,144,128,117,64,53,6,3,3,27,16,11,177,83,94
WALKER COUNTY,471,12 Years,657,349,308,296,155,141,136,69,67,7,3,4,26,17,9,192,105,87
WALKER COUNTY,471,13 Years,637,339,298,289,154,135,139,70,69,8,2,6,20,10,10,181,103,78
WALKER COUNTY,471,14 Years,612,316,296,278,146,132,125,63,62,7,3,4,26,14,12,176,90,86
WALKER COUNTY,471,15 Years,670,360,310,273,137,136,164,100,64,7,4,3,32,22,10,194,97,97
WALKER COUNTY,471,16 Years,683,378,305,270,146,124,170,98,72,7,3,4,43,27,16,193,104,89
WALKER COUNTY,471,17 Years,741,413,328,282,145,137,200,123,77,5,4,1,36,20,16,218,121,97
WALKER COUNTY,471,18 Years,938,451,487,409,187,222,241,113,128,6,4,2,26,14,12,256,133,123
WALKER COUNTY,471,19 Years,1240,585,655,552,251,301,305,138,167,16,9,7,32,17,15,335,170,165
WALKER COUNTY,471,20 Years,1350,718,632,575,261,314,387,242,145,18,13,5,58,33,25,312,169,143
WALKER COUNTY,471,21 Years,1831,934,897,860,384,476,479,261,218,26,19,7,46,24,22,420,246,174
WALKER COUNTY,471,22 Years,2358,1164,1194,1092,497,595,581,290,291,62,36,26,68,33,35,555,308,247
WALKER COUNTY,471,23 Years,2773,1269,1504,1492,674,818,571,264,307,52,25,27,62,27,35,596,279,317
WALKER COUNTY,471,24 Years,2857,1345,1512,1655,782,873,568,258,310,47,26,21,56,25,31,531,254,277
WALKER COUNTY,471,25 Years,2600,1353,1247,1463,742,721,537,275,262,40,21,19,43,15,28,517,300,217
WALKER COUNTY,471,26 Years,2161,1153,1008,1190,601,589,454,267,187,33,15,18,46,23,23,438,247,191
WALKER COUNTY,471,27 Years,1835,1036,799,921,482,439,459,280,179,31,16,15,31,17,14,393,241,152
WALKER COUNTY,471,28 Years,1308,803,505,529,316,213,415,260,155,11,6,5,23,12,11,330,209,121
WALKER COUNTY,471,29 Years,1173,751,422,442,281,161,361,238,123,11,6,5,22,15,7,337,211,126
WALKER COUNTY,471,30 Years,1074,714,360,376,234,142,332,238,94,14,8,6,24,11,13,328,223,105
WALKER COUNTY,471,31 Years,1082,742,340,499,302,197,327,268,59,10,4,6,22,4,18,224,164,60
WALKER COUNTY,471,32 Years,1099,775,324,602,364,238,287,252,35,7,2,5,18,10,8,185,147,38
WALKER COUNTY,471,33 Years,938,641,297,486,288,198,253,212,41,12,7,5,19,10,9,168,124,44
WALKER COUNTY,471,34 Years,989,683,306,444,282,162,288,233,55,15,6,9,22,17,5,220,145,75
WALKER COUNTY,471,35 Years,870,616,254,365,245,120,276,204,72,9,3,6,13,12,1,207,152,55
WALKER COUNTY,471,36 Years,795,606,189,282,193,89,271,219,52,6,2,4,14,10,4,222,182,40
WALKER COUNTY,471,37 Years,953,693,260,412,267,145,279,223,56,4,2,2,10,6,4,248,195,53
WALKER COUNTY,471,38 Years,1035,697,338,492,305,187,301,222,79,11,6,5,16,9,7,215,155,60
WALKER COUNTY,471,39 Years,1013,700,313,461,292,169,308,229,79,15,7,8,14,7,7,215,165,50
WALKER COUNTY,471,40 Years,1052,756,296,461,294,167,307,243,64,11,5,6,16,10,6,257,204,53
WALKER COUNTY,471,41 Years,989,693,296,454,283,171,290,223,67,11,6,5,18,14,4,216,167,49
WALKER COUNTY,471,42 Years,995,693,302,434,272,162,300,238,62,13,6,7,4,2,2,244,175,69
WALKER COUNTY,471,43 Years,1073,762,311,502,332,170,337,265,72,10,3,7,21,17,4,203,145,58
WALKER COUNTY,471,44 Years,1046,771,275,475,325,150,338,269,69,11,7,4,15,11,4,207,159,48
WALKER COUNTY,471,45 Years,1102,804,298,464,316,148,346,287,59,9,6,3,14,10,4,269,185,84
WALKER COUNTY,471,46 Years,1051,756,295,466,308,158,322,268,54,13,7,6,17,14,3,233,159,74
WALKER COUNTY,471,47 Years,1024,750,274,466,310,156,321,262,59,15,6,9,20,17,3,202,155,47
WALKER COUNTY,471,48 Years,1061,777,284,489,328,161,318,248,70,9,3,6,28,17,11,217,181,36
WALKER COUNTY,471,49 Years,1052,755,297,514,345,169,309,245,64,9,5,4,14,8,6,206,152,54
WALKER COUNTY,471,50 Years,1058,741,317,517,331,186,293,237,56,10,5,5,16,10,6,222,158,64
WALKER COUNTY,471,51 Years,1150,801,349,606,388,218,320,260,60,10,5,5,16,9,7,198,139,59
WALKER COUNTY,471,52 Years,1076,733,343,602,401,201,259,191,68,11,6,5,10,4,6,194,131,63
WALKER COUNTY,471,53 Years,1019,677,342,565,356,209,245,184,61,11,6,5,10,7,3,188,124,64
WALKER COUNTY,471,54 Years,972,656,316,534,337,197,252,192,60,12,7,5,6,4,2,168,116,52
WALKER COUNTY,471,55 Years,882,586,296,523,331,192,213,156,57,8,5,3,9,6,3,129,88,41
WALKER COUNTY,471,56 Years,901,553,348,520,320,200,199,128,71,3,1,2,14,9,5,165,95,70
WALKER COUNTY,471,57 Years,940,575,365,549,340,209,217,141,76,4,1,3,16,11,5,154,82,72
WALKER COUNTY,471,58 Years,869,491,378,535,298,237,177,114,63,7,1,6,15,9,6,135,69,66
WALKER COUNTY,471,59 Years,819,429,390,524,274,250,155,93,62,9,3,6,11,7,4,120,52,68
WALKER COUNTY,471,60 Years,812,440,372,516,274,242,150,83,67,6,2,4,12,10,2,128,71,57
WALKER COUNTY,471,61 Years,804,411,393,545,289,256,141,70,71,8,4,4,9,7,2,101,41,60
WALKER COUNTY,471,62 Years,872,453,419,567,297,270,165,91,74,9,5,4,11,7,4,120,53,67
WALKER COUNTY,471,63 Years,837,453,384,569,307,262,161,95,66,7,2,5,12,8,4,88,41,47
WALKER COUNTY,471,64 Years,764,402,362,533,281,252,137,71,66,9,3,6,9,9,0,76,38,38
WALKER COUNTY,471,65 Years,654,301,353,509,267,242,86,20,66,9,3,6,7,0,7,43,11,32
WALKER COUNTY,471,66 Years,641,288,353,502,251,251,82,21,61,12,6,6,7,0,7,38,10,28
WALKER COUNTY,471,67 Years,707,314,393,511,252,259,85,24,61,10,5,5,10,0,10,91,33,58
WALKER COUNTY,471,68 Years,740,373,367,520,265,255,107,54,53,6,4,2,10,2,8,97,48,49
WALKER COUNTY,471,69 Years,736,370,366,540,257,283,107,62,45,5,2,3,10,3,7,74,46,28
WALKER COUNTY,471,70 Years,694,356,338,509,256,253,107,55,52,7,2,5,8,3,5,63,40,23
WALKER COUNTY,471,71 Years,647,321,326,493,243,250,87,42,45,4,1,3,8,3,5,55,32,23
WALKER COUNTY,471,72 Years,674,336,338,489,241,248,92,49,43,4,2,2,6,2,4,83,42,41
WALKER COUNTY,471,73 Years,621,321,300,471,243,228,81,42,39,4,4,0,6,4,2,59,28,31
WALKER COUNTY,471,74 Years,575,302,273,456,235,221,70,37,33,3,3,0,7,4,3,39,23,16
WALKER COUNTY,471,75 Years,550,288,262,440,229,211,62,32,30,5,2,3,5,4,1,38,21,17
WALKER COUNTY,471,76 Years,464,218,246,363,174,189,57,23,34,6,1,5,4,4,0,34,16,18
WALKER COUNTY,471,77 Years,433,211,222,333,165,168,57,26,31,6,1,5,6,3,3,31,16,15
WALKER COUNTY,471,78 Years,389,175,214,303,138,165,57,24,33,2,1,1,5,2,3,22,10,12
WALKER COUNTY,471,79 Years,388,166,222,310,130,180,56,22,34,1,1,0,5,3,2,16,10,6
WALKER COUNTY,471,80 Years,370,156,214,295,123,172,57,22,35,2,1,1,4,2,2,12,8,4
WALKER COUNTY,471,81 Years,330,134,196,266,111,155,43,13,30,3,1,2,4,2,2,14,7,7
WALKER COUNTY,471,82 Years,303,132,171,242,110,132,40,14,26,2,1,1,4,2,2,15,5,10
WALKER COUNTY,471,83 Years,248,109,139,201,95,106,31,9,22,0,0,0,3,1,2,13,4,9
WALKER COUNTY,471,84 Years,212,87,125,173,74,99,25,8,17,0,0,0,1,1,0,13,4,9
WALKER COUNTY,471,85 Years,185,69,116,146,59,87,22,5,17,0,0,0,2,1,1,15,4,11
WALKER COUNTY,471,86 Years,160,69,91,129,59,70,18,5,13,0,0,0,2,1,1,11,4,7
WALKER COUNTY,471,87 Years,152,60,92,121,51,70,23,4,19,0,0,0,1,1,0,7,4,3
WALKER COUNTY,471,88 Years,129,53,76,106,48,58,19,4,15,0,0,0,0,0,0,4,1,3
WALKER COUNTY,471,89 Years,102,43,59,86,39,47,11,2,9,0,0,0,1,1,0,4,1,3
WALKER COUNTY,471,90 Years,84,32,52,71,28,43,9,3,6,0,0,0,0,0,0,4,1,3
WALKER COUNTY,471,91 Years,78,27,51,64,23,41,9,2,7,1,1,0,0,0,0,4,1,3
WALKER COUNTY,471,92 Years,65,23,42,52,18,34,7,2,5,0,0,0,2,2,0,4,1,3
WALKER COUNTY,471,93 Years,52,18,34,43,15,28,4,1,3,0,0,0,1,1,0,4,1,3
WALKER COUNTY,471,94 Years,42,15,27,35,13,22,5,2,3,0,0,0,0,0,0,2,0,2
WALKER COUNTY,471,95 Years +,101,30,71,74,24,50,19,5,14,1,0,1,0,0,0,7,1,6
WALLER COUNTY,473,All Ages,63614,31571,32043,26704,13165,13539,15340,7367,7973,358,175,183,1026,533,493,20186,10331,9855
WALLER COUNTY,473,< 1 Year,791,404,387,230,118,112,166,84,82,16,8,8,47,23,24,332,171,161
WALLER COUNTY,473,1 Years,678,346,332,205,104,101,161,82,79,5,3,2,21,11,10,286,146,140
WALLER COUNTY,473,2 Years,650,332,318,208,106,102,140,72,68,4,2,2,19,9,10,279,143,136
WALLER COUNTY,473,3 Years,749,390,359,236,126,110,114,60,54,5,3,2,26,12,14,368,189,179
WALLER COUNTY,473,4 Years,805,419,386,258,137,121,111,56,55,7,5,2,29,15,14,400,206,194
WALLER COUNTY,473,5 Years,803,406,397,268,138,130,113,55,58,4,1,3,27,13,14,391,199,192
WALLER COUNTY,473,6 Years,800,411,389,277,145,132,116,54,62,3,0,3,24,13,11,380,199,181
WALLER COUNTY,473,7 Years,813,425,388,286,146,140,110,53,57,2,2,0,22,12,10,393,212,181
WALLER COUNTY,473,8 Years,825,422,403,302,148,154,102,52,50,4,2,2,26,15,11,391,205,186
WALLER COUNTY,473,9 Years,844,418,426,301,144,157,112,55,57,5,3,2,27,16,11,399,200,199
WALLER COUNTY,473,10 Years,824,399,425,286,136,150,130,63,67,4,2,2,25,14,11,379,184,195
WALLER COUNTY,473,11 Years,820,402,418,282,142,140,143,70,73,4,2,2,20,9,11,371,179,192
WALLER COUNTY,473,12 Years,874,450,424,313,166,147,140,72,68,4,2,2,20,8,12,397,202,195
WALLER COUNTY,473,13 Years,885,461,424,327,174,153,125,70,55,5,2,3,22,10,12,406,205,201
WALLER COUNTY,473,14 Years,901,472,429,313,167,146,133,71,62,3,0,3,18,10,8,434,224,210
WALLER COUNTY,473,15 Years,921,463,458,347,161,186,113,64,49,1,1,0,18,13,5,442,224,218
WALLER COUNTY,473,16 Years,911,471,440,344,178,166,113,64,49,1,1,0,26,14,12,427,214,213
WALLER COUNTY,473,17 Years,949,461,488,352,172,180,152,69,83,5,3,2,16,8,8,424,209,215
WALLER COUNTY,473,18 Years,1501,671,830,310,145,165,717,293,424,4,2,2,24,6,18,446,225,221
WALLER COUNTY,473,19 Years,1919,862,1057,297,149,148,1149,476,673,3,1,2,27,10,17,443,226,217
WALLER COUNTY,473,20 Years,1720,797,923,300,160,140,963,405,558,3,1,2,17,4,13,437,227,210
WALLER COUNTY,473,21 Years,1851,906,945,361,198,163,1014,452,562,4,2,2,28,14,14,444,240,204
WALLER COUNTY,473,22 Years,1750,821,929,353,174,179,940,427,513,4,1,3,17,9,8,436,210,226
WALLER COUNTY,473,23 Years,2015,937,1078,380,168,212,1147,538,609,1,0,1,23,16,7,464,215,249
WALLER COUNTY,473,24 Years,1882,948,934,404,195,209,987,507,480,3,0,3,27,21,6,461,225,236
WALLER COUNTY,473,25 Years,1544,810,734,422,191,231,668,390,278,17,14,3,25,15,10,412,200,212
WALLER COUNTY,473,26 Years,1231,614,617,418,178,240,460,261,199,15,11,4,20,14,6,318,150,168
WALLER COUNTY,473,27 Years,1013,530,483,405,191,214,316,196,120,6,4,2,23,13,10,263,126,137
WALLER COUNTY,473,28 Years,780,421,359,306,156,150,233,141,92,1,1,0,9,6,3,231,117,114
WALLER COUNTY,473,29 Years,666,367,299,252,134,118,189,119,70,3,2,1,7,3,4,215,109,106
WALLER COUNTY,473,30 Years,603,324,279,248,131,117,123,69,54,2,1,1,10,6,4,220,117,103
WALLER COUNTY,473,31 Years,574,308,266,245,129,116,109,60,49,3,2,1,8,5,3,209,112,97
WALLER COUNTY,473,32 Years,578,305,273,245,127,118,114,60,54,12,4,8,6,3,3,201,111,90
WALLER COUNTY,473,33 Years,619,323,296,302,161,141,85,46,39,9,2,7,12,4,8,211,110,101
WALLER COUNTY,473,34 Years,549,277,272,271,131,140,66,34,32,5,1,4,8,3,5,199,108,91
WALLER COUNTY,473,35 Years,526,278,248,254,122,132,59,31,28,7,5,2,6,3,3,200,117,83
WALLER COUNTY,473,36 Years,545,286,259,267,133,134,61,36,25,4,4,0,7,4,3,206,109,97
WALLER COUNTY,473,37 Years,597,294,303,284,143,141,66,29,37,4,2,2,4,3,1,239,117,122
WALLER COUNTY,473,38 Years,702,338,364,344,172,172,84,29,55,6,1,5,10,6,4,258,130,128
WALLER COUNTY,473,39 Years,702,348,354,347,179,168,79,25,54,6,2,4,9,4,5,261,138,123
WALLER COUNTY,473,40 Years,725,351,374,340,159,181,90,36,54,10,5,5,8,6,2,277,145,132
WALLER COUNTY,473,41 Years,732,342,390,345,153,192,92,41,51,10,5,5,7,6,1,278,137,141
WALLER COUNTY,473,42 Years,738,369,369,350,171,179,103,51,52,9,5,4,9,5,4,267,137,130
WALLER COUNTY,473,43 Years,710,354,356,344,158,186,103,53,50,7,4,3,5,1,4,251,138,113
WALLER COUNTY,473,44 Years,671,327,344,331,158,173,70,29,41,4,3,1,7,3,4,259,134,125
WALLER COUNTY,473,45 Years,638,330,308,301,162,139,77,31,46,3,3,0,5,4,1,252,130,122
WALLER COUNTY,473,46 Years,612,340,272,268,156,112,94,47,47,9,3,6,5,3,2,236,131,105
WALLER COUNTY,473,47 Years,657,362,295,297,160,137,88,50,38,7,3,4,13,9,4,252,140,112
WALLER COUNTY,473,48 Years,665,341,324,329,169,160,80,41,39,3,2,1,6,4,2,247,125,122
WALLER COUNTY,473,49 Years,613,301,312,305,154,151,87,38,49,0,0,0,4,2,2,217,107,110
WALLER COUNTY,473,50 Years,628,300,328,320,156,164,75,33,42,5,0,5,4,2,2,224,109,115
WALLER COUNTY,473,51 Years,656,330,326,361,185,176,68,33,35,7,3,4,5,3,2,215,106,109
WALLER COUNTY,473,52 Years,660,347,313,351,180,171,73,36,37,5,3,2,6,4,2,225,124,101
WALLER COUNTY,473,53 Years,663,337,326,358,179,179,76,40,36,4,2,2,7,5,2,218,111,107
WALLER COUNTY,473,54 Years,633,323,310,339,179,160,82,46,36,3,1,2,7,3,4,202,94,108
WALLER COUNTY,473,55 Years,579,273,306,331,153,178,60,37,23,3,1,2,5,2,3,180,80,100
WALLER COUNTY,473,56 Years,595,288,307,341,167,174,73,35,38,3,1,2,3,1,2,175,84,91
WALLER COUNTY,473,57 Years,630,323,307,355,182,173,78,39,39,4,2,2,5,1,4,188,99,89
WALLER COUNTY,473,58 Years,696,345,351,398,201,197,85,34,51,2,1,1,11,2,9,200,107,93
WALLER COUNTY,473,59 Years,720,358,362,422,206,216,87,39,48,3,1,2,9,4,5,199,108,91
WALLER COUNTY,473,60 Years,672,323,349,399,185,214,89,40,49,2,1,1,7,2,5,175,95,80
WALLER COUNTY,473,61 Years,684,331,353,418,204,214,97,43,54,4,1,3,9,3,6,156,80,76
WALLER COUNTY,473,62 Years,700,335,365,438,206,232,107,48,59,5,1,4,6,4,2,144,76,68
WALLER COUNTY,473,63 Years,701,348,353,447,217,230,114,56,58,4,1,3,8,4,4,128,70,58
WALLER COUNTY,473,64 Years,698,357,341,450,226,224,104,46,58,4,1,3,9,5,4,131,79,52
WALLER COUNTY,473,65 Years,639,317,322,406,204,202,98,38,60,3,1,2,9,5,4,123,69,54
WALLER COUNTY,473,66 Years,587,294,293,369,185,184,95,47,48,3,2,1,6,3,3,114,57,57
WALLER COUNTY,473,67 Years,612,304,308,393,196,197,96,48,48,2,1,1,7,2,5,114,57,57
WALLER COUNTY,473,68 Years,538,267,271,357,170,187,81,44,37,3,1,2,8,4,4,89,48,41
WALLER COUNTY,473,69 Years,507,262,245,346,170,176,67,38,29,1,1,0,7,4,3,86,49,37
WALLER COUNTY,473,70 Years,499,256,243,340,169,171,72,38,34,2,2,0,6,2,4,79,45,34
WALLER COUNTY,473,71 Years,457,237,220,319,163,156,67,30,37,2,1,1,5,3,2,64,40,24
WALLER COUNTY,473,72 Years,421,198,223,299,140,159,59,23,36,3,1,2,4,2,2,56,32,24
WALLER COUNTY,473,73 Years,389,171,218,265,118,147,64,22,42,2,1,1,3,1,2,55,29,26
WALLER COUNTY,473,74 Years,370,169,201,257,123,134,56,19,37,2,1,1,2,0,2,53,26,27
WALLER COUNTY,473,75 Years,345,159,186,239,114,125,50,18,32,2,1,1,4,1,3,50,25,25
WALLER COUNTY,473,76 Years,314,143,171,213,99,114,46,17,29,2,1,1,4,1,3,49,25,24
WALLER COUNTY,473,77 Years,299,137,162,210,96,114,46,19,27,0,0,0,3,1,2,40,21,19
WALLER COUNTY,473,78 Years,305,142,163,219,102,117,42,21,21,1,0,1,4,3,1,39,16,23
WALLER COUNTY,473,79 Years,271,132,139,201,96,105,32,15,17,1,0,1,4,4,0,33,17,16
WALLER COUNTY,473,80 Years,242,120,122,186,89,97,29,14,15,1,1,0,3,3,0,23,13,10
WALLER COUNTY,473,81 Years,212,103,109,159,75,84,28,14,14,2,1,1,2,2,0,21,11,10
WALLER COUNTY,473,82 Years,173,82,91,121,55,66,31,16,15,1,1,0,2,1,1,18,9,9
WALLER COUNTY,473,83 Years,143,61,82,103,40,63,22,12,10,1,0,1,2,1,1,15,8,7
WALLER COUNTY,473,84 Years,135,60,75,98,42,56,22,10,12,0,0,0,1,0,1,14,8,6
WALLER COUNTY,473,85 Years,119,55,64,83,40,43,23,9,14,0,0,0,1,1,0,12,5,7
WALLER COUNTY,473,86 Years,108,43,65,73,30,43,23,8,15,0,0,0,1,1,0,11,4,7
WALLER COUNTY,473,87 Years,92,32,60,63,24,39,19,5,14,0,0,0,2,0,2,8,3,5
WALLER COUNTY,473,88 Years,71,28,43,48,21,27,15,4,11,0,0,0,0,0,0,8,3,5
WALLER COUNTY,473,89 Years,66,28,38,45,21,24,15,5,10,0,0,0,0,0,0,6,2,4
WALLER COUNTY,473,90 Years,66,29,37,45,21,24,15,6,9,0,0,0,0,0,0,6,2,4
WALLER COUNTY,473,91 Years,59,22,37,40,16,24,12,3,9,0,0,0,1,1,0,6,2,4
WALLER COUNTY,473,92 Years,49,18,31,30,11,19,11,3,8,0,0,0,1,1,0,7,3,4
WALLER COUNTY,473,93 Years,36,14,22,24,10,14,8,3,5,0,0,0,1,0,1,3,1,2
WALLER COUNTY,473,94 Years,23,8,15,16,6,10,4,1,3,0,0,0,0,0,0,3,1,2
WALLER COUNTY,473,95 Years +,81,28,53,49,18,31,17,5,12,0,0,0,3,1,2,12,4,8
WARD COUNTY,475,All Ages,11518,5919,5599,4141,2093,2048,490,256,234,24,16,8,161,81,80,6702,3473,3229
WARD COUNTY,475,< 1 Year,168,83,85,48,22,26,6,3,3,0,0,0,5,2,3,109,56,53
WARD COUNTY,475,1 Years,162,81,81,45,22,23,6,3,3,0,0,0,4,2,2,107,54,53
WARD COUNTY,475,2 Years,162,82,80,46,23,23,5,2,3,0,0,0,4,2,2,107,55,52
WARD COUNTY,475,3 Years,193,100,93,56,32,24,8,4,4,0,0,0,5,2,3,124,62,62
WARD COUNTY,475,4 Years,198,103,95,57,32,25,9,4,5,0,0,0,5,2,3,127,65,62
WARD COUNTY,475,5 Years,188,99,89,55,27,28,7,4,3,0,0,0,3,3,0,123,65,58
WARD COUNTY,475,6 Years,189,94,95,56,26,30,6,3,3,0,0,0,5,2,3,122,63,59
WARD COUNTY,475,7 Years,200,102,98,59,29,30,9,4,5,0,0,0,6,3,3,126,66,60
WARD COUNTY,475,8 Years,204,105,99,63,34,29,10,5,5,0,0,0,3,1,2,128,65,63
WARD COUNTY,475,9 Years,205,109,96,63,35,28,8,4,4,0,0,0,3,1,2,131,69,62
WARD COUNTY,475,10 Years,202,107,95,66,36,30,9,6,3,0,0,0,3,1,2,124,64,60
WARD COUNTY,475,11 Years,186,87,99,63,32,31,9,4,5,0,0,0,4,1,3,110,50,60
WARD COUNTY,475,12 Years,170,87,83,57,28,29,10,4,6,1,1,0,3,1,2,99,53,46
WARD COUNTY,475,13 Years,177,94,83,52,24,28,12,5,7,1,1,0,2,1,1,110,63,47
WARD COUNTY,475,14 Years,187,100,87,51,28,23,11,5,6,1,1,0,3,2,1,121,64,57
WARD COUNTY,475,15 Years,184,94,90,60,33,27,12,6,6,1,1,0,1,0,1,110,54,56
WARD COUNTY,475,16 Years,183,88,95,67,36,31,10,5,5,0,0,0,2,0,2,104,47,57
WARD COUNTY,475,17 Years,182,86,96,62,32,30,10,4,6,0,0,0,1,0,1,109,50,59
WARD COUNTY,475,18 Years,181,91,90,57,30,27,7,2,5,0,0,0,2,0,2,115,59,56
WARD COUNTY,475,19 Years,178,92,86,51,28,23,3,2,1,0,0,0,2,1,1,122,61,61
WARD COUNTY,475,20 Years,168,85,83,46,24,22,5,2,3,0,0,0,2,1,1,115,58,57
WARD COUNTY,475,21 Years,161,89,72,37,19,18,6,2,4,1,1,0,1,0,1,116,67,49
WARD COUNTY,475,22 Years,147,81,66,40,22,18,6,2,4,0,0,0,2,1,1,99,56,43
WARD COUNTY,475,23 Years,122,59,63,39,19,20,6,2,4,0,0,0,3,1,2,74,37,37
WARD COUNTY,475,24 Years,122,68,54,32,17,15,6,3,3,0,0,0,2,1,1,82,47,35
WARD COUNTY,475,25 Years,139,78,61,44,24,20,6,3,3,1,0,1,2,2,0,86,49,37
WARD COUNTY,475,26 Years,149,81,68,47,23,24,5,3,2,1,0,1,3,3,0,93,52,41
WARD COUNTY,475,27 Years,151,83,68,52,28,24,6,3,3,0,0,0,2,1,1,91,51,40
WARD COUNTY,475,28 Years,154,80,74,54,29,25,6,3,3,0,0,0,3,2,1,91,46,45
WARD COUNTY,475,29 Years,173,94,79,57,31,26,5,3,2,0,0,0,4,2,2,107,58,49
WARD COUNTY,475,30 Years,179,97,82,66,33,33,4,3,1,0,0,0,2,0,2,107,61,46
WARD COUNTY,475,31 Years,143,76,67,54,29,25,5,1,4,0,0,0,1,0,1,83,46,37
WARD COUNTY,475,32 Years,155,89,66,53,37,16,7,1,6,0,0,0,3,2,1,92,49,43
WARD COUNTY,475,33 Years,185,107,78,56,33,23,10,6,4,0,0,0,2,1,1,117,67,50
WARD COUNTY,475,34 Years,168,92,76,54,25,29,8,6,2,2,2,0,2,1,1,102,58,44
WARD COUNTY,475,35 Years,147,82,65,50,23,27,8,7,1,0,0,0,3,1,2,86,51,35
WARD COUNTY,475,36 Years,144,78,66,48,24,24,7,4,3,0,0,0,1,1,0,88,49,39
WARD COUNTY,475,37 Years,145,75,70,51,27,24,10,5,5,0,0,0,2,1,1,82,42,40
WARD COUNTY,475,38 Years,159,81,78,56,28,28,9,7,2,0,0,0,2,1,1,92,45,47
WARD COUNTY,475,39 Years,170,83,87,67,32,35,7,5,2,1,0,1,1,0,1,94,46,48
WARD COUNTY,475,40 Years,172,87,85,70,37,33,3,2,1,1,0,1,1,0,1,97,48,49
WARD COUNTY,475,41 Years,178,93,85,65,35,30,7,3,4,3,2,1,3,2,1,100,51,49
WARD COUNTY,475,42 Years,168,91,77,54,30,24,12,7,5,0,0,0,3,2,1,99,52,47
WARD COUNTY,475,43 Years,147,89,58,49,30,19,7,5,2,0,0,0,2,1,1,89,53,36
WARD COUNTY,475,44 Years,125,75,50,48,27,21,4,3,1,0,0,0,1,1,0,72,44,28
WARD COUNTY,475,45 Years,120,69,51,49,30,19,4,3,1,0,0,0,2,1,1,65,35,30
WARD COUNTY,475,46 Years,133,69,64,48,27,21,4,3,1,0,0,0,1,0,1,80,39,41
WARD COUNTY,475,47 Years,124,67,57,42,20,22,3,2,1,0,0,0,1,0,1,78,45,33
WARD COUNTY,475,48 Years,116,61,55,38,16,22,4,2,2,1,1,0,1,0,1,72,42,30
WARD COUNTY,475,49 Years,123,60,63,41,18,23,4,1,3,1,1,0,1,1,0,76,39,37
WARD COUNTY,475,50 Years,115,56,59,41,19,22,2,0,2,1,0,1,0,0,0,71,37,34
WARD COUNTY,475,51 Years,125,68,57,51,26,25,5,4,1,0,0,0,1,1,0,68,37,31
WARD COUNTY,475,52 Years,120,66,54,47,26,21,5,4,1,0,0,0,0,0,0,68,36,32
WARD COUNTY,475,53 Years,110,56,54,42,20,22,3,2,1,0,0,0,1,1,0,64,33,31
WARD COUNTY,475,54 Years,114,60,54,42,22,20,5,4,1,0,0,0,1,1,0,66,33,33
WARD COUNTY,475,55 Years,112,64,48,46,26,20,6,5,1,0,0,0,1,1,0,59,32,27
WARD COUNTY,475,56 Years,119,68,51,48,27,21,6,4,2,1,1,0,2,2,0,62,34,28
WARD COUNTY,475,57 Years,128,70,58,49,27,22,9,6,3,0,0,0,2,2,0,68,35,33
WARD COUNTY,475,58 Years,124,57,67,47,23,24,7,5,2,0,0,0,2,1,1,68,28,40
WARD COUNTY,475,59 Years,129,62,67,53,26,27,6,4,2,0,0,0,1,1,0,69,31,38
WARD COUNTY,475,60 Years,123,63,60,56,26,30,6,4,2,0,0,0,1,1,0,60,32,28
WARD COUNTY,475,61 Years,122,66,56,53,27,26,5,4,1,0,0,0,2,1,1,62,34,28
WARD COUNTY,475,62 Years,121,62,59,54,28,26,4,2,2,0,0,0,2,1,1,61,31,30
WARD COUNTY,475,63 Years,124,60,64,56,27,29,4,2,2,0,0,0,1,1,0,63,30,33
WARD COUNTY,475,64 Years,119,57,62,50,26,24,5,2,3,0,0,0,2,1,1,62,28,34
WARD COUNTY,475,65 Years,110,56,54,50,26,24,3,1,2,1,1,0,2,1,1,54,27,27
WARD COUNTY,475,66 Years,105,50,55,52,25,27,3,1,2,0,0,0,2,1,1,48,23,25
WARD COUNTY,475,67 Years,107,51,56,52,25,27,5,1,4,0,0,0,2,1,1,48,24,24
WARD COUNTY,475,68 Years,84,40,44,42,20,22,5,1,4,0,0,0,2,1,1,35,18,17
WARD COUNTY,475,69 Years,74,34,40,37,17,20,3,1,2,1,1,0,1,0,1,32,15,17
WARD COUNTY,475,70 Years,73,38,35,33,17,16,4,2,2,1,1,0,1,0,1,34,18,16
WARD COUNTY,475,71 Years,76,33,43,31,11,20,4,2,2,0,0,0,1,1,0,40,19,21
WARD COUNTY,475,72 Years,77,34,43,36,15,21,3,1,2,1,0,1,1,1,0,36,17,19
WARD COUNTY,475,73 Years,78,36,42,36,17,19,1,1,0,1,0,1,0,0,0,40,18,22
WARD COUNTY,475,74 Years,78,32,46,38,16,22,2,1,1,0,0,0,0,0,0,38,15,23
WARD COUNTY,475,75 Years,72,30,42,37,17,20,4,1,3,0,0,0,0,0,0,31,12,19
WARD COUNTY,475,76 Years,58,25,33,29,14,15,2,0,2,0,0,0,1,0,1,26,11,15
WARD COUNTY,475,77 Years,52,23,29,28,14,14,2,0,2,0,0,0,0,0,0,22,9,13
WARD COUNTY,475,78 Years,53,25,28,27,14,13,2,1,1,0,0,0,1,0,1,23,10,13
WARD COUNTY,475,79 Years,51,24,27,26,13,13,4,1,3,0,0,0,1,1,0,20,9,11
WARD COUNTY,475,80 Years,47,22,25,24,11,13,4,1,3,0,0,0,1,1,0,18,9,9
WARD COUNTY,475,81 Years,37,17,20,18,7,11,2,1,1,0,0,0,1,1,0,16,8,8
WARD COUNTY,475,82 Years,34,16,18,19,8,11,1,0,1,0,0,0,0,0,0,14,8,6
WARD COUNTY,475,83 Years,32,14,18,20,7,13,0,0,0,1,1,0,0,0,0,11,6,5
WARD COUNTY,475,84 Years,27,11,16,18,5,13,1,1,0,0,0,0,0,0,0,8,5,3
WARD COUNTY,475,85 Years,26,7,19,15,4,11,1,0,1,0,0,0,0,0,0,10,3,7
WARD COUNTY,475,86 Years,25,11,14,15,5,10,2,2,0,0,0,0,0,0,0,8,4,4
WARD COUNTY,475,87 Years,25,10,15,14,5,9,2,2,0,0,0,0,0,0,0,9,3,6
WARD COUNTY,475,88 Years,22,10,12,13,5,8,1,1,0,0,0,0,0,0,0,8,4,4
WARD COUNTY,475,89 Years,17,6,11,10,3,7,0,0,0,0,0,0,0,0,0,7,3,4
WARD COUNTY,475,90 Years,17,5,12,9,2,7,0,0,0,0,0,0,0,0,0,8,3,5
WARD COUNTY,475,91 Years,16,6,10,9,3,6,0,0,0,0,0,0,0,0,0,7,3,4
WARD COUNTY,475,92 Years,14,4,10,7,2,5,0,0,0,0,0,0,0,0,0,7,2,5
WARD COUNTY,475,93 Years,11,2,9,6,1,5,0,0,0,0,0,0,0,0,0,5,1,4
WARD COUNTY,475,94 Years,7,2,5,4,1,3,0,0,0,0,0,0,0,0,0,3,1,2
WARD COUNTY,475,95 Years +,22,7,15,10,1,9,0,0,0,0,0,0,0,0,0,12,6,6
WASHINGTON COUNTY,477,All Ages,36919,17989,18930,22754,10951,11803,6385,3138,3247,546,236,310,537,240,297,6697,3424,3273
WASHINGTON COUNTY,477,< 1 Year,378,193,185,167,84,83,59,30,29,5,3,2,16,9,7,131,67,64
WASHINGTON COUNTY,477,1 Years,365,187,178,159,82,77,61,31,30,5,3,2,15,7,8,125,64,61
WASHINGTON COUNTY,477,2 Years,369,189,180,164,84,80,62,32,30,5,3,2,15,7,8,123,63,60
WASHINGTON COUNTY,477,3 Years,380,191,189,166,82,84,66,33,33,4,1,3,11,4,7,133,71,62
WASHINGTON COUNTY,477,4 Years,389,189,200,170,78,92,66,34,32,3,1,2,10,3,7,140,73,67
WASHINGTON COUNTY,477,5 Years,408,200,208,180,85,95,67,33,34,3,1,2,11,4,7,147,77,70
WASHINGTON COUNTY,477,6 Years,428,205,223,190,90,100,69,33,36,3,0,3,13,5,8,153,77,76
WASHINGTON COUNTY,477,7 Years,445,223,222,202,105,97,74,37,37,3,1,2,13,4,9,153,76,77
WASHINGTON COUNTY,477,8 Years,451,234,217,215,114,101,81,41,40,5,3,2,16,5,11,134,71,63
WASHINGTON COUNTY,477,9 Years,449,237,212,222,118,104,81,43,38,4,3,1,12,4,8,130,69,61
WASHINGTON COUNTY,477,10 Years,460,246,214,218,119,99,84,40,44,5,3,2,13,7,6,140,77,63
WASHINGTON COUNTY,477,11 Years,480,255,225,225,125,100,90,40,50,5,3,2,12,6,6,148,81,67
WASHINGTON COUNTY,477,12 Years,455,243,212,213,114,99,87,47,40,5,3,2,10,3,7,140,76,64
WASHINGTON COUNTY,477,13 Years,451,234,217,220,115,105,81,46,35,6,4,2,12,4,8,132,65,67
WASHINGTON COUNTY,477,14 Years,457,223,234,223,109,114,85,43,42,6,3,3,15,7,8,128,61,67
WASHINGTON COUNTY,477,15 Years,442,217,225,211,106,105,81,38,43,5,3,2,15,6,9,130,64,66
WASHINGTON COUNTY,477,16 Years,448,219,229,219,111,108,85,38,47,5,4,1,11,5,6,128,61,67
WASHINGTON COUNTY,477,17 Years,464,241,223,234,124,110,90,46,44,5,3,2,7,2,5,128,66,62
WASHINGTON COUNTY,477,18 Years,917,475,442,457,222,235,290,170,120,5,2,3,11,2,9,154,79,75
WASHINGTON COUNTY,477,19 Years,1048,559,489,507,257,250,362,207,155,7,3,4,16,10,6,156,82,74
WASHINGTON COUNTY,477,20 Years,840,473,367,395,214,181,284,173,111,8,3,5,11,6,5,142,77,65
WASHINGTON COUNTY,477,21 Years,611,326,285,296,161,135,147,86,61,10,4,6,7,4,3,151,71,80
WASHINGTON COUNTY,477,22 Years,297,147,150,120,67,53,19,5,14,11,6,5,13,7,6,134,62,72
WASHINGTON COUNTY,477,23 Years,256,126,130,91,53,38,10,0,10,11,4,7,11,5,6,133,64,69
WASHINGTON COUNTY,477,24 Years,282,148,134,117,59,58,29,19,10,9,4,5,11,5,6,116,61,55
WASHINGTON COUNTY,477,25 Years,366,188,178,175,86,89,69,39,30,11,5,6,10,6,4,101,52,49
WASHINGTON COUNTY,477,26 Years,401,192,209,203,102,101,85,41,44,15,3,12,8,5,3,90,41,49
WASHINGTON COUNTY,477,27 Years,405,194,211,220,113,107,82,39,43,13,5,8,6,4,2,84,33,51
WASHINGTON COUNTY,477,28 Years,314,155,159,179,92,87,61,32,29,7,3,4,4,2,2,63,26,37
WASHINGTON COUNTY,477,29 Years,293,147,146,167,84,83,65,34,31,5,1,4,3,1,2,53,27,26
WASHINGTON COUNTY,477,30 Years,318,159,159,173,82,91,68,33,35,9,5,4,4,3,1,64,36,28
WASHINGTON COUNTY,477,31 Years,425,202,223,234,111,123,84,38,46,10,4,6,7,3,4,90,46,44
WASHINGTON COUNTY,477,32 Years,412,204,208,223,110,113,80,39,41,8,2,6,6,2,4,95,51,44
WASHINGTON COUNTY,477,33 Years,351,171,180,202,98,104,60,29,31,6,2,4,4,2,2,79,40,39
WASHINGTON COUNTY,477,34 Years,381,178,203,215,99,116,80,39,41,7,2,5,7,2,5,72,36,36
WASHINGTON COUNTY,477,35 Years,400,184,216,226,102,124,81,37,44,7,2,5,6,1,5,80,42,38
WASHINGTON COUNTY,477,36 Years,384,183,201,219,102,117,73,33,40,5,1,4,2,0,2,85,47,38
WASHINGTON COUNTY,477,37 Years,371,189,182,209,105,104,67,29,38,5,3,2,1,1,0,89,51,38
WASHINGTON COUNTY,477,38 Years,377,185,192,218,109,109,68,27,41,5,3,2,3,2,1,83,44,39
WASHINGTON COUNTY,477,39 Years,389,187,202,227,112,115,66,28,38,6,3,3,4,4,0,86,40,46
WASHINGTON COUNTY,477,40 Years,397,183,214,224,107,117,68,26,42,4,2,2,2,2,0,99,46,53
WASHINGTON COUNTY,477,41 Years,389,178,211,218,104,114,69,24,45,5,3,2,1,0,1,96,47,49
WASHINGTON COUNTY,477,42 Years,382,201,181,220,117,103,65,32,33,3,2,1,3,1,2,91,49,42
WASHINGTON COUNTY,477,43 Years,391,201,190,240,127,113,62,29,33,9,4,5,3,1,2,77,40,37
WASHINGTON COUNTY,477,44 Years,408,205,203,252,128,124,64,31,33,11,2,9,2,1,1,79,43,36
WASHINGTON COUNTY,477,45 Years,385,186,199,237,118,119,67,29,38,6,0,6,2,1,1,73,38,35
WASHINGTON COUNTY,477,46 Years,371,181,190,226,111,115,63,30,33,6,0,6,2,1,1,74,39,35
WASHINGTON COUNTY,477,47 Years,362,177,185,223,106,117,55,27,28,5,1,4,3,2,1,76,41,35
WASHINGTON COUNTY,477,48 Years,354,177,177,212,100,112,57,30,27,8,3,5,6,3,3,71,41,30
WASHINGTON COUNTY,477,49 Years,370,181,189,227,109,118,61,28,33,10,3,7,4,1,3,68,40,28
WASHINGTON COUNTY,477,50 Years,392,198,194,243,120,123,65,33,32,14,3,11,0,0,0,70,42,28
WASHINGTON COUNTY,477,51 Years,394,203,191,250,121,129,62,36,26,10,2,8,4,4,0,68,40,28
WASHINGTON COUNTY,477,52 Years,420,202,218,263,121,142,72,34,38,10,4,6,8,5,3,67,38,29
WASHINGTON COUNTY,477,53 Years,412,198,214,262,117,145,73,38,35,9,6,3,4,2,2,64,35,29
WASHINGTON COUNTY,477,54 Years,375,175,200,234,107,127,67,29,38,12,6,6,2,1,1,60,32,28
WASHINGTON COUNTY,477,55 Years,362,175,187,241,119,122,54,22,32,10,4,6,2,1,1,55,29,26
WASHINGTON COUNTY,477,56 Years,398,196,202,276,132,144,63,32,31,11,8,3,2,1,1,46,23,23
WASHINGTON COUNTY,477,57 Years,433,205,228,306,139,167,73,37,36,7,5,2,2,1,1,45,23,22
WASHINGTON COUNTY,477,58 Years,478,230,248,338,160,178,82,40,42,6,3,3,4,3,1,48,24,24
WASHINGTON COUNTY,477,59 Years,493,250,243,354,177,177,75,37,38,9,5,4,5,3,2,50,28,22
WASHINGTON COUNTY,477,60 Years,473,235,238,342,170,172,72,34,38,8,4,4,3,1,2,48,26,22
WASHINGTON COUNTY,477,61 Years,494,233,261,359,171,188,79,35,44,9,3,6,4,2,2,43,22,21
WASHINGTON COUNTY,477,62 Years,514,241,273,369,169,200,89,44,45,6,1,5,5,3,2,45,24,21
WASHINGTON COUNTY,477,63 Years,523,249,274,386,179,207,89,41,48,5,3,2,4,2,2,39,24,15
WASHINGTON COUNTY,477,64 Years,528,249,279,411,196,215,70,28,42,5,2,3,5,2,3,37,21,16
WASHINGTON COUNTY,477,65 Years,535,250,285,401,187,214,82,38,44,4,2,2,6,2,4,42,21,21
WASHINGTON COUNTY,477,66 Years,506,246,260,374,180,194,81,41,40,5,2,3,4,2,2,42,21,21
WASHINGTON COUNTY,477,67 Years,526,246,280,398,188,210,77,36,41,8,4,4,4,2,2,39,16,23
WASHINGTON COUNTY,477,68 Years,512,243,269,399,188,211,64,33,31,9,4,5,6,3,3,34,15,19
WASHINGTON COUNTY,477,69 Years,493,233,260,387,183,204,58,30,28,5,2,3,5,3,2,38,15,23
WASHINGTON COUNTY,477,70 Years,492,237,255,391,191,200,58,28,30,6,3,3,3,2,1,34,13,21
WASHINGTON COUNTY,477,71 Years,464,216,248,376,176,200,53,25,28,4,1,3,5,3,2,26,11,15
WASHINGTON COUNTY,477,72 Years,443,207,236,359,167,192,52,23,29,7,3,4,6,3,3,19,11,8
WASHINGTON COUNTY,477,73 Years,399,185,214,322,153,169,46,19,27,5,2,3,5,2,3,21,9,12
WASHINGTON COUNTY,477,74 Years,396,180,216,326,155,171,47,16,31,4,2,2,4,1,3,15,6,9
WASHINGTON COUNTY,477,75 Years,406,184,222,337,159,178,43,16,27,3,1,2,3,0,3,20,8,12
WASHINGTON COUNTY,477,76 Years,352,162,190,291,135,156,40,19,21,3,1,2,1,0,1,17,7,10
WASHINGTON COUNTY,477,77 Years,310,143,167,253,118,135,41,18,23,3,1,2,0,0,0,13,6,7
WASHINGTON COUNTY,477,78 Years,324,153,171,263,124,139,36,18,18,1,1,0,1,1,0,23,9,14
WASHINGTON COUNTY,477,79 Years,308,151,157,258,127,131,31,16,15,1,1,0,2,1,1,16,6,10
WASHINGTON COUNTY,477,80 Years,274,124,150,231,105,126,30,13,17,2,2,0,4,0,4,7,4,3
WASHINGTON COUNTY,477,81 Years,259,113,146,220,96,124,28,12,16,2,2,0,1,0,1,8,3,5
WASHINGTON COUNTY,477,82 Years,223,93,130,181,77,104,32,11,21,2,1,1,1,0,1,7,4,3
WASHINGTON COUNTY,477,83 Years,201,86,115,165,71,94,28,10,18,1,1,0,1,0,1,6,4,2
WASHINGTON COUNTY,477,84 Years,183,79,104,152,64,88,22,10,12,2,2,0,1,0,1,6,3,3
WASHINGTON COUNTY,477,85 Years,160,70,90,138,60,78,14,6,8,2,1,1,1,0,1,5,3,2
WASHINGTON COUNTY,477,86 Years,146,60,86,126,52,74,14,5,9,2,1,1,0,0,0,4,2,2
WASHINGTON COUNTY,477,87 Years,135,53,82,117,46,71,13,5,8,1,1,0,0,0,0,4,1,3
WASHINGTON COUNTY,477,88 Years,124,47,77,110,43,67,10,3,7,0,0,0,1,1,0,3,0,3
WASHINGTON COUNTY,477,89 Years,116,43,73,104,39,65,8,3,5,1,0,1,1,1,0,2,0,2
WASHINGTON COUNTY,477,90 Years,102,34,68,91,32,59,8,2,6,1,0,1,0,0,0,2,0,2
WASHINGTON COUNTY,477,91 Years,97,34,63,85,30,55,8,2,6,1,1,0,0,0,0,3,1,2
WASHINGTON COUNTY,477,92 Years,96,31,65,81,27,54,10,3,7,0,0,0,2,0,2,3,1,2
WASHINGTON COUNTY,477,93 Years,71,23,48,63,21,42,8,2,6,0,0,0,0,0,0,0,0,0
WASHINGTON COUNTY,477,94 Years,52,16,36,43,15,28,7,1,6,0,0,0,2,0,2,0,0,0
WASHINGTON COUNTY,477,95 Years +,159,40,119,128,32,96,21,6,15,1,0,1,3,0,3,6,2,4
WEBB COUNTY,479,All Ages,272605,134361,138244,10782,5861,4921,631,402,229,1522,776,746,577,301,276,259093,127021,132072
WEBB COUNTY,479,< 1 Year,4137,2113,2024,139,70,69,10,6,4,13,7,6,19,9,10,3956,2021,1935
WEBB COUNTY,479,1 Years,4012,2045,1967,173,89,84,12,6,6,14,7,7,15,7,8,3798,1936,1862
WEBB COUNTY,479,2 Years,3994,2037,1957,173,88,85,11,6,5,14,8,6,14,7,7,3782,1928,1854
WEBB COUNTY,479,3 Years,4516,2300,2216,115,55,60,8,4,4,10,6,4,9,6,3,4374,2229,2145
WEBB COUNTY,479,4 Years,4726,2403,2323,96,45,51,7,4,3,11,6,5,8,6,2,4604,2342,2262
WEBB COUNTY,479,5 Years,4871,2488,2383,111,52,59,6,3,3,12,6,6,8,5,3,4734,2422,2312
WEBB COUNTY,479,6 Years,5058,2591,2467,116,57,59,7,4,3,11,4,7,11,6,5,4913,2520,2393
WEBB COUNTY,479,7 Years,5232,2690,2542,114,57,57,7,4,3,12,5,7,9,3,6,5090,2621,2469
WEBB COUNTY,479,8 Years,5268,2713,2555,124,68,56,13,8,5,14,7,7,9,4,5,5108,2626,2482
WEBB COUNTY,479,9 Years,5275,2716,2559,131,67,64,15,8,7,15,9,6,10,6,4,5104,2626,2478
WEBB COUNTY,479,10 Years,5259,2704,2555,136,66,70,13,6,7,15,9,6,11,7,4,5084,2616,2468
WEBB COUNTY,479,11 Years,5236,2659,2577,126,56,70,9,2,7,15,7,8,13,5,8,5073,2589,2484
WEBB COUNTY,479,12 Years,4771,2361,2410,112,54,58,6,3,3,14,5,9,10,5,5,4629,2294,2335
WEBB COUNTY,479,13 Years,4572,2247,2325,145,78,67,5,4,1,23,7,16,11,4,7,4388,2154,2234
WEBB COUNTY,479,14 Years,4610,2277,2333,144,78,66,9,4,5,26,10,16,10,5,5,4421,2180,2241
WEBB COUNTY,479,15 Years,4580,2263,2317,130,66,64,14,8,6,20,8,12,7,3,4,4409,2178,2231
WEBB COUNTY,479,16 Years,4435,2182,2253,119,68,51,9,7,2,22,10,12,8,3,5,4277,2094,2183
WEBB COUNTY,479,17 Years,4420,2219,2201,114,68,46,10,5,5,22,10,12,10,6,4,4264,2130,2134
WEBB COUNTY,479,18 Years,4499,2349,2150,120,75,45,10,7,3,18,7,11,8,4,4,4343,2256,2087
WEBB COUNTY,479,19 Years,4500,2335,2165,115,67,48,7,5,2,21,10,11,5,3,2,4352,2250,2102
WEBB COUNTY,479,20 Years,4478,2325,2153,106,59,47,5,2,3,21,9,12,8,5,3,4338,2250,2088
WEBB COUNTY,479,21 Years,4607,2318,2289,106,58,48,17,10,7,26,9,17,10,7,3,4448,2234,2214
WEBB COUNTY,479,22 Years,5060,2488,2572,129,61,68,14,8,6,25,11,14,12,7,5,4880,2401,2479
WEBB COUNTY,479,23 Years,4510,2261,2249,112,55,57,11,6,5,31,21,10,13,10,3,4343,2169,2174
WEBB COUNTY,479,24 Years,4120,2044,2076,138,79,59,10,6,4,27,18,9,6,5,1,3939,1936,2003
WEBB COUNTY,479,25 Years,4119,2022,2097,141,68,73,17,11,6,28,18,10,8,5,3,3925,1920,2005
WEBB COUNTY,479,26 Years,4036,2037,1999,157,94,63,14,10,4,15,9,6,8,2,6,3842,1922,1920
WEBB COUNTY,479,27 Years,4087,2058,2029,133,63,70,7,6,1,20,8,12,8,4,4,3919,1977,1942
WEBB COUNTY,479,28 Years,4219,2147,2072,162,68,94,12,8,4,34,15,19,9,5,4,4002,2051,1951
WEBB COUNTY,479,29 Years,4297,2151,2146,147,68,79,10,5,5,33,16,17,11,7,4,4096,2055,2041
WEBB COUNTY,479,30 Years,4189,2119,2070,144,71,73,11,9,2,33,19,14,10,6,4,3991,2014,1977
WEBB COUNTY,479,31 Years,3504,1896,1608,115,85,30,3,3,0,27,17,10,7,5,2,3352,1786,1566
WEBB COUNTY,479,32 Years,3106,1650,1456,157,114,43,10,5,5,20,11,9,2,2,0,2917,1518,1399
WEBB COUNTY,479,33 Years,3080,1614,1466,147,91,56,16,12,4,12,2,10,3,3,0,2902,1506,1396
WEBB COUNTY,479,34 Years,3070,1641,1429,130,85,45,10,6,4,6,0,6,7,3,4,2917,1547,1370
WEBB COUNTY,479,35 Years,3064,1574,1490,109,59,50,4,1,3,14,9,5,5,3,2,2932,1502,1430
WEBB COUNTY,479,36 Years,3197,1628,1569,161,82,79,8,5,3,17,13,4,6,3,3,3005,1525,1480
WEBB COUNTY,479,37 Years,3279,1653,1626,164,106,58,7,3,4,36,20,16,7,4,3,3065,1520,1545
WEBB COUNTY,479,38 Years,3185,1620,1565,144,93,51,7,3,4,33,17,16,9,4,5,2992,1503,1489
WEBB COUNTY,479,39 Years,3153,1618,1535,154,98,56,6,0,6,26,11,15,8,4,4,2959,1505,1454
WEBB COUNTY,479,40 Years,3154,1621,1533,145,91,54,7,4,3,25,13,12,7,4,3,2970,1509,1461
WEBB COUNTY,479,41 Years,3210,1622,1588,131,73,58,25,25,0,22,13,9,8,6,2,3024,1505,1519
WEBB COUNTY,479,42 Years,3269,1613,1656,127,69,58,12,11,1,19,11,8,7,5,2,3104,1517,1587
WEBB COUNTY,479,43 Years,3190,1579,1611,116,70,46,5,2,3,18,8,10,8,5,3,3043,1494,1549
WEBB COUNTY,479,44 Years,3091,1524,1567,103,61,42,10,6,4,17,7,10,9,7,2,2952,1443,1509
WEBB COUNTY,479,45 Years,3117,1536,1581,94,59,35,13,8,5,16,7,9,5,3,2,2989,1459,1530
WEBB COUNTY,479,46 Years,3291,1620,1671,95,58,37,7,4,3,24,11,13,7,4,3,3158,1543,1615
WEBB COUNTY,479,47 Years,3335,1610,1725,102,58,44,7,5,2,23,9,14,8,3,5,3195,1535,1660
WEBB COUNTY,479,48 Years,3341,1606,1735,97,55,42,11,8,3,24,10,14,6,1,5,3203,1532,1671
WEBB COUNTY,479,49 Years,3311,1644,1667,105,60,45,9,7,2,18,8,10,4,2,2,3175,1567,1608
WEBB COUNTY,479,50 Years,3298,1610,1688,111,62,49,6,3,3,18,9,9,4,1,3,3159,1535,1624
WEBB COUNTY,479,51 Years,3260,1549,1711,112,71,41,9,7,2,25,13,12,6,0,6,3108,1458,1650
WEBB COUNTY,479,52 Years,3226,1520,1706,116,72,44,9,7,2,28,14,14,6,1,5,3067,1426,1641
WEBB COUNTY,479,53 Years,3101,1467,1634,105,59,46,4,3,1,28,14,14,5,4,1,2959,1387,1572
WEBB COUNTY,479,54 Years,2951,1369,1582,99,51,48,3,1,2,31,22,9,5,3,2,2813,1292,1521
WEBB COUNTY,479,55 Years,2811,1301,1510,111,59,52,6,5,1,22,13,9,5,2,3,2667,1222,1445
WEBB COUNTY,479,56 Years,2731,1267,1464,106,56,50,9,8,1,17,8,9,7,2,5,2592,1193,1399
WEBB COUNTY,479,57 Years,2725,1260,1465,114,62,52,8,8,0,21,13,8,7,1,6,2575,1176,1399
WEBB COUNTY,479,58 Years,2556,1181,1375,112,65,47,4,4,0,26,18,8,4,0,4,2410,1094,1316
WEBB COUNTY,479,59 Years,2481,1167,1314,110,62,48,4,3,1,29,16,13,4,0,4,2334,1086,1248
WEBB COUNTY,479,60 Years,2415,1174,1241,120,66,54,5,3,2,26,13,13,3,0,3,2261,1092,1169
WEBB COUNTY,479,61 Years,2398,1110,1288,141,75,66,6,4,2,20,10,10,1,0,1,2230,1021,1209
WEBB COUNTY,479,62 Years,2373,1114,1259,134,66,68,4,2,2,15,8,7,3,2,1,2217,1036,1181
WEBB COUNTY,479,63 Years,2246,1063,1183,135,68,67,5,3,2,11,6,5,3,2,1,2092,984,1108
WEBB COUNTY,479,64 Years,2170,987,1183,142,79,63,5,3,2,10,4,6,6,3,3,2007,898,1109
WEBB COUNTY,479,65 Years,2144,956,1188,134,66,68,4,3,1,14,7,7,9,6,3,1983,874,1109
WEBB COUNTY,479,66 Years,2062,955,1107,132,66,66,5,2,3,17,9,8,8,6,2,1900,872,1028
WEBB COUNTY,479,67 Years,1971,909,1062,135,63,72,4,2,2,17,10,7,4,2,2,1811,832,979
WEBB COUNTY,479,68 Years,1854,843,1011,142,74,68,3,2,1,17,9,8,5,2,3,1687,756,931
WEBB COUNTY,479,69 Years,1706,792,914,159,98,61,3,3,0,13,6,7,5,3,2,1526,682,844
WEBB COUNTY,479,70 Years,1592,713,879,137,76,61,4,3,1,14,6,8,3,1,2,1434,627,807
WEBB COUNTY,479,71 Years,1529,676,853,144,63,81,5,3,2,11,5,6,3,1,2,1366,604,762
WEBB COUNTY,479,72 Years,1498,666,832,154,72,82,5,3,2,9,5,4,3,1,2,1327,585,742
WEBB COUNTY,479,73 Years,1429,657,772,170,98,72,4,2,2,9,5,4,3,1,2,1243,551,692
WEBB COUNTY,479,74 Years,1416,661,755,171,96,75,2,1,1,12,7,5,3,2,1,1228,555,673
WEBB COUNTY,479,75 Years,1312,594,718,148,76,72,2,1,1,9,6,3,5,2,3,1148,509,639
WEBB COUNTY,479,76 Years,1135,502,633,117,60,57,1,1,0,6,4,2,3,2,1,1008,435,573
WEBB COUNTY,479,77 Years,1063,458,605,116,57,59,1,1,0,6,4,2,4,2,2,936,394,542
WEBB COUNTY,479,78 Years,964,402,562,100,51,49,1,1,0,5,2,3,3,2,1,855,346,509
WEBB COUNTY,479,79 Years,878,366,512,93,53,40,1,1,0,3,1,2,1,0,1,780,311,469
WEBB COUNTY,479,80 Years,827,342,485,87,51,36,2,2,0,3,1,2,3,2,1,732,286,446
WEBB COUNTY,479,81 Years,748,318,430,74,41,33,1,1,0,5,2,3,3,2,1,665,272,393
WEBB COUNTY,479,82 Years,674,278,396,67,35,32,1,1,0,3,2,1,2,1,1,601,239,362
WEBB COUNTY,479,83 Years,627,251,376,56,28,28,0,0,0,1,1,0,2,1,1,568,221,347
WEBB COUNTY,479,84 Years,562,219,343,41,22,19,1,1,0,1,1,0,1,1,0,518,194,324
WEBB COUNTY,479,85 Years,485,178,307,33,22,11,0,0,0,1,0,1,2,1,1,449,155,294
WEBB COUNTY,479,86 Years,453,165,288,27,17,10,0,0,0,1,0,1,1,1,0,424,147,277
WEBB COUNTY,479,87 Years,402,147,255,23,15,8,0,0,0,1,0,1,0,0,0,378,132,246
WEBB COUNTY,479,88 Years,312,116,196,17,9,8,0,0,0,1,1,0,0,0,0,294,106,188
WEBB COUNTY,479,89 Years,263,94,169,18,6,12,1,1,0,1,1,0,0,0,0,243,86,157
WEBB COUNTY,479,90 Years,251,86,165,18,8,10,0,0,0,1,1,0,0,0,0,232,77,155
WEBB COUNTY,479,91 Years,217,79,138,12,5,7,0,0,0,0,0,0,0,0,0,205,74,131
WEBB COUNTY,479,92 Years,190,65,125,14,5,9,0,0,0,0,0,0,1,0,1,175,60,115
WEBB COUNTY,479,93 Years,159,52,107,11,5,6,0,0,0,0,0,0,0,0,0,148,47,101
WEBB COUNTY,479,94 Years,129,42,87,12,5,7,0,0,0,0,0,0,0,0,0,117,37,80
WEBB COUNTY,479,95 Years +,371,109,262,28,10,18,0,0,0,2,1,1,0,0,0,341,98,243
WHARTON COUNTY,481,All Ages,41700,20500,21200,17483,8467,9016,5223,2529,2694,200,82,118,458,216,242,18336,9206,9130
WHARTON COUNTY,481,< 1 Year,541,281,260,161,83,78,63,32,31,3,1,2,16,8,8,298,157,141
WHARTON COUNTY,481,1 Years,534,274,260,156,80,76,64,33,31,3,2,1,15,8,7,296,151,145
WHARTON COUNTY,481,2 Years,535,275,260,159,82,77,64,33,31,3,1,2,14,7,7,295,152,143
WHARTON COUNTY,481,3 Years,612,310,302,169,85,84,75,39,36,1,1,0,11,5,6,356,180,176
WHARTON COUNTY,481,4 Years,622,321,301,166,86,80,75,40,35,0,0,0,12,7,5,369,188,181
WHARTON COUNTY,481,5 Years,615,320,295,168,90,78,70,37,33,1,1,0,11,6,5,365,186,179
WHARTON COUNTY,481,6 Years,618,324,294,171,92,79,71,39,32,3,2,1,11,6,5,362,185,177
WHARTON COUNTY,481,7 Years,620,323,297,175,92,83,72,40,32,4,4,0,10,5,5,359,182,177
WHARTON COUNTY,481,8 Years,611,309,302,180,92,88,75,41,34,4,3,1,10,5,5,342,168,174
WHARTON COUNTY,481,9 Years,592,295,297,179,89,90,74,40,34,2,1,1,9,3,6,328,162,166
WHARTON COUNTY,481,10 Years,588,300,288,179,86,93,72,42,30,3,1,2,8,3,5,326,168,158
WHARTON COUNTY,481,11 Years,595,306,289,178,86,92,71,43,28,2,1,1,11,4,7,333,172,161
WHARTON COUNTY,481,12 Years,604,311,293,181,96,85,68,33,35,3,1,2,10,6,4,342,175,167
WHARTON COUNTY,481,13 Years,576,300,276,185,102,83,65,33,32,4,2,2,8,4,4,314,159,155
WHARTON COUNTY,481,14 Years,589,306,283,195,109,86,79,38,41,2,2,0,7,2,5,306,155,151
WHARTON COUNTY,481,15 Years,598,302,296,189,93,96,79,39,40,2,2,0,9,5,4,319,163,156
WHARTON COUNTY,481,16 Years,586,298,288,177,84,93,63,34,29,4,1,3,8,4,4,334,175,159
WHARTON COUNTY,481,17 Years,586,300,286,175,83,92,68,33,35,2,0,2,11,6,5,330,178,152
WHARTON COUNTY,481,18 Years,628,317,311,193,93,100,73,36,37,3,2,1,10,5,5,349,181,168
WHARTON COUNTY,481,19 Years,610,300,310,186,88,98,76,37,39,2,1,1,9,5,4,337,169,168
WHARTON COUNTY,481,20 Years,599,306,293,181,87,94,77,39,38,3,1,2,5,3,2,333,176,157
WHARTON COUNTY,481,21 Years,559,289,270,177,87,90,73,44,29,2,1,1,4,2,2,303,155,148
WHARTON COUNTY,481,22 Years,537,269,268,174,84,90,75,43,32,2,0,2,4,2,2,282,140,142
WHARTON COUNTY,481,23 Years,515,251,264,163,76,87,65,31,34,0,0,0,7,4,3,280,140,140
WHARTON COUNTY,481,24 Years,521,257,264,159,79,80,72,35,37,4,0,4,7,3,4,279,140,139
WHARTON COUNTY,481,25 Years,536,247,289,162,74,88,75,33,42,5,0,5,7,2,5,287,138,149
WHARTON COUNTY,481,26 Years,532,253,279,180,81,99,75,31,44,10,4,6,6,2,4,261,135,126
WHARTON COUNTY,481,27 Years,513,261,252,202,101,101,75,35,40,7,1,6,4,1,3,225,123,102
WHARTON COUNTY,481,28 Years,505,271,234,195,108,87,63,34,29,4,0,4,5,2,3,238,127,111
WHARTON COUNTY,481,29 Years,521,276,245,190,102,88,63,33,30,3,0,3,7,4,3,258,137,121
WHARTON COUNTY,481,30 Years,486,262,224,175,93,82,67,37,30,3,0,3,5,4,1,236,128,108
WHARTON COUNTY,481,31 Years,505,270,235,186,105,81,79,40,39,7,2,5,4,3,1,229,120,109
WHARTON COUNTY,481,32 Years,537,276,261,190,100,90,80,40,40,5,2,3,6,2,4,256,132,124
WHARTON COUNTY,481,33 Years,506,254,252,201,98,103,69,34,35,2,2,0,7,2,5,227,118,109
WHARTON COUNTY,481,34 Years,458,235,223,188,96,92,61,30,31,2,2,0,5,1,4,202,106,96
WHARTON COUNTY,481,35 Years,456,237,219,183,94,89,58,31,27,3,2,1,2,1,1,210,109,101
WHARTON COUNTY,481,36 Years,469,232,237,176,88,88,62,33,29,4,2,2,2,1,1,225,108,117
WHARTON COUNTY,481,37 Years,464,225,239,175,89,86,58,25,33,3,1,2,4,2,2,224,108,116
WHARTON COUNTY,481,38 Years,510,260,250,199,102,97,72,35,37,2,0,2,4,3,1,233,120,113
WHARTON COUNTY,481,39 Years,518,253,265,200,96,104,75,40,35,1,0,1,4,2,2,238,115,123
WHARTON COUNTY,481,40 Years,519,234,285,205,91,114,63,30,33,2,1,1,5,2,3,244,110,134
WHARTON COUNTY,481,41 Years,498,235,263,204,99,105,56,23,33,1,0,1,5,1,4,232,112,120
WHARTON COUNTY,481,42 Years,471,232,239,194,102,92,52,21,31,1,0,1,3,1,2,221,108,113
WHARTON COUNTY,481,43 Years,472,223,249,205,101,104,60,24,36,3,0,3,2,1,1,202,97,105
WHARTON COUNTY,481,44 Years,461,222,239,193,93,100,56,26,30,3,1,2,2,2,0,207,100,107
WHARTON COUNTY,481,45 Years,445,214,231,185,91,94,55,27,28,3,1,2,2,2,0,200,93,107
WHARTON COUNTY,481,46 Years,441,211,230,174,85,89,50,21,29,3,1,2,3,2,1,211,102,109
WHARTON COUNTY,481,47 Years,421,199,222,177,88,89,47,18,29,1,1,0,4,2,2,192,90,102
WHARTON COUNTY,481,48 Years,407,202,205,179,96,83,46,23,23,0,0,0,3,1,2,179,82,97
WHARTON COUNTY,481,49 Years,391,195,196,167,87,80,45,24,21,2,0,2,2,1,1,175,83,92
WHARTON COUNTY,481,50 Years,418,201,217,179,87,92,45,25,20,3,1,2,2,0,2,189,88,101
WHARTON COUNTY,481,51 Years,442,214,228,191,96,95,55,27,28,2,1,1,3,0,3,191,90,101
WHARTON COUNTY,481,52 Years,453,222,231,208,100,108,58,28,30,2,1,1,2,1,1,183,92,91
WHARTON COUNTY,481,53 Years,435,212,223,198,92,106,51,27,24,1,0,1,2,1,1,183,92,91
WHARTON COUNTY,481,54 Years,443,209,234,188,87,101,50,25,25,1,0,1,3,2,1,201,95,106
WHARTON COUNTY,481,55 Years,469,233,236,210,106,104,57,26,31,1,0,1,3,2,1,198,99,99
WHARTON COUNTY,481,56 Years,481,251,230,226,117,109,62,28,34,2,1,1,2,1,1,189,104,85
WHARTON COUNTY,481,57 Years,493,244,249,238,119,119,67,25,42,3,2,1,1,1,0,184,97,87
WHARTON COUNTY,481,58 Years,523,259,264,258,128,130,63,25,38,2,0,2,2,0,2,198,106,92
WHARTON COUNTY,481,59 Years,531,255,276,265,124,141,66,31,35,2,0,2,3,0,3,195,100,95
WHARTON COUNTY,481,60 Years,505,244,261,256,117,139,68,34,34,2,1,1,2,1,1,177,91,86
WHARTON COUNTY,481,61 Years,524,263,261,270,129,141,73,34,39,2,1,1,5,4,1,174,95,79
WHARTON COUNTY,481,62 Years,523,255,268,284,135,149,71,32,39,0,0,0,6,4,2,162,84,78
WHARTON COUNTY,481,63 Years,496,239,257,279,135,144,69,31,38,0,0,0,6,2,4,142,71,71
WHARTON COUNTY,481,64 Years,489,239,250,279,133,146,64,30,34,1,1,0,4,2,2,141,73,68
WHARTON COUNTY,481,65 Years,502,232,270,288,136,152,62,27,35,1,1,0,4,0,4,147,68,79
WHARTON COUNTY,481,66 Years,512,240,272,299,143,156,59,25,34,4,2,2,4,0,4,146,70,76
WHARTON COUNTY,481,67 Years,489,226,263,275,121,154,61,27,34,5,3,2,2,1,1,146,74,72
WHARTON COUNTY,481,68 Years,463,220,243,264,120,144,66,30,36,2,2,0,3,3,0,128,65,63
WHARTON COUNTY,481,69 Years,442,216,226,258,124,134,60,28,32,2,1,1,4,2,2,118,61,57
WHARTON COUNTY,481,70 Years,425,214,211,259,129,130,48,24,24,1,0,1,5,3,2,112,58,54
WHARTON COUNTY,481,71 Years,440,218,222,268,131,137,51,25,26,2,1,1,4,2,2,115,59,56
WHARTON COUNTY,481,72 Years,433,208,225,258,124,134,54,25,29,4,1,3,4,2,2,113,56,57
WHARTON COUNTY,481,73 Years,395,190,205,253,125,128,45,17,28,3,2,1,3,2,1,91,44,47
WHARTON COUNTY,481,74 Years,362,173,189,229,113,116,43,17,26,4,3,1,3,1,2,83,39,44
WHARTON COUNTY,481,75 Years,334,155,179,222,103,119,38,16,22,3,2,1,3,1,2,68,33,35
WHARTON COUNTY,481,76 Years,289,133,156,192,88,104,31,14,17,1,1,0,4,2,2,61,28,33
WHARTON COUNTY,481,77 Years,271,123,148,177,79,98,30,16,14,1,0,1,3,2,1,60,26,34
WHARTON COUNTY,481,78 Years,258,117,141,172,78,94,32,15,17,0,0,0,2,1,1,52,23,29
WHARTON COUNTY,481,79 Years,245,111,134,164,78,86,31,14,17,1,0,1,3,0,3,46,19,27
WHARTON COUNTY,481,80 Years,230,98,132,153,66,87,32,13,19,0,0,0,3,1,2,42,18,24
WHARTON COUNTY,481,81 Years,211,88,123,135,56,79,32,13,19,0,0,0,1,0,1,43,19,24
WHARTON COUNTY,481,82 Years,185,76,109,120,48,72,26,11,15,0,0,0,1,0,1,38,17,21
WHARTON COUNTY,481,83 Years,179,68,111,113,42,71,23,9,14,0,0,0,3,2,1,40,15,25
WHARTON COUNTY,481,84 Years,175,67,108,113,45,68,25,10,15,0,0,0,3,1,2,34,11,23
WHARTON COUNTY,481,85 Years,156,62,94,104,43,61,23,9,14,0,0,0,1,1,0,28,9,19
WHARTON COUNTY,481,86 Years,134,47,87,90,34,56,17,5,12,0,0,0,0,0,0,27,8,19
WHARTON COUNTY,481,87 Years,117,42,75,79,31,48,15,4,11,0,0,0,1,1,0,22,6,16
WHARTON COUNTY,481,88 Years,104,37,67,70,26,44,11,3,8,0,0,0,1,0,1,22,8,14
WHARTON COUNTY,481,89 Years,87,37,50,63,26,37,9,4,5,0,0,0,0,0,0,15,7,8
WHARTON COUNTY,481,90 Years,76,29,47,56,22,34,7,3,4,0,0,0,1,0,1,12,4,8
WHARTON COUNTY,481,91 Years,68,23,45,50,16,34,4,2,2,0,0,0,1,0,1,13,5,8
WHARTON COUNTY,481,92 Years,64,20,44,44,13,31,6,3,3,0,0,0,1,0,1,13,4,9
WHARTON COUNTY,481,93 Years,49,15,34,33,10,23,4,2,2,0,0,0,1,0,1,11,3,8
WHARTON COUNTY,481,94 Years,39,14,25,26,8,18,3,2,1,0,0,0,0,0,0,10,4,6
WHARTON COUNTY,481,95 Years +,108,38,70,66,20,46,15,6,9,0,0,0,3,2,1,24,10,14
WHEELER COUNTY,483,All Ages,4865,2442,2423,3178,1599,1579,101,52,49,20,5,15,112,43,69,1454,743,711
WHEELER COUNTY,483,< 1 Year,62,31,31,30,15,15,3,1,2,0,0,0,4,2,2,25,13,12
WHEELER COUNTY,483,1 Years,62,32,30,31,16,15,2,1,1,0,0,0,3,2,1,26,13,13
WHEELER COUNTY,483,2 Years,63,32,31,33,17,16,2,1,1,0,0,0,3,1,2,25,13,12
WHEELER COUNTY,483,3 Years,49,24,25,26,12,14,1,1,0,0,0,0,0,0,0,22,11,11
WHEELER COUNTY,483,4 Years,48,25,23,28,14,14,0,0,0,0,0,0,0,0,0,20,11,9
WHEELER COUNTY,483,5 Years,55,26,29,33,15,18,0,0,0,0,0,0,2,1,1,20,10,10
WHEELER COUNTY,483,6 Years,65,32,33,40,17,23,0,0,0,0,0,0,1,1,0,24,14,10
WHEELER COUNTY,483,7 Years,75,38,37,40,17,23,4,2,2,0,0,0,2,1,1,29,18,11
WHEELER COUNTY,483,8 Years,78,40,38,40,20,20,3,2,1,0,0,0,3,1,2,32,17,15
WHEELER COUNTY,483,9 Years,77,39,38,37,20,17,2,1,1,0,0,0,5,3,2,33,15,18
WHEELER COUNTY,483,10 Years,71,36,35,36,20,16,2,1,1,0,0,0,3,1,2,30,14,16
WHEELER COUNTY,483,11 Years,68,37,31,37,22,15,2,1,1,0,0,0,0,0,0,29,14,15
WHEELER COUNTY,483,12 Years,74,41,33,41,22,19,1,0,1,0,0,0,2,1,1,30,18,12
WHEELER COUNTY,483,13 Years,73,45,28,35,19,16,0,0,0,1,0,1,2,1,1,35,25,10
WHEELER COUNTY,483,14 Years,69,41,28,30,17,13,0,0,0,1,0,1,2,0,2,36,24,12
WHEELER COUNTY,483,15 Years,70,37,33,26,14,12,1,0,1,1,0,1,2,0,2,40,23,17
WHEELER COUNTY,483,16 Years,74,38,36,29,15,14,0,0,0,1,0,1,2,0,2,42,23,19
WHEELER COUNTY,483,17 Years,77,44,33,39,24,15,1,0,1,0,0,0,3,1,2,34,19,15
WHEELER COUNTY,483,18 Years,71,34,37,36,21,15,2,1,1,0,0,0,3,0,3,30,12,18
WHEELER COUNTY,483,19 Years,70,35,35,34,20,14,2,1,1,0,0,0,1,0,1,33,14,19
WHEELER COUNTY,483,20 Years,66,38,28,30,21,9,2,0,2,0,0,0,1,0,1,33,17,16
WHEELER COUNTY,483,21 Years,54,30,24,27,16,11,2,0,2,0,0,0,1,0,1,24,14,10
WHEELER COUNTY,483,22 Years,53,28,25,31,18,13,2,1,1,0,0,0,0,0,0,20,9,11
WHEELER COUNTY,483,23 Years,68,48,20,50,40,10,2,0,2,0,0,0,0,0,0,16,8,8
WHEELER COUNTY,483,24 Years,39,20,19,20,11,9,2,0,2,0,0,0,0,0,0,17,9,8
WHEELER COUNTY,483,25 Years,41,19,22,20,10,10,1,0,1,0,0,0,4,1,3,16,8,8
WHEELER COUNTY,483,26 Years,35,13,22,16,3,13,2,1,1,0,0,0,2,1,1,15,8,7
WHEELER COUNTY,483,27 Years,39,18,21,21,9,12,2,1,1,0,0,0,0,0,0,16,8,8
WHEELER COUNTY,483,28 Years,57,26,31,38,17,21,1,0,1,0,0,0,2,1,1,16,8,8
WHEELER COUNTY,483,29 Years,68,37,31,45,23,22,1,0,1,0,0,0,1,1,0,21,13,8
WHEELER COUNTY,483,30 Years,74,39,35,49,26,23,1,0,1,0,0,0,2,1,1,22,12,10
WHEELER COUNTY,483,31 Years,60,30,30,35,18,17,1,0,1,0,0,0,2,1,1,22,11,11
WHEELER COUNTY,483,32 Years,45,22,23,28,13,15,0,0,0,0,0,0,2,2,0,15,7,8
WHEELER COUNTY,483,33 Years,36,17,19,24,11,13,0,0,0,0,0,0,1,0,1,11,6,5
WHEELER COUNTY,483,34 Years,38,16,22,24,11,13,1,0,1,0,0,0,1,0,1,12,5,7
WHEELER COUNTY,483,35 Years,50,30,20,32,19,13,1,0,1,0,0,0,3,2,1,14,9,5
WHEELER COUNTY,483,36 Years,55,31,24,35,19,16,0,0,0,0,0,0,2,1,1,18,11,7
WHEELER COUNTY,483,37 Years,57,28,29,40,20,20,0,0,0,0,0,0,1,0,1,16,8,8
WHEELER COUNTY,483,38 Years,64,28,36,45,21,24,2,0,2,0,0,0,1,0,1,16,7,9
WHEELER COUNTY,483,39 Years,68,34,34,46,23,23,3,2,1,0,0,0,3,0,3,16,9,7
WHEELER COUNTY,483,40 Years,62,30,32,37,19,18,3,2,1,0,0,0,3,0,3,19,9,10
WHEELER COUNTY,483,41 Years,57,28,29,38,19,19,0,0,0,0,0,0,2,1,1,17,8,9
WHEELER COUNTY,483,42 Years,61,30,31,40,21,19,1,0,1,0,0,0,0,0,0,20,9,11
WHEELER COUNTY,483,43 Years,53,28,25,31,16,15,0,0,0,1,1,0,1,1,0,20,10,10
WHEELER COUNTY,483,44 Years,42,18,24,23,9,14,0,0,0,1,1,0,1,0,1,17,8,9
WHEELER COUNTY,483,45 Years,45,17,28,25,8,17,0,0,0,0,0,0,1,0,1,19,9,10
WHEELER COUNTY,483,46 Years,53,22,31,26,10,16,0,0,0,0,0,0,1,0,1,26,12,14
WHEELER COUNTY,483,47 Years,63,30,33,36,16,20,0,0,0,0,0,0,2,1,1,25,13,12
WHEELER COUNTY,483,48 Years,62,33,29,37,20,17,0,0,0,0,0,0,2,1,1,23,12,11
WHEELER COUNTY,483,49 Years,59,28,31,38,19,19,1,0,1,1,0,1,0,0,0,19,9,10
WHEELER COUNTY,483,50 Years,58,27,31,33,16,17,2,2,0,1,0,1,0,0,0,22,9,13
WHEELER COUNTY,483,51 Years,61,29,32,40,19,21,1,1,0,0,0,0,0,0,0,20,9,11
WHEELER COUNTY,483,52 Years,58,26,32,40,17,23,0,0,0,0,0,0,0,0,0,18,9,9
WHEELER COUNTY,483,53 Years,51,24,27,35,16,19,0,0,0,0,0,0,0,0,0,16,8,8
WHEELER COUNTY,483,54 Years,46,26,20,31,17,14,0,0,0,0,0,0,0,0,0,15,9,6
WHEELER COUNTY,483,55 Years,49,28,21,38,23,15,1,1,0,0,0,0,0,0,0,10,4,6
WHEELER COUNTY,483,56 Years,46,28,18,32,20,12,2,2,0,0,0,0,0,0,0,12,6,6
WHEELER COUNTY,483,57 Years,50,27,23,32,16,16,2,2,0,0,0,0,1,1,0,15,8,7
WHEELER COUNTY,483,58 Years,56,27,29,35,16,19,4,4,0,0,0,0,0,0,0,17,7,10
WHEELER COUNTY,483,59 Years,61,30,31,43,22,21,4,4,0,0,0,0,1,0,1,13,4,9
WHEELER COUNTY,483,60 Years,65,31,34,48,22,26,4,3,1,0,0,0,1,1,0,12,5,7
WHEELER COUNTY,483,61 Years,64,30,34,47,21,26,2,1,1,1,0,1,1,1,0,13,7,6
WHEELER COUNTY,483,62 Years,63,27,36,50,20,30,2,1,1,0,0,0,2,1,1,9,5,4
WHEELER COUNTY,483,63 Years,64,29,35,53,26,27,1,1,0,0,0,0,1,0,1,9,2,7
WHEELER COUNTY,483,64 Years,65,28,37,55,25,30,1,1,0,0,0,0,0,0,0,9,2,7
WHEELER COUNTY,483,65 Years,68,36,32,58,31,27,1,0,1,0,0,0,1,0,1,8,5,3
WHEELER COUNTY,483,66 Years,71,36,35,62,30,32,1,1,0,1,0,1,0,0,0,7,5,2
WHEELER COUNTY,483,67 Years,70,35,35,62,32,30,1,0,1,0,0,0,1,0,1,6,3,3
WHEELER COUNTY,483,68 Years,62,31,31,53,29,24,1,0,1,0,0,0,2,0,2,6,2,4
WHEELER COUNTY,483,69 Years,50,26,24,43,22,21,1,1,0,0,0,0,2,1,1,4,2,2
WHEELER COUNTY,483,70 Years,51,29,22,46,26,20,1,1,0,1,0,1,1,1,0,2,1,1
WHEELER COUNTY,483,71 Years,51,27,24,46,25,21,1,1,0,1,0,1,0,0,0,3,1,2
WHEELER COUNTY,483,72 Years,51,26,25,44,23,21,0,0,0,0,0,0,1,1,0,6,2,4
WHEELER COUNTY,483,73 Years,49,25,24,44,22,22,0,0,0,0,0,0,1,1,0,4,2,2
WHEELER COUNTY,483,74 Years,52,25,27,45,22,23,2,0,2,0,0,0,2,2,0,3,1,2
WHEELER COUNTY,483,75 Years,51,24,27,45,23,22,1,0,1,0,0,0,1,0,1,4,1,3
WHEELER COUNTY,483,76 Years,44,20,24,39,19,20,0,0,0,1,0,1,1,0,1,3,1,2
WHEELER COUNTY,483,77 Years,39,18,21,35,16,19,0,0,0,1,0,1,0,0,0,3,2,1
WHEELER COUNTY,483,78 Years,39,17,22,33,15,18,0,0,0,1,0,1,0,0,0,5,2,3
WHEELER COUNTY,483,79 Years,37,16,21,31,14,17,2,1,1,0,0,0,1,0,1,3,1,2
WHEELER COUNTY,483,80 Years,32,14,18,27,12,15,1,1,0,0,0,0,2,0,2,2,1,1
WHEELER COUNTY,483,81 Years,31,14,17,26,12,14,1,1,0,0,0,0,2,0,2,2,1,1
WHEELER COUNTY,483,82 Years,26,14,12,23,11,12,0,0,0,1,1,0,1,1,0,1,1,0
WHEELER COUNTY,483,83 Years,26,14,12,22,11,11,0,0,0,2,1,1,1,1,0,1,1,0
WHEELER COUNTY,483,84 Years,21,10,11,18,8,10,0,0,0,2,1,1,0,0,0,1,1,0
WHEELER COUNTY,483,85 Years,17,9,8,16,8,8,1,1,0,0,0,0,0,0,0,0,0,0
WHEELER COUNTY,483,86 Years,16,6,10,16,6,10,0,0,0,0,0,0,0,0,0,0,0,0
WHEELER COUNTY,483,87 Years,13,4,9,12,4,8,0,0,0,0,0,0,0,0,0,1,0,1
WHEELER COUNTY,483,88 Years,11,5,6,10,4,6,1,1,0,0,0,0,0,0,0,0,0,0
WHEELER COUNTY,483,89 Years,9,4,5,8,3,5,0,0,0,0,0,0,0,0,0,1,1,0
WHEELER COUNTY,483,90 Years,10,5,5,7,3,4,0,0,0,0,0,0,0,0,0,3,2,1
WHEELER COUNTY,483,91 Years,8,3,5,5,2,3,0,0,0,0,0,0,0,0,0,3,1,2
WHEELER COUNTY,483,92 Years,5,1,4,4,1,3,0,0,0,0,0,0,0,0,0,1,0,1
WHEELER COUNTY,483,93 Years,7,3,4,5,2,3,0,0,0,0,0,0,0,0,0,2,1,1
WHEELER COUNTY,483,94 Years,5,2,3,5,2,3,0,0,0,0,0,0,0,0,0,0,0,0
WHEELER COUNTY,483,95 Years +,11,3,8,8,2,6,0,0,0,0,0,0,0,0,0,3,1,2
WICHITA COUNTY,485,All Ages,130017,67560,62457,81835,41879,39956,13397,7497,5900,3039,1457,1582,4488,2307,2181,27258,14420,12838
WICHITA COUNTY,485,< 1 Year,1503,775,728,721,374,347,170,87,83,27,14,13,117,58,59,468,242,226
WICHITA COUNTY,485,1 Years,1481,755,726,708,361,347,172,88,84,26,13,13,88,45,43,487,248,239
WICHITA COUNTY,485,2 Years,1492,758,734,723,369,354,170,86,84,25,12,13,86,43,43,488,248,240
WICHITA COUNTY,485,3 Years,1616,827,789,808,422,386,174,90,84,24,10,14,105,51,54,505,254,251
WICHITA COUNTY,485,4 Years,1649,849,800,826,431,395,175,93,82,24,11,13,112,56,56,512,258,254
WICHITA COUNTY,485,5 Years,1637,838,799,835,438,397,165,86,79,25,13,12,110,54,56,502,247,255
WICHITA COUNTY,485,6 Years,1647,839,808,852,442,410,163,86,77,24,13,11,112,56,56,496,242,254
WICHITA COUNTY,485,7 Years,1671,847,824,886,458,428,158,82,76,24,13,11,103,50,53,500,244,256
WICHITA COUNTY,485,8 Years,1713,856,857,891,448,443,157,81,76,24,11,13,117,59,58,524,257,267
WICHITA COUNTY,485,9 Years,1705,843,862,894,450,444,151,77,74,24,10,14,109,51,58,527,255,272
WICHITA COUNTY,485,10 Years,1685,836,849,883,454,429,155,77,78,27,12,15,107,48,59,513,245,268
WICHITA COUNTY,485,11 Years,1656,839,817,877,464,413,157,76,81,27,15,12,108,54,54,487,230,257
WICHITA COUNTY,485,12 Years,1591,815,776,840,443,397,159,70,89,28,15,13,101,56,45,463,231,232
WICHITA COUNTY,485,13 Years,1580,837,743,836,445,391,156,79,77,30,15,15,80,43,37,478,255,223
WICHITA COUNTY,485,14 Years,1577,835,742,856,458,398,153,73,80,31,16,15,78,43,35,459,245,214
WICHITA COUNTY,485,15 Years,1561,805,756,838,439,399,167,78,89,30,15,15,77,42,35,449,231,218
WICHITA COUNTY,485,16 Years,1581,812,769,843,435,408,159,74,85,30,15,15,81,45,36,468,243,225
WICHITA COUNTY,485,17 Years,1770,934,836,945,489,456,181,94,87,37,17,20,97,55,42,510,279,231
WICHITA COUNTY,485,18 Years,2058,1230,828,1163,714,449,238,151,87,48,25,23,107,63,44,502,277,225
WICHITA COUNTY,485,19 Years,2304,1382,922,1322,806,516,278,174,104,78,56,22,112,71,41,514,275,239
WICHITA COUNTY,485,20 Years,2175,1265,910,1190,690,500,280,162,118,75,50,25,115,74,41,515,289,226
WICHITA COUNTY,485,21 Years,2223,1251,972,1222,677,545,278,161,117,72,44,28,110,68,42,541,301,240
WICHITA COUNTY,485,22 Years,2783,1703,1080,1647,1042,605,358,222,136,87,48,39,106,61,45,585,330,255
WICHITA COUNTY,485,23 Years,2768,1765,1003,1667,1084,583,363,240,123,83,47,36,108,70,38,547,324,223
WICHITA COUNTY,485,24 Years,2605,1667,938,1590,1066,524,324,207,117,77,51,26,93,53,40,521,290,231
WICHITA COUNTY,485,25 Years,2315,1370,945,1355,815,540,286,170,116,67,37,30,87,50,37,520,298,222
WICHITA COUNTY,485,26 Years,2158,1265,893,1250,732,518,266,162,104,67,41,26,81,44,37,494,286,208
WICHITA COUNTY,485,27 Years,2038,1174,864,1183,675,508,259,160,99,65,42,23,67,35,32,464,262,202
WICHITA COUNTY,485,28 Years,1849,1013,836,1066,562,504,263,154,109,47,27,20,62,31,31,411,239,172
WICHITA COUNTY,485,29 Years,1679,927,752,968,526,442,240,135,105,43,25,18,60,32,28,368,209,159
WICHITA COUNTY,485,30 Years,1759,983,776,1003,559,444,264,153,111,41,25,16,61,34,27,390,212,178
WICHITA COUNTY,485,31 Years,1925,1065,860,1090,595,495,264,156,108,39,22,17,71,40,31,461,252,209
WICHITA COUNTY,485,32 Years,1954,1042,912,1166,607,559,247,147,100,41,21,20,67,35,32,433,232,201
WICHITA COUNTY,485,33 Years,1847,968,879,1121,581,540,215,122,93,47,21,26,58,27,31,406,217,189
WICHITA COUNTY,485,34 Years,1768,943,825,1108,575,533,194,117,77,44,20,24,36,16,20,386,215,171
WICHITA COUNTY,485,35 Years,1730,928,802,1068,552,516,208,130,78,36,14,22,44,25,19,374,207,167
WICHITA COUNTY,485,36 Years,1643,868,775,972,495,477,200,122,78,33,14,19,41,20,21,397,217,180
WICHITA COUNTY,485,37 Years,1589,852,737,920,477,443,193,118,75,40,18,22,41,15,26,395,224,171
WICHITA COUNTY,485,38 Years,1670,884,786,1000,497,503,196,124,72,44,22,22,43,21,22,387,220,167
WICHITA COUNTY,485,39 Years,1654,876,778,1011,508,503,188,120,68,33,14,19,40,20,20,382,214,168
WICHITA COUNTY,485,40 Years,1627,860,767,1004,501,503,171,107,64,28,12,16,37,21,16,387,219,168
WICHITA COUNTY,485,41 Years,1590,855,735,991,513,478,169,104,65,33,15,18,32,16,16,365,207,158
WICHITA COUNTY,485,42 Years,1508,807,701,918,470,448,172,106,66,34,16,18,32,14,18,352,201,151
WICHITA COUNTY,485,43 Years,1404,752,652,842,431,411,152,96,56,30,14,16,33,15,18,347,196,151
WICHITA COUNTY,485,44 Years,1322,708,614,814,416,398,143,92,51,30,15,15,31,13,18,304,172,132
WICHITA COUNTY,485,45 Years,1305,707,598,807,423,384,145,89,56,31,17,14,26,11,15,296,167,129
WICHITA COUNTY,485,46 Years,1305,701,604,809,421,388,136,88,48,40,20,20,31,13,18,289,159,130
WICHITA COUNTY,485,47 Years,1292,687,605,817,417,400,127,83,44,39,19,20,27,11,16,282,157,125
WICHITA COUNTY,485,48 Years,1260,679,581,780,412,368,162,97,65,42,18,24,34,17,17,242,135,107
WICHITA COUNTY,485,49 Years,1285,686,599,822,428,394,153,94,59,47,18,29,28,16,12,235,130,105
WICHITA COUNTY,485,50 Years,1270,641,629,834,399,435,139,86,53,38,17,21,31,16,15,228,123,105
WICHITA COUNTY,485,51 Years,1313,645,668,883,418,465,133,81,52,37,17,20,34,13,21,226,116,110
WICHITA COUNTY,485,52 Years,1347,671,676,903,446,457,128,75,53,40,14,26,36,15,21,240,121,119
WICHITA COUNTY,485,53 Years,1253,639,614,826,421,405,128,76,52,43,15,28,28,13,15,228,114,114
WICHITA COUNTY,485,54 Years,1199,598,601,795,392,403,127,79,48,34,14,20,21,11,10,222,102,120
WICHITA COUNTY,485,55 Years,1209,599,610,823,400,423,112,69,43,31,16,15,18,7,11,225,107,118
WICHITA COUNTY,485,56 Years,1263,638,625,862,428,434,124,74,50,40,18,22,22,8,14,215,110,105
WICHITA COUNTY,485,57 Years,1397,704,693,975,487,488,132,73,59,43,15,28,29,10,19,218,119,99
WICHITA COUNTY,485,58 Years,1470,719,751,1045,508,537,124,70,54,48,16,32,31,13,18,222,112,110
WICHITA COUNTY,485,59 Years,1529,722,807,1109,519,590,116,66,50,53,16,37,33,15,18,218,106,112
WICHITA COUNTY,485,60 Years,1572,728,844,1163,527,636,130,70,60,40,16,24,33,14,19,206,101,105
WICHITA COUNTY,485,61 Years,1611,780,831,1205,581,624,143,71,72,28,13,15,32,14,18,203,101,102
WICHITA COUNTY,485,62 Years,1595,799,796,1190,597,593,134,66,68,41,14,27,33,20,13,197,102,95
WICHITA COUNTY,485,63 Years,1535,758,777,1147,574,573,127,58,69,31,11,20,30,16,14,200,99,101
WICHITA COUNTY,485,64 Years,1555,748,807,1177,566,611,119,57,62,32,9,23,27,13,14,200,103,97
WICHITA COUNTY,485,65 Years,1513,709,804,1152,534,618,102,47,55,38,13,25,28,12,16,193,103,90
WICHITA COUNTY,485,66 Years,1447,681,766,1120,524,596,103,42,61,27,9,18,26,11,15,171,95,76
WICHITA COUNTY,485,67 Years,1415,684,731,1099,524,575,105,53,52,33,14,19,23,12,11,155,81,74
WICHITA COUNTY,485,68 Years,1326,647,679,1038,493,545,92,52,40,38,16,22,21,12,9,137,74,63
WICHITA COUNTY,485,69 Years,1253,611,642,974,464,510,93,43,50,30,15,15,21,13,8,135,76,59
WICHITA COUNTY,485,70 Years,1182,568,614,923,437,486,85,39,46,21,10,11,21,12,9,132,70,62
WICHITA COUNTY,485,71 Years,1122,513,609,873,396,477,89,40,49,25,10,15,19,10,9,116,57,59
WICHITA COUNTY,485,72 Years,1077,497,580,855,400,455,82,34,48,19,5,14,19,9,10,102,49,53
WICHITA COUNTY,485,73 Years,989,448,541,794,364,430,62,26,36,18,5,13,16,6,10,99,47,52
WICHITA COUNTY,485,74 Years,952,429,523,771,350,421,48,22,26,21,7,14,18,6,12,94,44,50
WICHITA COUNTY,485,75 Years,940,413,527,771,343,428,47,19,28,21,8,13,15,5,10,86,38,48
WICHITA COUNTY,485,76 Years,789,343,446,641,284,357,48,17,31,15,5,10,11,5,6,74,32,42
WICHITA COUNTY,485,77 Years,723,331,392,581,271,310,46,20,26,13,4,9,10,4,6,73,32,41
WICHITA COUNTY,485,78 Years,704,309,395,566,250,316,47,19,28,12,5,7,13,5,8,66,30,36
WICHITA COUNTY,485,79 Years,667,285,382,548,239,309,39,14,25,10,4,6,12,4,8,58,24,34
WICHITA COUNTY,485,80 Years,606,255,351,502,216,286,35,12,23,9,5,4,11,4,7,49,18,31
WICHITA COUNTY,485,81 Years,562,232,330,463,191,272,33,15,18,11,5,6,10,3,7,45,18,27
WICHITA COUNTY,485,82 Years,498,205,293,411,173,238,31,11,20,7,2,5,7,3,4,42,16,26
WICHITA COUNTY,485,83 Years,451,171,280,377,144,233,34,11,23,6,1,5,3,1,2,31,14,17
WICHITA COUNTY,485,84 Years,428,156,272,356,133,223,32,8,24,6,1,5,4,1,3,30,13,17
WICHITA COUNTY,485,85 Years,390,151,239,324,129,195,25,6,19,6,1,5,5,2,3,30,13,17
WICHITA COUNTY,485,86 Years,360,133,227,300,113,187,21,5,16,6,2,4,4,1,3,29,12,17
WICHITA COUNTY,485,87 Years,338,125,213,285,106,179,17,6,11,3,1,2,4,1,3,29,11,18
WICHITA COUNTY,485,88 Years,310,108,202,267,94,173,14,5,9,2,0,2,4,1,3,23,8,15
WICHITA COUNTY,485,89 Years,266,87,179,229,76,153,14,5,9,2,0,2,4,1,3,17,5,12
WICHITA COUNTY,485,90 Years,233,73,160,203,66,137,12,3,9,2,0,2,3,1,2,13,3,10
WICHITA COUNTY,485,91 Years,194,62,132,167,56,111,11,2,9,3,0,3,2,1,1,11,3,8
WICHITA COUNTY,485,92 Years,158,50,108,136,45,91,10,2,8,2,0,2,2,1,1,8,2,6
WICHITA COUNTY,485,93 Years,123,37,86,105,35,70,7,1,6,2,0,2,1,0,1,8,1,7
WICHITA COUNTY,485,94 Years,103,29,74,90,27,63,5,1,4,1,0,1,1,0,1,6,1,5
WICHITA COUNTY,485,95 Years +,273,66,207,229,52,177,18,6,12,3,0,3,3,1,2,20,7,13
WILBARGER COUNTY,487,All Ages,12530,6158,6372,6824,3290,3534,1105,580,525,129,64,65,416,211,205,4056,2013,2043
WILBARGER COUNTY,487,< 1 Year,160,81,79,64,32,32,13,8,5,2,1,1,10,5,5,71,35,36
WILBARGER COUNTY,487,1 Years,161,83,78,65,33,32,14,8,6,2,1,1,7,4,3,73,37,36
WILBARGER COUNTY,487,2 Years,162,82,80,66,33,33,14,7,7,2,1,1,7,4,3,73,37,36
WILBARGER COUNTY,487,3 Years,166,87,79,63,35,28,12,6,6,1,0,1,12,7,5,78,39,39
WILBARGER COUNTY,487,4 Years,160,85,75,58,32,26,12,8,4,2,1,1,12,7,5,76,37,39
WILBARGER COUNTY,487,5 Years,152,79,73,56,29,27,12,7,5,2,1,1,12,8,4,70,34,36
WILBARGER COUNTY,487,6 Years,153,74,79,57,27,30,14,7,7,2,0,2,14,8,6,66,32,34
WILBARGER COUNTY,487,7 Years,148,75,73,55,27,28,14,7,7,4,3,1,11,7,4,64,31,33
WILBARGER COUNTY,487,8 Years,151,86,65,55,32,23,12,6,6,4,3,1,13,7,6,67,38,29
WILBARGER COUNTY,487,9 Years,143,81,62,54,31,23,9,4,5,3,2,1,10,5,5,67,39,28
WILBARGER COUNTY,487,10 Years,141,76,65,58,31,27,8,4,4,3,1,2,5,2,3,67,38,29
WILBARGER COUNTY,487,11 Years,137,71,66,57,28,29,9,4,5,0,0,0,5,1,4,66,38,28
WILBARGER COUNTY,487,12 Years,136,70,66,53,26,27,11,6,5,2,2,0,6,4,2,64,32,32
WILBARGER COUNTY,487,13 Years,133,61,72,55,26,29,10,6,4,2,1,1,5,2,3,61,26,35
WILBARGER COUNTY,487,14 Years,134,59,75,54,25,29,13,6,7,2,1,1,6,4,2,59,23,36
WILBARGER COUNTY,487,15 Years,134,55,79,54,23,31,14,6,8,1,1,0,7,4,3,58,21,37
WILBARGER COUNTY,487,16 Years,143,66,77,59,27,32,14,5,9,1,1,0,7,5,2,62,28,34
WILBARGER COUNTY,487,17 Years,142,69,73,61,31,30,12,4,8,1,1,0,7,3,4,61,30,31
WILBARGER COUNTY,487,18 Years,168,91,77,77,44,33,10,5,5,3,1,2,6,2,4,72,39,33
WILBARGER COUNTY,487,19 Years,177,98,79,77,43,34,20,14,6,4,1,3,7,4,3,69,36,33
WILBARGER COUNTY,487,20 Years,188,105,83,86,46,40,22,17,5,2,1,1,8,6,2,70,35,35
WILBARGER COUNTY,487,21 Years,172,93,79,84,45,39,19,13,6,1,1,0,6,5,1,62,29,33
WILBARGER COUNTY,487,22 Years,159,89,70,78,44,34,14,9,5,2,2,0,5,4,1,60,30,30
WILBARGER COUNTY,487,23 Years,155,95,60,69,41,28,16,11,5,4,3,1,5,5,0,61,35,26
WILBARGER COUNTY,487,24 Years,156,95,61,69,40,29,18,13,5,3,1,2,6,5,1,60,36,24
WILBARGER COUNTY,487,25 Years,158,86,72,77,43,34,19,11,8,2,0,2,5,2,3,55,30,25
WILBARGER COUNTY,487,26 Years,159,80,79,79,43,36,19,9,10,2,1,1,5,1,4,54,26,28
WILBARGER COUNTY,487,27 Years,156,81,75,77,41,36,17,10,7,3,2,1,5,3,2,54,25,29
WILBARGER COUNTY,487,28 Years,142,70,72,67,34,33,14,8,6,4,2,2,5,3,2,52,23,29
WILBARGER COUNTY,487,29 Years,156,81,75,72,37,35,14,8,6,5,2,3,7,5,2,58,29,29
WILBARGER COUNTY,487,30 Years,154,80,74,70,36,34,15,7,8,5,2,3,4,2,2,60,33,27
WILBARGER COUNTY,487,31 Years,158,78,80,82,42,40,12,5,7,5,2,3,4,3,1,55,26,29
WILBARGER COUNTY,487,32 Years,166,82,84,92,47,45,17,11,6,3,2,1,4,2,2,50,20,30
WILBARGER COUNTY,487,33 Years,157,72,85,86,40,46,15,9,6,2,2,0,2,0,2,52,21,31
WILBARGER COUNTY,487,34 Years,149,68,81,75,31,44,14,7,7,2,1,1,2,1,1,56,28,28
WILBARGER COUNTY,487,35 Years,153,67,86,73,27,46,12,5,7,2,1,1,5,3,2,61,31,30
WILBARGER COUNTY,487,36 Years,165,76,89,80,37,43,19,7,12,2,1,1,4,2,2,60,29,31
WILBARGER COUNTY,487,37 Years,166,80,86,82,40,42,22,9,13,2,1,1,4,2,2,56,28,28
WILBARGER COUNTY,487,38 Years,185,91,94,91,43,48,14,7,7,2,1,1,4,1,3,74,39,35
WILBARGER COUNTY,487,39 Years,179,84,95,85,43,42,13,6,7,1,0,1,5,1,4,75,34,41
WILBARGER COUNTY,487,40 Years,163,80,83,78,40,38,12,5,7,1,0,1,6,1,5,66,34,32
WILBARGER COUNTY,487,41 Years,150,70,80,80,35,45,10,5,5,1,0,1,5,1,4,54,29,25
WILBARGER COUNTY,487,42 Years,140,68,72,79,36,43,12,5,7,2,1,1,3,1,2,44,25,19
WILBARGER COUNTY,487,43 Years,150,74,76,89,46,43,15,6,9,1,0,1,5,2,3,40,20,20
WILBARGER COUNTY,487,44 Years,155,81,74,84,48,36,16,7,9,1,0,1,4,2,2,50,24,26
WILBARGER COUNTY,487,45 Years,154,81,73,82,42,40,16,8,8,2,2,0,1,0,1,53,29,24
WILBARGER COUNTY,487,46 Years,143,67,76,75,37,38,15,9,6,2,1,1,2,0,2,49,20,29
WILBARGER COUNTY,487,47 Years,125,62,63,67,32,35,13,10,3,1,0,1,2,1,1,42,19,23
WILBARGER COUNTY,487,48 Years,129,60,69,70,31,39,14,8,6,1,0,1,2,1,1,42,20,22
WILBARGER COUNTY,487,49 Years,150,77,73,82,42,40,17,10,7,1,1,0,3,2,1,47,22,25
WILBARGER COUNTY,487,50 Years,144,75,69,80,41,39,14,8,6,1,0,1,3,1,2,46,25,21
WILBARGER COUNTY,487,51 Years,153,74,79,89,43,46,13,6,7,1,0,1,4,1,3,46,24,22
WILBARGER COUNTY,487,52 Years,147,69,78,79,39,40,15,8,7,1,0,1,5,1,4,47,21,26
WILBARGER COUNTY,487,53 Years,118,48,70,64,25,39,13,6,7,1,0,1,4,1,3,36,16,20
WILBARGER COUNTY,487,54 Years,119,50,69,64,27,37,11,5,6,2,0,2,4,1,3,38,17,21
WILBARGER COUNTY,487,55 Years,129,68,61,74,39,35,12,5,7,2,1,1,3,3,0,38,20,18
WILBARGER COUNTY,487,56 Years,141,72,69,88,45,43,13,5,8,1,1,0,2,2,0,37,19,18
WILBARGER COUNTY,487,57 Years,149,71,78,93,46,47,11,5,6,1,0,1,3,1,2,41,19,22
WILBARGER COUNTY,487,58 Years,153,81,72,97,50,47,10,7,3,1,0,1,6,3,3,39,21,18
WILBARGER COUNTY,487,59 Years,165,82,83,111,52,59,13,8,5,1,0,1,5,2,3,35,20,15
WILBARGER COUNTY,487,60 Years,176,81,95,116,53,63,13,9,4,1,0,1,6,0,6,40,19,21
WILBARGER COUNTY,487,61 Years,187,84,103,121,52,69,12,7,5,1,1,0,8,3,5,45,21,24
WILBARGER COUNTY,487,62 Years,184,93,91,115,58,57,13,8,5,0,0,0,5,4,1,51,23,28
WILBARGER COUNTY,487,63 Years,172,88,84,104,51,53,13,7,6,1,1,0,5,3,2,49,26,23
WILBARGER COUNTY,487,64 Years,167,78,89,109,52,57,14,6,8,1,1,0,3,2,1,40,17,23
WILBARGER COUNTY,487,65 Years,156,67,89,102,44,58,12,6,6,0,0,0,4,1,3,38,16,22
WILBARGER COUNTY,487,66 Years,157,75,82,104,47,57,11,6,5,0,0,0,4,2,2,38,20,18
WILBARGER COUNTY,487,67 Years,155,76,79,106,47,59,14,9,5,1,1,0,3,1,2,31,18,13
WILBARGER COUNTY,487,68 Years,162,81,81,109,52,57,19,11,8,1,1,0,4,3,1,29,14,15
WILBARGER COUNTY,487,69 Years,151,74,77,108,52,56,17,9,8,0,0,0,2,1,1,24,12,12
WILBARGER COUNTY,487,70 Years,140,72,68,104,52,52,12,7,5,0,0,0,3,2,1,21,11,10
WILBARGER COUNTY,487,71 Years,131,67,64,94,47,47,15,9,6,0,0,0,3,1,2,19,10,9
WILBARGER COUNTY,487,72 Years,118,55,63,85,39,46,14,8,6,0,0,0,2,0,2,17,8,9
WILBARGER COUNTY,487,73 Years,102,50,52,74,37,37,9,4,5,0,0,0,2,1,1,17,8,9
WILBARGER COUNTY,487,74 Years,115,53,62,86,39,47,6,2,4,0,0,0,3,2,1,20,10,10
WILBARGER COUNTY,487,75 Years,111,55,56,86,39,47,5,3,2,0,0,0,3,2,1,17,11,6
WILBARGER COUNTY,487,76 Years,99,48,51,73,32,41,6,3,3,1,1,0,2,1,1,17,11,6
WILBARGER COUNTY,487,77 Years,97,46,51,71,32,39,8,4,4,0,0,0,2,1,1,16,9,7
WILBARGER COUNTY,487,78 Years,97,42,55,74,32,42,7,3,4,0,0,0,1,0,1,15,7,8
WILBARGER COUNTY,487,79 Years,85,34,51,68,26,42,4,2,2,0,0,0,2,1,1,11,5,6
WILBARGER COUNTY,487,80 Years,78,31,47,62,26,36,4,0,4,0,0,0,2,1,1,10,4,6
WILBARGER COUNTY,487,81 Years,74,31,43,56,22,34,3,1,2,0,0,0,2,1,1,13,7,6
WILBARGER COUNTY,487,82 Years,73,30,43,56,22,34,5,1,4,0,0,0,2,1,1,10,6,4
WILBARGER COUNTY,487,83 Years,61,27,34,49,21,28,5,2,3,0,0,0,0,0,0,7,4,3
WILBARGER COUNTY,487,84 Years,49,24,25,41,20,21,2,1,1,0,0,0,0,0,0,6,3,3
WILBARGER COUNTY,487,85 Years,42,16,26,35,14,21,0,0,0,0,0,0,2,0,2,5,2,3
WILBARGER COUNTY,487,86 Years,41,14,27,31,11,20,4,1,3,0,0,0,1,0,1,5,2,3
WILBARGER COUNTY,487,87 Years,40,15,25,32,12,20,5,1,4,0,0,0,0,0,0,3,2,1
WILBARGER COUNTY,487,88 Years,34,12,22,27,9,18,3,1,2,0,0,0,0,0,0,4,2,2
WILBARGER COUNTY,487,89 Years,31,10,21,25,8,17,3,1,2,0,0,0,1,0,1,2,1,1
WILBARGER COUNTY,487,90 Years,24,6,18,19,4,15,2,0,2,0,0,0,1,1,0,2,1,1
WILBARGER COUNTY,487,91 Years,21,4,17,17,4,13,2,0,2,0,0,0,0,0,0,2,0,2
WILBARGER COUNTY,487,92 Years,19,5,14,15,4,11,0,0,0,0,0,0,0,0,0,4,1,3
WILBARGER COUNTY,487,93 Years,16,5,11,14,5,9,0,0,0,0,0,0,0,0,0,2,0,2
WILBARGER COUNTY,487,94 Years,14,5,9,11,5,6,1,0,1,0,0,0,1,0,1,1,0,1
WILBARGER COUNTY,487,95 Years +,40,12,28,28,9,19,5,2,3,0,0,0,1,0,1,6,1,5
WILLACY COUNTY,489,All Ages,20124,11200,8924,1689,941,748,369,323,46,138,110,28,99,48,51,17829,9778,8051
WILLACY COUNTY,489,< 1 Year,242,122,120,14,7,7,2,1,1,0,0,0,2,1,1,224,113,111
WILLACY COUNTY,489,1 Years,245,124,121,17,8,9,2,1,1,0,0,0,2,1,1,224,114,110
WILLACY COUNTY,489,2 Years,248,126,122,17,9,8,2,1,1,0,0,0,2,1,1,227,115,112
WILLACY COUNTY,489,3 Years,246,119,127,11,6,5,2,1,1,0,0,0,2,1,1,231,111,120
WILLACY COUNTY,489,4 Years,249,121,128,13,8,5,1,1,0,0,0,0,2,0,2,233,112,121
WILLACY COUNTY,489,5 Years,256,123,133,11,6,5,0,0,0,1,0,1,2,0,2,242,117,125
WILLACY COUNTY,489,6 Years,265,125,140,10,4,6,1,1,0,1,0,1,1,0,1,252,120,132
WILLACY COUNTY,489,7 Years,269,131,138,13,7,6,1,1,0,0,0,0,1,0,1,254,123,131
WILLACY COUNTY,489,8 Years,266,134,132,14,8,6,4,2,2,1,1,0,1,1,0,246,122,124
WILLACY COUNTY,489,9 Years,270,140,130,14,9,5,1,1,0,1,1,0,1,1,0,253,128,125
WILLACY COUNTY,489,10 Years,273,139,134,16,10,6,0,0,0,1,1,0,0,0,0,256,128,128
WILLACY COUNTY,489,11 Years,282,144,138,18,12,6,0,0,0,1,1,0,0,0,0,263,131,132
WILLACY COUNTY,489,12 Years,262,128,134,16,9,7,1,0,1,1,1,0,1,0,1,243,118,125
WILLACY COUNTY,489,13 Years,244,119,125,19,10,9,2,1,1,0,0,0,1,0,1,222,108,114
WILLACY COUNTY,489,14 Years,248,124,124,19,11,8,1,1,0,0,0,0,2,1,1,226,111,115
WILLACY COUNTY,489,15 Years,257,129,128,18,8,10,0,0,0,0,0,0,2,2,0,237,119,118
WILLACY COUNTY,489,16 Years,241,120,121,15,8,7,1,0,1,0,0,0,1,0,1,224,112,112
WILLACY COUNTY,489,17 Years,247,124,123,14,8,6,1,0,1,0,0,0,2,1,1,230,115,115
WILLACY COUNTY,489,18 Years,355,207,148,22,14,8,4,3,1,5,4,1,2,2,0,322,184,138
WILLACY COUNTY,489,19 Years,345,214,131,20,13,7,10,10,0,7,7,0,1,0,1,307,184,123
WILLACY COUNTY,489,20 Years,370,234,136,22,15,7,11,9,2,8,7,1,1,0,1,328,203,125
WILLACY COUNTY,489,21 Years,387,251,136,22,14,8,11,11,0,8,7,1,2,1,1,344,218,126
WILLACY COUNTY,489,22 Years,367,240,127,21,13,8,17,15,2,7,6,1,1,0,1,321,206,115
WILLACY COUNTY,489,23 Years,363,237,126,20,12,8,18,16,2,4,3,1,3,1,2,318,205,113
WILLACY COUNTY,489,24 Years,380,260,120,22,15,7,17,16,1,6,5,1,4,3,1,331,221,110
WILLACY COUNTY,489,25 Years,372,250,122,20,14,6,15,14,1,7,4,3,4,1,3,326,217,109
WILLACY COUNTY,489,26 Years,353,238,115,16,11,5,18,18,0,2,2,0,4,1,3,313,206,107
WILLACY COUNTY,489,27 Years,389,262,127,19,12,7,20,19,1,11,10,1,4,2,2,335,219,116
WILLACY COUNTY,489,28 Years,352,228,124,23,15,8,10,8,2,5,5,0,3,1,2,311,199,112
WILLACY COUNTY,489,29 Years,363,237,126,26,19,7,15,12,3,3,3,0,1,0,1,318,203,115
WILLACY COUNTY,489,30 Years,329,209,120,20,13,7,17,14,3,2,2,0,1,0,1,289,180,109
WILLACY COUNTY,489,31 Years,317,202,115,23,14,9,10,9,1,1,1,0,1,1,0,282,177,105
WILLACY COUNTY,489,32 Years,326,214,112,20,12,8,17,15,2,6,6,0,1,1,0,282,180,102
WILLACY COUNTY,489,33 Years,298,194,104,17,10,7,8,7,1,2,2,0,0,0,0,271,175,96
WILLACY COUNTY,489,34 Years,281,180,101,14,7,7,7,5,2,1,1,0,1,1,0,258,166,92
WILLACY COUNTY,489,35 Years,272,179,93,15,9,6,7,7,0,4,4,0,0,0,0,246,159,87
WILLACY COUNTY,489,36 Years,287,187,100,15,10,5,9,8,1,3,1,2,1,1,0,259,167,92
WILLACY COUNTY,489,37 Years,284,183,101,19,12,7,10,8,2,4,3,1,0,0,0,251,160,91
WILLACY COUNTY,489,38 Years,256,167,89,13,8,5,6,6,0,1,1,0,0,0,0,236,152,84
WILLACY COUNTY,489,39 Years,281,186,95,17,11,6,11,9,2,3,2,1,1,1,0,249,163,86
WILLACY COUNTY,489,40 Years,262,171,91,19,14,5,4,3,1,2,2,0,1,1,0,236,151,85
WILLACY COUNTY,489,41 Years,258,168,90,19,14,5,5,5,0,3,2,1,0,0,0,231,147,84
WILLACY COUNTY,489,42 Years,252,156,96,17,9,8,6,6,0,1,1,0,0,0,0,228,140,88
WILLACY COUNTY,489,43 Years,247,155,92,21,12,9,3,3,0,2,2,0,0,0,0,221,138,83
WILLACY COUNTY,489,44 Years,246,146,100,17,10,7,2,2,0,2,2,0,0,0,0,225,132,93
WILLACY COUNTY,489,45 Years,241,136,105,13,8,5,4,4,0,1,1,0,1,0,1,222,123,99
WILLACY COUNTY,489,46 Years,236,133,103,12,8,4,4,4,0,2,1,1,1,0,1,217,120,97
WILLACY COUNTY,489,47 Years,226,130,96,16,11,5,6,6,0,1,1,0,1,0,1,202,112,90
WILLACY COUNTY,489,48 Years,237,136,101,16,11,5,3,3,0,2,2,0,1,0,1,215,120,95
WILLACY COUNTY,489,49 Years,231,133,98,18,12,6,3,3,0,2,0,2,2,1,1,206,117,89
WILLACY COUNTY,489,50 Years,216,116,100,16,10,6,5,5,0,2,2,0,1,1,0,192,98,94
WILLACY COUNTY,489,51 Years,205,110,95,15,11,4,4,4,0,0,0,0,1,1,0,185,94,91
WILLACY COUNTY,489,52 Years,194,104,90,17,12,5,2,2,0,0,0,0,1,1,0,174,89,85
WILLACY COUNTY,489,53 Years,187,101,86,19,9,10,4,4,0,0,0,0,1,1,0,163,87,76
WILLACY COUNTY,489,54 Years,184,100,84,16,9,7,3,3,0,2,1,1,1,0,1,162,87,75
WILLACY COUNTY,489,55 Years,173,91,82,15,9,6,3,3,0,1,1,0,0,0,0,154,78,76
WILLACY COUNTY,489,56 Years,156,84,72,16,9,7,1,1,0,1,1,0,0,0,0,138,73,65
WILLACY COUNTY,489,57 Years,180,85,95,17,8,9,4,4,0,0,0,0,1,0,1,158,73,85
WILLACY COUNTY,489,58 Years,189,85,104,20,11,9,2,2,0,1,0,1,0,0,0,166,72,94
WILLACY COUNTY,489,59 Years,178,75,103,22,12,10,1,1,0,2,0,2,0,0,0,153,62,91
WILLACY COUNTY,489,60 Years,176,71,105,18,10,8,0,0,0,1,0,1,1,1,0,156,60,96
WILLACY COUNTY,489,61 Years,178,79,99,20,11,9,0,0,0,1,0,1,2,2,0,155,66,89
WILLACY COUNTY,489,62 Years,193,92,101,26,13,13,1,1,0,1,0,1,1,1,0,164,77,87
WILLACY COUNTY,489,63 Years,185,94,91,21,11,10,0,0,0,0,0,0,1,0,1,163,83,80
WILLACY COUNTY,489,64 Years,171,86,85,25,11,14,1,1,0,0,0,0,0,0,0,145,74,71
WILLACY COUNTY,489,65 Years,166,75,91,29,12,17,0,0,0,0,0,0,1,0,1,136,63,73
WILLACY COUNTY,489,66 Years,165,81,84,22,10,12,1,1,0,0,0,0,0,0,0,142,70,72
WILLACY COUNTY,489,67 Years,179,81,98,26,12,14,0,0,0,1,0,1,0,0,0,152,69,83
WILLACY COUNTY,489,68 Years,182,78,104,29,14,15,1,0,1,0,0,0,1,0,1,151,64,87
WILLACY COUNTY,489,69 Years,181,81,100,27,13,14,0,0,0,0,0,0,1,0,1,153,68,85
WILLACY COUNTY,489,70 Years,173,72,101,23,11,12,1,0,1,0,0,0,0,0,0,149,61,88
WILLACY COUNTY,489,71 Years,153,65,88,22,11,11,1,0,1,0,0,0,0,0,0,130,54,76
WILLACY COUNTY,489,72 Years,147,67,80,22,9,13,1,0,1,0,0,0,1,1,0,123,57,66
WILLACY COUNTY,489,73 Years,159,77,82,28,10,18,0,0,0,0,0,0,1,1,0,130,66,64
WILLACY COUNTY,489,74 Years,136,62,74,21,10,11,0,0,0,0,0,0,0,0,0,115,52,63
WILLACY COUNTY,489,75 Years,122,49,73,18,10,8,1,0,1,0,0,0,0,0,0,103,39,64
WILLACY COUNTY,489,76 Years,119,51,68,19,8,11,0,0,0,0,0,0,1,0,1,99,43,56
WILLACY COUNTY,489,77 Years,111,55,56,22,13,9,0,0,0,0,0,0,1,0,1,88,42,46
WILLACY COUNTY,489,78 Years,110,56,54,24,12,12,1,0,1,0,0,0,0,0,0,85,44,41
WILLACY COUNTY,489,79 Years,101,45,56,28,11,17,0,0,0,0,0,0,1,1,0,72,33,39
WILLACY COUNTY,489,80 Years,99,44,55,25,11,14,0,0,0,0,0,0,1,1,0,73,32,41
WILLACY COUNTY,489,81 Years,98,43,55,23,13,10,0,0,0,0,0,0,1,1,0,74,29,45
WILLACY COUNTY,489,82 Years,88,35,53,21,12,9,0,0,0,0,0,0,2,0,2,65,23,42
WILLACY COUNTY,489,83 Years,75,32,43,22,11,11,1,1,0,0,0,0,1,1,0,51,19,32
WILLACY COUNTY,489,84 Years,67,31,36,19,11,8,0,0,0,0,0,0,1,1,0,47,19,28
WILLACY COUNTY,489,85 Years,53,25,28,14,8,6,0,0,0,0,0,0,1,1,0,38,16,22
WILLACY COUNTY,489,86 Years,45,18,27,9,5,4,0,0,0,0,0,0,2,1,1,34,12,22
WILLACY COUNTY,489,87 Years,43,17,26,6,3,3,0,0,0,0,0,0,2,1,1,35,13,22
WILLACY COUNTY,489,88 Years,35,15,20,7,3,4,0,0,0,0,0,0,1,1,0,27,11,16
WILLACY COUNTY,489,89 Years,35,12,23,9,3,6,0,0,0,0,0,0,0,0,0,26,9,17
WILLACY COUNTY,489,90 Years,27,8,19,6,2,4,0,0,0,0,0,0,0,0,0,21,6,15
WILLACY COUNTY,489,91 Years,24,6,18,5,1,4,0,0,0,0,0,0,0,0,0,19,5,14
WILLACY COUNTY,489,92 Years,18,6,12,4,1,3,0,0,0,0,0,0,0,0,0,14,5,9
WILLACY COUNTY,489,93 Years,18,5,13,3,1,2,0,0,0,0,0,0,0,0,0,15,4,11
WILLACY COUNTY,489,94 Years,16,5,11,3,1,2,0,0,0,0,0,0,0,0,0,13,4,9
WILLACY COUNTY,489,95 Years +,41,15,26,7,3,4,0,0,0,0,0,0,0,0,0,34,12,22
WILLIAMSON COUNTY,491,All Ages,698870,345001,353869,398920,196236,202684,45123,22429,22694,51668,25793,25875,23074,11637,11437,180085,88906,91179
WILLIAMSON COUNTY,491,< 1 Year,8860,4554,4306,3468,1778,1690,604,307,297,745,388,357,1012,526,486,3031,1555,1476
WILLIAMSON COUNTY,491,1 Years,8053,4100,3953,3363,1713,1650,600,305,295,516,262,254,471,239,232,3103,1581,1522
WILLIAMSON COUNTY,491,2 Years,7954,4048,3906,3346,1702,1644,585,297,288,506,258,248,460,235,225,3057,1556,1501
WILLIAMSON COUNTY,491,3 Years,7978,4027,3951,3549,1794,1755,533,266,267,533,275,258,568,285,283,2795,1407,1388
WILLIAMSON COUNTY,491,4 Years,8101,4083,4018,3699,1869,1830,527,258,269,570,296,274,592,298,294,2713,1362,1351
WILLIAMSON COUNTY,491,5 Years,8248,4151,4097,3868,1971,1897,527,248,279,581,297,284,572,286,286,2700,1349,1351
WILLIAMSON COUNTY,491,6 Years,8529,4339,4190,4106,2111,1995,536,253,283,634,330,304,551,280,271,2702,1365,1337
WILLIAMSON COUNTY,491,7 Years,8928,4563,4365,4363,2242,2121,558,269,289,705,367,338,551,278,273,2751,1407,1344
WILLIAMSON COUNTY,491,8 Years,9597,4965,4632,4612,2375,2237,625,322,303,810,418,392,621,309,312,2929,1541,1388
WILLIAMSON COUNTY,491,9 Years,9827,5080,4747,4709,2419,2290,631,327,304,843,436,407,627,313,314,3017,1585,1432
WILLIAMSON COUNTY,491,10 Years,9801,5076,4725,4718,2446,2272,597,311,286,839,440,399,611,317,294,3036,1562,1474
WILLIAMSON COUNTY,491,11 Years,9924,5133,4791,4787,2503,2284,592,312,280,841,449,392,592,313,279,3112,1556,1556
WILLIAMSON COUNTY,491,12 Years,9854,5002,4852,4704,2399,2305,613,312,301,822,440,382,571,314,257,3144,1537,1607
WILLIAMSON COUNTY,491,13 Years,9602,4851,4751,4726,2368,2358,595,311,284,712,384,328,521,286,235,3048,1502,1546
WILLIAMSON COUNTY,491,14 Years,9782,4990,4792,4858,2484,2374,632,330,302,732,385,347,491,258,233,3069,1533,1536
WILLIAMSON COUNTY,491,15 Years,9801,5017,4784,4861,2495,2366,633,316,317,717,376,341,496,265,231,3094,1565,1529
WILLIAMSON COUNTY,491,16 Years,9671,4993,4678,4761,2445,2316,659,335,324,714,387,327,466,257,209,3071,1569,1502
WILLIAMSON COUNTY,491,17 Years,9532,4971,4561,4750,2489,2261,631,339,292,711,379,332,437,229,208,3003,1535,1468
WILLIAMSON COUNTY,491,18 Years,9391,4848,4543,4732,2464,2268,573,291,282,657,329,328,446,238,208,2983,1526,1457
WILLIAMSON COUNTY,491,19 Years,9007,4608,4399,4540,2349,2191,588,290,298,617,314,303,413,209,204,2849,1446,1403
WILLIAMSON COUNTY,491,20 Years,8854,4478,4376,4446,2262,2184,608,313,295,596,297,299,371,193,178,2833,1413,1420
WILLIAMSON COUNTY,491,21 Years,8754,4441,4313,4335,2221,2114,597,304,293,600,296,304,362,192,170,2860,1428,1432
WILLIAMSON COUNTY,491,22 Years,8095,4138,3957,3995,2071,1924,594,304,290,501,244,257,337,170,167,2668,1349,1319
WILLIAMSON COUNTY,491,23 Years,7371,3762,3609,3617,1840,1777,576,305,271,390,205,185,302,146,156,2486,1266,1220
WILLIAMSON COUNTY,491,24 Years,7286,3675,3611,3595,1781,1814,569,297,272,393,217,176,290,146,144,2439,1234,1205
WILLIAMSON COUNTY,491,25 Years,7554,3800,3754,3798,1892,1906,546,275,271,445,238,207,307,159,148,2458,1236,1222
WILLIAMSON COUNTY,491,26 Years,8000,4029,3971,4083,2051,2032,586,282,304,523,268,255,314,161,153,2494,1267,1227
WILLIAMSON COUNTY,491,27 Years,8493,4257,4236,4449,2241,2208,614,296,318,524,257,267,321,165,156,2585,1298,1287
WILLIAMSON COUNTY,491,28 Years,9084,4456,4628,4640,2296,2344,778,400,378,663,302,361,326,159,167,2677,1299,1378
WILLIAMSON COUNTY,491,29 Years,9393,4676,4717,4870,2448,2422,844,432,412,688,328,360,317,152,165,2674,1316,1358
WILLIAMSON COUNTY,491,30 Years,9372,4638,4734,4898,2471,2427,790,410,380,669,296,373,298,140,158,2717,1321,1396
WILLIAMSON COUNTY,491,31 Years,9243,4560,4683,4823,2401,2422,724,380,344,661,316,345,285,148,137,2750,1315,1435
WILLIAMSON COUNTY,491,32 Years,9337,4675,4662,4928,2475,2453,718,389,329,657,312,345,267,142,125,2767,1357,1410
WILLIAMSON COUNTY,491,33 Years,10629,5341,5288,5550,2775,2775,806,429,377,986,468,518,294,155,139,2993,1514,1479
WILLIAMSON COUNTY,491,34 Years,11005,5506,5499,5775,2833,2942,773,397,376,1093,546,547,292,153,139,3072,1577,1495
WILLIAMSON COUNTY,491,35 Years,10994,5453,5541,5889,2897,2992,759,399,360,1012,471,541,266,129,137,3068,1557,1511
WILLIAMSON COUNTY,491,36 Years,11169,5511,5658,6037,2999,3038,803,412,391,1029,501,528,256,106,150,3044,1493,1551
WILLIAMSON COUNTY,491,37 Years,11500,5702,5798,6284,3162,3122,816,441,375,1105,553,552,277,132,145,3018,1414,1604
WILLIAMSON COUNTY,491,38 Years,11534,5769,5765,6293,3103,3190,731,399,332,1135,563,572,285,148,137,3090,1556,1534
WILLIAMSON COUNTY,491,39 Years,11960,6032,5928,6335,3164,3171,758,384,374,1281,642,639,296,156,140,3290,1686,1604
WILLIAMSON COUNTY,491,40 Years,12183,6087,6096,6465,3208,3257,825,427,398,1394,683,711,290,126,164,3209,1643,1566
WILLIAMSON COUNTY,491,41 Years,11977,6007,5970,6407,3262,3145,813,414,399,1359,643,716,289,122,167,3109,1566,1543
WILLIAMSON COUNTY,491,42 Years,12034,6056,5978,6379,3267,3112,833,432,401,1391,649,742,270,130,140,3161,1578,1583
WILLIAMSON COUNTY,491,43 Years,11339,5655,5684,6065,3023,3042,724,367,357,1217,599,618,279,141,138,3054,1525,1529
WILLIAMSON COUNTY,491,44 Years,11025,5494,5531,6055,2994,3061,695,338,357,1130,580,550,266,138,128,2879,1444,1435
WILLIAMSON COUNTY,491,45 Years,11022,5539,5483,6024,3010,3014,689,337,352,1218,645,573,257,139,118,2834,1408,1426
WILLIAMSON COUNTY,491,46 Years,10618,5302,5316,5769,2902,2867,708,333,375,1177,607,570,239,130,109,2725,1330,1395
WILLIAMSON COUNTY,491,47 Years,10289,5174,5115,5635,2867,2768,674,334,340,1101,570,531,247,120,127,2632,1283,1349
WILLIAMSON COUNTY,491,48 Years,9902,5041,4861,5501,2827,2674,622,302,320,1010,538,472,220,101,119,2549,1273,1276
WILLIAMSON COUNTY,491,49 Years,9628,4839,4789,5495,2799,2696,631,319,312,896,482,414,194,87,107,2412,1152,1260
WILLIAMSON COUNTY,491,50 Years,9683,4859,4824,5699,2899,2800,630,320,310,823,419,404,210,106,104,2321,1115,1206
WILLIAMSON COUNTY,491,51 Years,9856,5033,4823,5991,3104,2887,658,330,328,757,402,355,201,98,103,2249,1099,1150
WILLIAMSON COUNTY,491,52 Years,9824,4960,4864,6053,3090,2963,653,317,336,709,374,335,201,91,110,2208,1088,1120
WILLIAMSON COUNTY,491,53 Years,9128,4553,4575,5658,2857,2801,613,308,305,617,304,313,180,89,91,2060,995,1065
WILLIAMSON COUNTY,491,54 Years,8375,4215,4160,5207,2661,2546,600,311,289,542,277,265,142,68,74,1884,898,986
WILLIAMSON COUNTY,491,55 Years,7829,3920,3909,4951,2527,2424,540,271,269,494,243,251,140,67,73,1704,812,892
WILLIAMSON COUNTY,491,56 Years,7599,3732,3867,4838,2395,2443,541,254,287,444,216,228,125,63,62,1651,804,847
WILLIAMSON COUNTY,491,57 Years,7675,3781,3894,4921,2441,2480,549,251,298,426,203,223,126,64,62,1653,822,831
WILLIAMSON COUNTY,491,58 Years,7577,3703,3874,4928,2429,2499,545,246,299,403,188,215,132,71,61,1569,769,800
WILLIAMSON COUNTY,491,59 Years,7523,3618,3905,5011,2422,2589,522,240,282,393,190,203,133,65,68,1464,701,763
WILLIAMSON COUNTY,491,60 Years,7374,3558,3816,5024,2432,2592,503,239,264,360,176,184,123,59,64,1364,652,712
WILLIAMSON COUNTY,491,61 Years,7229,3479,3750,5001,2423,2578,476,226,250,315,147,168,121,59,62,1316,624,692
WILLIAMSON COUNTY,491,62 Years,7133,3412,3721,5014,2398,2616,453,228,225,301,144,157,122,58,64,1243,584,659
WILLIAMSON COUNTY,491,63 Years,6738,3198,3540,4757,2262,2495,453,220,233,302,131,171,122,58,64,1104,527,577
WILLIAMSON COUNTY,491,64 Years,6535,3063,3472,4678,2212,2466,391,191,200,305,136,169,109,49,60,1052,475,577
WILLIAMSON COUNTY,491,65 Years,6354,2923,3431,4591,2128,2463,367,175,192,277,126,151,101,46,55,1018,448,570
WILLIAMSON COUNTY,491,66 Years,6182,2852,3330,4506,2106,2400,372,175,197,260,120,140,100,50,50,944,401,543
WILLIAMSON COUNTY,491,67 Years,6119,2795,3324,4513,2085,2428,364,165,199,261,112,149,95,43,52,886,390,496
WILLIAMSON COUNTY,491,68 Years,5904,2619,3285,4423,1994,2429,307,129,178,254,104,150,79,32,47,841,360,481
WILLIAMSON COUNTY,491,69 Years,5759,2532,3227,4377,1939,2438,276,106,170,265,115,150,68,31,37,773,341,432
WILLIAMSON COUNTY,491,70 Years,5468,2376,3092,4144,1823,2321,268,101,167,254,101,153,72,28,44,730,323,407
WILLIAMSON COUNTY,491,71 Years,5197,2325,2872,3980,1813,2167,262,97,165,231,101,130,70,29,41,654,285,369
WILLIAMSON COUNTY,491,72 Years,5080,2249,2831,3949,1767,2182,237,91,146,225,96,129,70,33,37,599,262,337
WILLIAMSON COUNTY,491,73 Years,5173,2228,2945,4066,1747,2319,220,92,128,217,91,126,66,35,31,604,263,341
WILLIAMSON COUNTY,491,74 Years,5159,2213,2946,4149,1775,2374,191,84,107,200,88,112,63,33,30,556,233,323
WILLIAMSON COUNTY,491,75 Years,5088,2204,2884,4173,1804,2369,173,82,91,188,82,106,61,32,29,493,204,289
WILLIAMSON COUNTY,491,76 Years,4238,1878,2360,3472,1544,1928,130,56,74,160,74,86,48,23,25,428,181,247
WILLIAMSON COUNTY,491,77 Years,3614,1619,1995,2955,1337,1618,106,40,66,136,70,66,43,17,26,374,155,219
WILLIAMSON COUNTY,491,78 Years,3381,1521,1860,2799,1265,1534,88,34,54,132,72,60,43,18,25,319,132,187
WILLIAMSON COUNTY,491,79 Years,3210,1434,1776,2681,1206,1475,91,34,57,117,63,54,38,19,19,283,112,171
WILLIAMSON COUNTY,491,80 Years,2895,1287,1608,2440,1094,1346,79,30,49,94,47,47,26,14,12,256,102,154
WILLIAMSON COUNTY,491,81 Years,2555,1104,1451,2168,955,1213,65,23,42,81,34,47,26,11,15,215,81,134
WILLIAMSON COUNTY,491,82 Years,2175,948,1227,1825,809,1016,50,17,33,81,38,43,24,11,13,195,73,122
WILLIAMSON COUNTY,491,83 Years,1945,885,1060,1624,756,868,39,15,24,75,40,35,17,9,8,190,65,125
WILLIAMSON COUNTY,491,84 Years,1753,793,960,1470,685,785,36,15,21,57,26,31,14,7,7,176,60,116
WILLIAMSON COUNTY,491,85 Years,1580,698,882,1309,593,716,39,12,27,50,24,26,13,6,7,169,63,106
WILLIAMSON COUNTY,491,86 Years,1374,589,785,1146,501,645,30,8,22,43,21,22,11,5,6,144,54,90
WILLIAMSON COUNTY,491,87 Years,1206,499,707,1008,422,586,24,7,17,38,19,19,8,3,5,128,48,80
WILLIAMSON COUNTY,491,88 Years,1000,397,603,831,332,499,27,9,18,32,14,18,8,2,6,102,40,62
WILLIAMSON COUNTY,491,89 Years,857,319,538,719,271,448,24,7,17,26,9,17,7,3,4,81,29,52
WILLIAMSON COUNTY,491,90 Years,736,268,468,622,233,389,21,5,16,19,6,13,8,3,5,66,21,45
WILLIAMSON COUNTY,491,91 Years,612,218,394,516,189,327,16,4,12,13,4,9,7,2,5,60,19,41
WILLIAMSON COUNTY,491,92 Years,509,181,328,430,158,272,11,2,9,9,4,5,5,1,4,54,16,38
WILLIAMSON COUNTY,491,93 Years,413,140,273,353,121,232,11,3,8,7,3,4,4,2,2,38,11,27
WILLIAMSON COUNTY,491,94 Years,331,101,230,286,87,199,8,2,6,6,3,3,3,1,2,28,8,20
WILLIAMSON COUNTY,491,95 Years +,841,230,611,709,187,522,21,7,14,20,10,10,6,2,4,85,24,61
WILSON COUNTY,493,All Ages,52960,26616,26344,29410,14866,14544,739,422,317,166,55,111,753,388,365,21892,10885,11007
WILSON COUNTY,493,< 1 Year,541,277,264,224,115,109,9,4,5,2,1,1,19,10,9,287,147,140
WILSON COUNTY,493,1 Years,533,272,261,208,106,102,9,5,4,3,1,2,17,9,8,296,151,145
WILSON COUNTY,493,2 Years,533,273,260,210,107,103,10,6,4,2,1,1,17,9,8,294,150,144
WILSON COUNTY,493,3 Years,566,298,268,257,133,124,9,5,4,2,1,1,19,12,7,279,147,132
WILSON COUNTY,493,4 Years,587,310,277,286,145,141,8,5,3,1,1,0,17,11,6,275,148,127
WILSON COUNTY,493,5 Years,589,306,283,285,144,141,6,3,3,0,0,0,14,8,6,284,151,133
WILSON COUNTY,493,6 Years,623,320,303,308,156,152,6,3,3,1,0,1,11,5,6,297,156,141
WILSON COUNTY,493,7 Years,647,336,311,321,169,152,4,3,1,2,0,2,9,4,5,311,160,151
WILSON COUNTY,493,8 Years,751,390,361,381,206,175,7,5,2,5,0,5,21,10,11,337,169,168
WILSON COUNTY,493,9 Years,771,403,368,397,214,183,8,4,4,4,1,3,21,12,9,341,172,169
WILSON COUNTY,493,10 Years,762,401,361,394,213,181,8,3,5,3,1,2,19,13,6,338,171,167
WILSON COUNTY,493,11 Years,731,376,355,368,194,174,5,2,3,2,0,2,19,12,7,337,168,169
WILSON COUNTY,493,12 Years,728,350,378,354,166,188,7,4,3,1,0,1,17,8,9,349,172,177
WILSON COUNTY,493,13 Years,700,339,361,332,153,179,10,6,4,0,0,0,13,4,9,345,176,169
WILSON COUNTY,493,14 Years,699,359,340,351,183,168,8,5,3,2,1,1,9,4,5,329,166,163
WILSON COUNTY,493,15 Years,733,363,370,362,185,177,7,2,5,2,1,1,12,7,5,350,168,182
WILSON COUNTY,493,16 Years,748,378,370,373,192,181,7,3,4,2,1,1,10,5,5,356,177,179
WILSON COUNTY,493,17 Years,764,391,373,380,197,183,7,4,3,1,0,1,14,6,8,362,184,178
WILSON COUNTY,493,18 Years,705,369,336,332,178,154,8,4,4,0,0,0,15,8,7,350,179,171
WILSON COUNTY,493,19 Years,702,356,346,323,162,161,7,4,3,2,2,0,12,6,6,358,182,176
WILSON COUNTY,493,20 Years,718,365,353,340,182,158,5,1,4,2,1,1,11,3,8,360,178,182
WILSON COUNTY,493,21 Years,717,374,343,356,192,164,5,1,4,0,0,0,10,5,5,346,176,170
WILSON COUNTY,493,22 Years,689,366,323,351,185,166,7,2,5,2,2,0,12,7,5,317,170,147
WILSON COUNTY,493,23 Years,584,315,269,294,160,134,7,5,2,0,0,0,8,5,3,275,145,130
WILSON COUNTY,493,24 Years,550,297,253,279,160,119,8,3,5,0,0,0,8,5,3,255,129,126
WILSON COUNTY,493,25 Years,557,289,268,270,148,122,11,5,6,1,0,1,10,7,3,265,129,136
WILSON COUNTY,493,26 Years,586,293,293,289,141,148,10,5,5,2,1,1,10,7,3,275,139,136
WILSON COUNTY,493,27 Years,589,304,285,292,146,146,10,6,4,2,2,0,11,8,3,274,142,132
WILSON COUNTY,493,28 Years,570,290,280,306,157,149,10,6,4,3,1,2,11,6,5,240,120,120
WILSON COUNTY,493,29 Years,580,299,281,316,164,152,12,6,6,2,1,1,10,5,5,240,123,117
WILSON COUNTY,493,30 Years,575,305,270,296,150,146,12,6,6,4,2,2,8,5,3,255,142,113
WILSON COUNTY,493,31 Years,537,278,259,246,125,121,8,4,4,4,2,2,5,3,2,274,144,130
WILSON COUNTY,493,32 Years,510,270,240,220,116,104,8,5,3,1,0,1,9,5,4,272,144,128
WILSON COUNTY,493,33 Years,622,337,285,303,160,143,9,4,5,0,0,0,9,5,4,301,168,133
WILSON COUNTY,493,34 Years,641,337,304,339,174,165,10,4,6,1,0,1,9,4,5,282,155,127
WILSON COUNTY,493,35 Years,625,325,300,347,177,170,9,6,3,1,0,1,8,3,5,260,139,121
WILSON COUNTY,493,36 Years,610,302,308,333,170,163,4,3,1,3,2,1,8,4,4,262,123,139
WILSON COUNTY,493,37 Years,618,294,324,342,167,175,5,3,2,2,1,1,5,1,4,264,122,142
WILSON COUNTY,493,38 Years,733,348,385,395,194,201,8,5,3,3,1,2,5,0,5,322,148,174
WILSON COUNTY,493,39 Years,753,358,395,398,191,207,11,7,4,4,2,2,5,0,5,335,158,177
WILSON COUNTY,493,40 Years,718,348,370,383,181,202,10,6,4,3,1,2,8,4,4,314,156,158
WILSON COUNTY,493,41 Years,733,367,366,404,187,217,6,4,2,2,0,2,10,6,4,311,170,141
WILSON COUNTY,493,42 Years,746,373,373,413,209,204,4,4,0,4,2,2,8,5,3,317,153,164
WILSON COUNTY,493,43 Years,676,350,326,379,201,178,6,5,1,4,2,2,3,1,2,284,141,143
WILSON COUNTY,493,44 Years,642,322,320,360,178,182,7,5,2,4,2,2,6,2,4,265,135,130
WILSON COUNTY,493,45 Years,653,344,309,357,184,173,4,3,1,4,2,2,7,3,4,281,152,129
WILSON COUNTY,493,46 Years,664,333,331,352,185,167,6,4,2,4,2,2,9,5,4,293,137,156
WILSON COUNTY,493,47 Years,714,358,356,395,204,191,6,5,1,4,2,2,6,2,4,303,145,158
WILSON COUNTY,493,48 Years,654,341,313,348,186,162,8,5,3,3,2,1,5,1,4,290,147,143
WILSON COUNTY,493,49 Years,674,347,327,354,184,170,9,5,4,2,1,1,7,2,5,302,155,147
WILSON COUNTY,493,50 Years,749,381,368,424,219,205,11,8,3,3,1,2,3,1,2,308,152,156
WILSON COUNTY,493,51 Years,766,377,389,452,232,220,11,9,2,3,1,2,5,2,3,295,133,162
WILSON COUNTY,493,52 Years,759,368,391,459,237,222,11,6,5,4,1,3,11,7,4,274,117,157
WILSON COUNTY,493,53 Years,698,338,360,403,204,199,8,3,5,2,1,1,7,3,4,278,127,151
WILSON COUNTY,493,54 Years,667,326,341,377,187,190,9,7,2,1,0,1,8,5,3,272,127,145
WILSON COUNTY,493,55 Years,669,339,330,386,194,192,11,9,2,2,0,2,10,6,4,260,130,130
WILSON COUNTY,493,56 Years,702,367,335,404,211,193,15,11,4,2,0,2,8,4,4,273,141,132
WILSON COUNTY,493,57 Years,747,377,370,434,216,218,16,10,6,2,0,2,10,6,4,285,145,140
WILSON COUNTY,493,58 Years,760,375,385,463,224,239,16,10,6,2,0,2,10,5,5,269,136,133
WILSON COUNTY,493,59 Years,762,377,385,473,237,236,15,7,8,2,0,2,5,3,2,267,130,137
WILSON COUNTY,493,60 Years,739,378,361,459,238,221,12,5,7,2,0,2,7,5,2,259,130,129
WILSON COUNTY,493,61 Years,771,388,383,481,238,243,11,5,6,3,1,2,8,4,4,268,140,128
WILSON COUNTY,493,62 Years,760,381,379,497,249,248,16,10,6,2,1,1,9,5,4,236,116,120
WILSON COUNTY,493,63 Years,700,351,349,459,238,221,16,8,8,2,0,2,10,6,4,213,99,114
WILSON COUNTY,493,64 Years,679,335,344,432,220,212,13,7,6,1,0,1,12,6,6,221,102,119
WILSON COUNTY,493,65 Years,653,322,331,432,217,215,11,8,3,1,0,1,8,3,5,201,94,107
WILSON COUNTY,493,66 Years,652,332,320,422,217,205,13,7,6,1,0,1,7,3,4,209,105,104
WILSON COUNTY,493,67 Years,643,322,321,403,207,196,14,6,8,3,1,2,5,3,2,218,105,113
WILSON COUNTY,493,68 Years,596,283,313,378,176,202,13,7,6,2,0,2,4,2,2,199,98,101
WILSON COUNTY,493,69 Years,555,269,286,359,166,193,11,7,4,2,0,2,6,2,4,177,94,83
WILSON COUNTY,493,70 Years,538,249,289,352,163,189,11,7,4,1,0,1,6,3,3,168,76,92
WILSON COUNTY,493,71 Years,512,237,275,334,159,175,15,7,8,1,0,1,6,3,3,156,68,88
WILSON COUNTY,493,72 Years,510,252,258,338,173,165,12,6,6,3,0,3,5,3,2,152,70,82
WILSON COUNTY,493,73 Years,495,243,252,342,169,173,6,5,1,2,0,2,5,2,3,140,67,73
WILSON COUNTY,493,74 Years,459,227,232,328,167,161,7,5,2,2,1,1,5,1,4,117,53,64
WILSON COUNTY,493,75 Years,434,212,222,311,161,150,7,6,1,1,0,1,5,2,3,110,43,67
WILSON COUNTY,493,76 Years,389,187,202,271,134,137,5,2,3,1,0,1,3,2,1,109,49,60
WILSON COUNTY,493,77 Years,346,173,173,234,120,114,5,4,1,0,0,0,2,1,1,105,48,57
WILSON COUNTY,493,78 Years,307,142,165,204,98,106,4,2,2,1,0,1,1,1,0,97,41,56
WILSON COUNTY,493,79 Years,282,126,156,187,89,98,3,1,2,1,0,1,3,2,1,88,34,54
WILSON COUNTY,493,80 Years,250,115,135,166,79,87,3,1,2,1,0,1,3,1,2,77,34,43
WILSON COUNTY,493,81 Years,214,105,109,152,75,77,2,1,1,0,0,0,2,1,1,58,28,30
WILSON COUNTY,493,82 Years,201,96,105,146,68,78,3,2,1,0,0,0,1,1,0,51,25,26
WILSON COUNTY,493,83 Years,195,93,102,147,69,78,3,2,1,2,1,1,1,0,1,42,21,21
WILSON COUNTY,493,84 Years,176,80,96,132,61,71,3,1,2,0,0,0,2,1,1,39,17,22
WILSON COUNTY,493,85 Years,148,68,80,107,51,56,2,1,1,0,0,0,1,0,1,38,16,22
WILSON COUNTY,493,86 Years,128,62,66,90,45,45,2,1,1,0,0,0,1,1,0,35,15,20
WILSON COUNTY,493,87 Years,115,49,66,79,36,43,1,0,1,0,0,0,1,0,1,34,13,21
WILSON COUNTY,493,88 Years,103,39,64,67,26,41,0,0,0,0,0,0,0,0,0,36,13,23
WILSON COUNTY,493,89 Years,93,37,56,62,24,38,1,1,0,0,0,0,0,0,0,30,12,18
WILSON COUNTY,493,90 Years,86,34,52,57,23,34,2,2,0,0,0,0,0,0,0,27,9,18
WILSON COUNTY,493,91 Years,72,29,43,48,21,27,1,1,0,0,0,0,0,0,0,23,7,16
WILSON COUNTY,493,92 Years,57,23,34,41,16,25,0,0,0,0,0,0,0,0,0,16,7,9
WILSON COUNTY,493,93 Years,38,15,23,30,11,19,0,0,0,0,0,0,0,0,0,8,4,4
WILSON COUNTY,493,94 Years,32,13,19,23,8,15,0,0,0,0,0,0,0,0,0,9,5,4
WILSON COUNTY,493,95 Years +,102,28,74,62,17,45,3,1,2,0,0,0,1,0,1,36,10,26
WINKLER COUNTY,495,All Ages,7608,3944,3664,2537,1307,1230,147,86,61,8,2,6,149,75,74,4767,2474,2293
WINKLER COUNTY,495,< 1 Year,110,57,53,26,14,12,3,1,2,0,0,0,3,2,1,78,40,38
WINKLER COUNTY,495,1 Years,107,56,51,27,14,13,2,1,1,0,0,0,3,2,1,75,39,36
WINKLER COUNTY,495,2 Years,105,53,52,27,14,13,2,1,1,0,0,0,3,1,2,73,37,36
WINKLER COUNTY,495,3 Years,115,59,56,32,18,14,0,0,0,0,0,0,5,3,2,78,38,40
WINKLER COUNTY,495,4 Years,120,62,58,34,19,15,0,0,0,0,0,0,5,4,1,81,39,42
WINKLER COUNTY,495,5 Years,114,56,58,33,17,16,3,1,2,0,0,0,4,3,1,74,35,39
WINKLER COUNTY,495,6 Years,116,56,60,34,17,17,3,2,1,0,0,0,4,2,2,75,35,40
WINKLER COUNTY,495,7 Years,125,58,67,35,16,19,2,1,1,1,0,1,6,1,5,81,40,41
WINKLER COUNTY,495,8 Years,123,59,64,31,15,16,2,1,1,1,0,1,6,1,5,83,42,41
WINKLER COUNTY,495,9 Years,124,66,58,31,17,14,2,0,2,1,0,1,4,2,2,86,47,39
WINKLER COUNTY,495,10 Years,123,68,55,31,16,15,3,1,2,0,0,0,1,1,0,88,50,38
WINKLER COUNTY,495,11 Years,115,63,52,29,15,14,1,0,1,0,0,0,3,1,2,82,47,35
WINKLER COUNTY,495,12 Years,131,65,66,39,23,16,2,2,0,0,0,0,3,2,1,87,38,49
WINKLER COUNTY,495,13 Years,141,66,75,40,23,17,2,2,0,0,0,0,2,0,2,97,41,56
WINKLER COUNTY,495,14 Years,137,68,69,43,23,20,2,2,0,0,0,0,1,0,1,91,43,48
WINKLER COUNTY,495,15 Years,122,62,60,36,19,17,2,1,1,0,0,0,1,0,1,83,42,41
WINKLER COUNTY,495,16 Years,119,54,65,27,13,14,1,0,1,0,0,0,1,1,0,90,40,50
WINKLER COUNTY,495,17 Years,106,49,57,26,12,14,1,1,0,0,0,0,2,1,1,77,35,42
WINKLER COUNTY,495,18 Years,123,67,56,29,15,14,2,2,0,0,0,0,3,2,1,89,48,41
WINKLER COUNTY,495,19 Years,132,71,61,35,19,16,1,1,0,0,0,0,3,3,0,93,48,45
WINKLER COUNTY,495,20 Years,118,55,63,27,15,12,0,0,0,1,0,1,3,1,2,87,39,48
WINKLER COUNTY,495,21 Years,122,65,57,27,16,11,2,2,0,1,0,1,5,1,4,87,46,41
WINKLER COUNTY,495,22 Years,101,53,48,26,14,12,3,3,0,0,0,0,4,1,3,68,35,33
WINKLER COUNTY,495,23 Years,82,47,35,17,12,5,1,1,0,0,0,0,2,2,0,62,32,30
WINKLER COUNTY,495,24 Years,94,52,42,20,14,6,0,0,0,0,0,0,2,2,0,72,36,36
WINKLER COUNTY,495,25 Years,107,57,50,21,14,7,2,2,0,0,0,0,3,1,2,81,40,41
WINKLER COUNTY,495,26 Years,109,64,45,25,15,10,2,2,0,0,0,0,4,2,2,78,45,33
WINKLER COUNTY,495,27 Years,107,62,45,31,16,15,5,2,3,0,0,0,2,2,0,69,42,27
WINKLER COUNTY,495,28 Years,107,60,47,34,16,18,6,3,3,0,0,0,2,1,1,65,40,25
WINKLER COUNTY,495,29 Years,107,53,54,35,13,22,5,4,1,0,0,0,1,0,1,66,36,30
WINKLER COUNTY,495,30 Years,91,49,42,33,17,16,1,1,0,0,0,0,0,0,0,57,31,26
WINKLER COUNTY,495,31 Years,86,49,37,33,19,14,0,0,0,0,0,0,1,1,0,52,29,23
WINKLER COUNTY,495,32 Years,89,48,41,28,15,13,3,3,0,0,0,0,1,0,1,57,30,27
WINKLER COUNTY,495,33 Years,96,52,44,30,15,15,3,2,1,0,0,0,1,0,1,62,35,27
WINKLER COUNTY,495,34 Years,93,56,37,34,13,21,2,2,0,0,0,0,2,2,0,55,39,16
WINKLER COUNTY,495,35 Years,89,51,38,40,20,20,0,0,0,0,0,0,2,0,2,47,31,16
WINKLER COUNTY,495,36 Years,100,53,47,30,15,15,0,0,0,0,0,0,2,0,2,68,38,30
WINKLER COUNTY,495,37 Years,96,44,52,27,13,14,1,0,1,0,0,0,1,0,1,67,31,36
WINKLER COUNTY,495,38 Years,100,51,49,31,15,16,1,0,1,0,0,0,1,0,1,67,36,31
WINKLER COUNTY,495,39 Years,104,60,44,33,17,16,2,2,0,0,0,0,0,0,0,69,41,28
WINKLER COUNTY,495,40 Years,100,54,46,30,14,16,2,1,1,0,0,0,1,1,0,67,38,29
WINKLER COUNTY,495,41 Years,91,49,42,30,16,14,2,1,1,0,0,0,1,1,0,58,31,27
WINKLER COUNTY,495,42 Years,87,45,42,30,15,15,2,1,1,0,0,0,1,1,0,54,28,26
WINKLER COUNTY,495,43 Years,87,41,46,27,14,13,1,0,1,1,1,0,1,1,0,57,25,32
WINKLER COUNTY,495,44 Years,97,48,49,27,12,15,1,0,1,0,0,0,2,1,1,67,35,32
WINKLER COUNTY,495,45 Years,95,48,47,29,16,13,3,2,1,0,0,0,1,0,1,62,30,32
WINKLER COUNTY,495,46 Years,112,66,46,32,21,11,4,3,1,0,0,0,2,1,1,74,41,33
WINKLER COUNTY,495,47 Years,102,56,46,27,16,11,4,3,1,0,0,0,2,1,1,69,36,33
WINKLER COUNTY,495,48 Years,100,50,50,31,16,15,1,1,0,1,0,1,3,2,1,64,31,33
WINKLER COUNTY,495,49 Years,99,50,49,37,16,21,2,2,0,1,1,0,2,2,0,57,29,28
WINKLER COUNTY,495,50 Years,103,60,43,38,23,15,2,2,0,0,0,0,2,2,0,61,33,28
WINKLER COUNTY,495,51 Years,102,56,46,35,22,13,4,2,2,0,0,0,1,1,0,62,31,31
WINKLER COUNTY,495,52 Years,98,51,47,32,18,14,3,2,1,0,0,0,2,2,0,61,29,32
WINKLER COUNTY,495,53 Years,86,47,39,29,15,14,1,0,1,0,0,0,2,1,1,54,31,23
WINKLER COUNTY,495,54 Years,78,42,36,30,14,16,1,0,1,0,0,0,2,1,1,45,27,18
WINKLER COUNTY,495,55 Years,74,39,35,32,16,16,1,0,1,0,0,0,1,1,0,40,22,18
WINKLER COUNTY,495,56 Years,81,45,36,35,20,15,2,1,1,0,0,0,1,1,0,43,23,20
WINKLER COUNTY,495,57 Years,88,47,41,41,23,18,1,1,0,0,0,0,2,1,1,44,22,22
WINKLER COUNTY,495,58 Years,97,56,41,42,25,17,1,1,0,0,0,0,2,0,2,52,30,22
WINKLER COUNTY,495,59 Years,95,54,41,42,23,19,1,1,0,0,0,0,2,0,2,50,30,20
WINKLER COUNTY,495,60 Years,96,53,43,46,25,21,1,1,0,0,0,0,2,0,2,47,27,20
WINKLER COUNTY,495,61 Years,88,51,37,42,25,17,1,1,0,0,0,0,1,0,1,44,25,19
WINKLER COUNTY,495,62 Years,81,45,36,36,20,16,2,1,1,0,0,0,0,0,0,43,24,19
WINKLER COUNTY,495,63 Years,72,37,35,30,15,15,3,2,1,0,0,0,0,0,0,39,20,19
WINKLER COUNTY,495,64 Years,68,36,32,31,16,15,2,1,1,0,0,0,1,1,0,34,18,16
WINKLER COUNTY,495,65 Years,70,36,34,32,17,15,3,2,1,0,0,0,0,0,0,35,17,18
WINKLER COUNTY,495,66 Years,68,31,37,29,13,16,4,2,2,0,0,0,0,0,0,35,16,19
WINKLER COUNTY,495,67 Years,59,30,29,29,14,15,2,0,2,0,0,0,1,1,0,27,15,12
WINKLER COUNTY,495,68 Years,52,26,26,27,13,14,1,0,1,0,0,0,1,1,0,23,12,11
WINKLER COUNTY,495,69 Years,52,26,26,27,14,13,2,1,1,0,0,0,0,0,0,23,11,12
WINKLER COUNTY,495,70 Years,53,26,27,26,14,12,2,1,1,0,0,0,0,0,0,25,11,14
WINKLER COUNTY,495,71 Years,53,25,28,27,14,13,1,0,1,0,0,0,1,0,1,24,11,13
WINKLER COUNTY,495,72 Years,45,22,23,25,13,12,1,0,1,0,0,0,0,0,0,19,9,10
WINKLER COUNTY,495,73 Years,46,23,23,23,11,12,1,0,1,0,0,0,1,1,0,21,11,10
WINKLER COUNTY,495,74 Years,44,20,24,20,9,11,0,0,0,0,0,0,1,0,1,23,11,12
WINKLER COUNTY,495,75 Years,50,19,31,27,9,18,1,0,1,0,0,0,1,0,1,21,10,11
WINKLER COUNTY,495,76 Years,43,19,24,24,9,15,2,1,1,0,0,0,0,0,0,17,9,8
WINKLER COUNTY,495,77 Years,36,15,21,19,7,12,0,0,0,0,0,0,0,0,0,17,8,9
WINKLER COUNTY,495,78 Years,33,13,20,18,7,11,1,0,1,0,0,0,0,0,0,14,6,8
WINKLER COUNTY,495,79 Years,30,11,19,16,6,10,1,0,1,0,0,0,0,0,0,13,5,8
WINKLER COUNTY,495,80 Years,27,10,17,14,5,9,0,0,0,0,0,0,1,1,0,12,4,8
WINKLER COUNTY,495,81 Years,21,8,13,11,4,7,0,0,0,0,0,0,0,0,0,10,4,6
WINKLER COUNTY,495,82 Years,19,8,11,10,4,6,0,0,0,0,0,0,0,0,0,9,4,5
WINKLER COUNTY,495,83 Years,16,7,9,8,4,4,0,0,0,0,0,0,0,0,0,8,3,5
WINKLER COUNTY,495,84 Years,18,7,11,10,4,6,0,0,0,0,0,0,0,0,0,8,3,5
WINKLER COUNTY,495,85 Years,16,8,8,10,5,5,0,0,0,0,0,0,0,0,0,6,3,3
WINKLER COUNTY,495,86 Years,13,6,7,8,4,4,0,0,0,0,0,0,0,0,0,5,2,3
WINKLER COUNTY,495,87 Years,13,5,8,6,2,4,0,0,0,0,0,0,1,0,1,6,3,3
WINKLER COUNTY,495,88 Years,8,5,3,4,2,2,0,0,0,0,0,0,1,0,1,3,3,0
WINKLER COUNTY,495,89 Years,7,4,3,4,1,3,0,0,0,0,0,0,1,1,0,2,2,0
WINKLER COUNTY,495,90 Years,4,2,2,2,1,1,0,0,0,0,0,0,0,0,0,2,1,1
WINKLER COUNTY,495,91 Years,5,2,3,3,1,2,0,0,0,0,0,0,0,0,0,2,1,1
WINKLER COUNTY,495,92 Years,6,2,4,3,0,3,0,0,0,0,0,0,0,0,0,3,2,1
WINKLER COUNTY,495,93 Years,4,1,3,2,0,2,0,0,0,0,0,0,0,0,0,2,1,1
WINKLER COUNTY,495,94 Years,3,1,2,1,0,1,0,0,0,0,0,0,0,0,0,2,1,1
WINKLER COUNTY,495,95 Years +,11,4,7,4,1,3,2,0,2,0,0,0,0,0,0,5,3,2
WISE COUNTY,497,All Ages,77625,38718,38907,58435,28907,29528,788,466,322,347,149,198,1760,863,897,16295,8333,7962
WISE COUNTY,497,< 1 Year,836,427,409,489,247,242,15,8,7,7,4,3,49,27,22,276,141,135
WISE COUNTY,497,1 Years,769,392,377,442,225,217,14,7,7,5,3,2,36,18,18,272,139,133
WISE COUNTY,497,2 Years,772,394,378,447,228,219,14,7,7,4,2,2,38,19,19,269,138,131
WISE COUNTY,497,3 Years,896,476,420,555,288,267,11,6,5,1,0,1,34,20,14,295,162,133
WISE COUNTY,497,4 Years,941,497,444,597,310,287,11,7,4,2,2,0,32,19,13,299,159,140
WISE COUNTY,497,5 Years,937,485,452,590,305,285,9,6,3,4,2,2,34,16,18,300,156,144
WISE COUNTY,497,6 Years,971,491,480,615,311,304,8,4,4,5,2,3,45,21,24,298,153,145
WISE COUNTY,497,7 Years,1005,519,486,641,322,319,8,4,4,6,3,3,49,28,21,301,162,139
WISE COUNTY,497,8 Years,1086,543,543,711,349,362,9,4,5,3,1,2,52,29,23,311,160,151
WISE COUNTY,497,9 Years,1097,533,564,721,350,371,10,4,6,2,0,2,45,23,22,319,156,163
WISE COUNTY,497,10 Years,1087,522,565,712,341,371,10,6,4,3,0,3,40,14,26,322,161,161
WISE COUNTY,497,11 Years,1091,537,554,711,349,362,11,6,5,4,2,2,39,14,25,326,166,160
WISE COUNTY,497,12 Years,1082,565,517,702,377,325,11,4,7,4,1,3,37,17,20,328,166,162
WISE COUNTY,497,13 Years,1094,533,561,737,360,377,13,6,7,3,1,2,30,14,16,311,152,159
WISE COUNTY,497,14 Years,1120,554,566,759,380,379,10,6,4,4,2,2,23,10,13,324,156,168
WISE COUNTY,497,15 Years,1106,570,536,741,383,358,13,7,6,3,2,1,27,13,14,322,165,157
WISE COUNTY,497,16 Years,1080,561,519,734,387,347,10,4,6,6,3,3,22,12,10,308,155,153
WISE COUNTY,497,17 Years,1034,538,496,696,366,330,7,3,4,5,2,3,26,16,10,300,151,149
WISE COUNTY,497,18 Years,1060,541,519,707,376,331,4,3,1,5,2,3,28,15,13,316,145,171
WISE COUNTY,497,19 Years,1038,527,511,703,369,334,4,3,1,4,3,1,31,17,14,296,135,161
WISE COUNTY,497,20 Years,1019,529,490,686,366,320,10,5,5,4,3,1,31,20,11,288,135,153
WISE COUNTY,497,21 Years,1007,526,481,681,356,325,12,6,6,4,3,1,25,14,11,285,147,138
WISE COUNTY,497,22 Years,932,477,455,623,326,297,13,7,6,4,2,2,24,8,16,268,134,134
WISE COUNTY,497,23 Years,815,443,372,537,292,245,14,11,3,5,3,2,21,9,12,238,128,110
WISE COUNTY,497,24 Years,801,425,376,543,289,254,11,7,4,8,4,4,18,8,10,221,117,104
WISE COUNTY,497,25 Years,832,419,413,571,291,280,9,5,4,5,2,3,18,10,8,229,111,118
WISE COUNTY,497,26 Years,862,430,432,588,289,299,16,10,6,2,0,2,19,11,8,237,120,117
WISE COUNTY,497,27 Years,901,454,447,628,312,316,22,15,7,6,3,3,22,12,10,223,112,111
WISE COUNTY,497,28 Years,844,431,413,600,302,298,14,10,4,6,4,2,28,12,16,196,103,93
WISE COUNTY,497,29 Years,872,453,419,625,324,301,16,11,5,6,2,4,27,9,18,198,107,91
WISE COUNTY,497,30 Years,905,469,436,652,339,313,17,9,8,5,3,2,22,9,13,209,109,100
WISE COUNTY,497,31 Years,924,462,462,664,335,329,16,9,7,4,2,2,19,9,10,221,107,114
WISE COUNTY,497,32 Years,943,461,482,681,323,358,15,10,5,7,3,4,14,8,6,226,117,109
WISE COUNTY,497,33 Years,967,466,501,703,322,381,17,11,6,6,3,3,18,9,9,223,121,102
WISE COUNTY,497,34 Years,938,452,486,683,317,366,14,8,6,2,1,1,19,9,10,220,117,103
WISE COUNTY,497,35 Years,942,458,484,682,324,358,9,7,2,1,0,1,16,8,8,234,119,115
WISE COUNTY,497,36 Years,961,501,460,700,360,340,8,5,3,5,3,2,18,10,8,230,123,107
WISE COUNTY,497,37 Years,942,490,452,691,349,342,9,6,3,9,5,4,14,9,5,219,121,98
WISE COUNTY,497,38 Years,1020,519,501,743,363,380,15,11,4,10,5,5,18,9,9,234,131,103
WISE COUNTY,497,39 Years,1003,513,490,711,359,352,15,12,3,7,3,4,18,9,9,252,130,122
WISE COUNTY,497,40 Years,1031,508,523,737,356,381,15,9,6,5,1,4,21,10,11,253,132,121
WISE COUNTY,497,41 Years,1011,502,509,735,361,374,21,16,5,5,1,4,18,8,10,232,116,116
WISE COUNTY,497,42 Years,984,490,494,720,361,359,20,15,5,4,0,4,18,8,10,222,106,116
WISE COUNTY,497,43 Years,970,471,499,730,357,373,12,6,6,4,2,2,15,5,10,209,101,108
WISE COUNTY,497,44 Years,965,466,499,729,349,380,14,11,3,5,3,2,10,4,6,207,99,108
WISE COUNTY,497,45 Years,919,427,492,673,305,368,15,11,4,3,1,2,10,6,4,218,104,114
WISE COUNTY,497,46 Years,918,459,459,682,333,349,10,6,4,1,0,1,13,7,6,212,113,99
WISE COUNTY,497,47 Years,921,477,444,709,357,352,11,9,2,2,0,2,12,4,8,187,107,80
WISE COUNTY,497,48 Years,923,493,430,695,362,333,13,11,2,5,2,3,13,5,8,197,113,84
WISE COUNTY,497,49 Years,929,477,452,705,354,351,8,5,3,7,2,5,13,7,6,196,109,87
WISE COUNTY,497,50 Years,990,480,510,773,371,402,11,7,4,6,2,4,12,4,8,188,96,92
WISE COUNTY,497,51 Years,1055,528,527,844,419,425,11,10,1,2,1,1,17,6,11,181,92,89
WISE COUNTY,497,52 Years,1080,549,531,875,443,432,10,6,4,4,2,2,19,9,10,172,89,83
WISE COUNTY,497,53 Years,1003,493,510,801,394,407,8,3,5,4,1,3,15,8,7,175,87,88
WISE COUNTY,497,54 Years,991,488,503,781,377,404,10,6,4,9,3,6,16,12,4,175,90,85
WISE COUNTY,497,55 Years,1018,507,511,796,393,403,6,3,3,11,2,9,21,14,7,184,95,89
WISE COUNTY,497,56 Years,1072,557,515,862,446,416,7,4,3,7,3,4,21,14,7,175,90,85
WISE COUNTY,497,57 Years,1094,569,525,900,465,435,4,2,2,5,2,3,21,13,8,164,87,77
WISE COUNTY,497,58 Years,1119,553,566,931,455,476,9,4,5,8,2,6,19,11,8,152,81,71
WISE COUNTY,497,59 Years,1181,582,599,980,473,507,9,5,4,10,6,4,26,11,15,156,87,69
WISE COUNTY,497,60 Years,1143,559,584,966,464,502,6,4,2,6,4,2,24,10,14,141,77,64
WISE COUNTY,497,61 Years,1115,558,557,953,476,477,4,1,3,6,2,4,19,8,11,133,71,62
WISE COUNTY,497,62 Years,1119,545,574,956,473,483,6,1,5,5,2,3,19,7,12,133,62,71
WISE COUNTY,497,63 Years,1113,540,573,957,475,482,6,2,4,3,1,2,21,8,13,126,54,72
WISE COUNTY,497,64 Years,1094,540,554,953,473,480,5,3,2,2,1,1,20,7,13,114,56,58
WISE COUNTY,497,65 Years,1053,533,520,923,464,459,7,3,4,1,1,0,17,8,9,105,57,48
WISE COUNTY,497,66 Years,984,481,503,866,423,443,6,3,3,3,1,2,17,9,8,92,45,47
WISE COUNTY,497,67 Years,926,460,466,803,395,408,5,3,2,5,2,3,18,9,9,95,51,44
WISE COUNTY,497,68 Years,829,415,414,712,348,364,3,1,2,3,1,2,20,10,10,91,55,36
WISE COUNTY,497,69 Years,793,387,406,693,335,358,8,3,5,2,1,1,16,9,7,74,39,35
WISE COUNTY,497,70 Years,740,365,375,664,327,337,5,2,3,3,2,1,10,5,5,58,29,29
WISE COUNTY,497,71 Years,701,341,360,626,304,322,5,2,3,2,1,1,9,3,6,59,31,28
WISE COUNTY,497,72 Years,701,339,362,624,301,323,6,3,3,3,0,3,7,2,5,61,33,28
WISE COUNTY,497,73 Years,627,287,340,566,256,310,3,2,1,2,1,1,8,4,4,48,24,24
WISE COUNTY,497,74 Years,626,308,318,575,280,295,3,1,2,0,0,0,6,3,3,42,24,18
WISE COUNTY,497,75 Years,615,308,307,563,282,281,1,0,1,1,1,0,11,5,6,39,20,19
WISE COUNTY,497,76 Years,558,280,278,503,254,249,3,1,2,3,1,2,10,5,5,39,19,20
WISE COUNTY,497,77 Years,504,238,266,458,214,244,2,1,1,1,0,1,6,3,3,37,20,17
WISE COUNTY,497,78 Years,467,217,250,436,204,232,0,0,0,1,0,1,4,2,2,26,11,15
WISE COUNTY,497,79 Years,435,197,238,408,188,220,0,0,0,0,0,0,4,1,3,23,8,15
WISE COUNTY,497,80 Years,392,172,220,367,163,204,0,0,0,0,0,0,6,3,3,19,6,13
WISE COUNTY,497,81 Years,350,155,195,320,143,177,1,0,1,1,0,1,6,3,3,22,9,13
WISE COUNTY,497,82 Years,307,135,172,282,124,158,1,0,1,1,0,1,3,1,2,20,10,10
WISE COUNTY,497,83 Years,269,120,149,248,109,139,3,1,2,0,0,0,2,1,1,16,9,7
WISE COUNTY,497,84 Years,233,109,124,215,101,114,1,0,1,0,0,0,3,1,2,14,7,7
WISE COUNTY,497,85 Years,208,91,117,195,86,109,0,0,0,0,0,0,3,1,2,10,4,6
WISE COUNTY,497,86 Years,183,70,113,171,66,105,0,0,0,0,0,0,3,1,2,9,3,6
WISE COUNTY,497,87 Years,161,60,101,151,57,94,0,0,0,0,0,0,1,0,1,9,3,6
WISE COUNTY,497,88 Years,139,55,84,130,52,78,0,0,0,0,0,0,2,0,2,7,3,4
WISE COUNTY,497,89 Years,115,50,65,107,46,61,0,0,0,0,0,0,2,1,1,6,3,3
WISE COUNTY,497,90 Years,89,38,51,83,36,47,0,0,0,0,0,0,1,0,1,5,2,3
WISE COUNTY,497,91 Years,75,30,45,70,27,43,0,0,0,0,0,0,1,1,0,4,2,2
WISE COUNTY,497,92 Years,65,20,45,59,18,41,0,0,0,0,0,0,1,1,0,5,1,4
WISE COUNTY,497,93 Years,51,15,36,47,14,33,0,0,0,0,0,0,1,0,1,3,1,2
WISE COUNTY,497,94 Years,42,14,28,36,12,24,0,0,0,0,0,0,2,1,1,4,1,3
WISE COUNTY,497,95 Years +,97,27,70,89,25,64,0,0,0,0,0,0,1,0,1,7,2,5
WOOD COUNTY,499,All Ages,47887,23759,24128,38613,18900,19713,2562,1389,1173,232,127,105,1039,521,518,5441,2822,2619
WOOD COUNTY,499,< 1 Year,480,241,239,305,155,150,29,15,14,2,0,2,27,12,15,117,59,58
WOOD COUNTY,499,1 Years,475,243,232,294,150,144,33,17,16,2,1,1,23,12,11,123,63,60
WOOD COUNTY,499,2 Years,477,244,233,298,152,146,32,16,16,2,1,1,22,12,10,123,63,60
WOOD COUNTY,499,3 Years,450,236,214,314,163,151,24,15,9,1,1,0,19,10,9,92,47,45
WOOD COUNTY,499,4 Years,448,235,213,320,167,153,20,12,8,1,1,0,23,12,11,84,43,41
WOOD COUNTY,499,5 Years,455,233,222,317,164,153,23,13,10,0,0,0,24,9,15,91,47,44
WOOD COUNTY,499,6 Years,471,243,228,313,162,151,28,14,14,1,0,1,28,13,15,101,54,47
WOOD COUNTY,499,7 Years,484,251,233,314,164,150,31,14,17,2,1,1,30,16,14,107,56,51
WOOD COUNTY,499,8 Years,487,264,223,326,178,148,25,12,13,1,1,0,28,17,11,107,56,51
WOOD COUNTY,499,9 Years,492,260,232,333,180,153,21,12,9,2,1,1,28,16,12,108,51,57
WOOD COUNTY,499,10 Years,494,259,235,338,178,160,18,13,5,2,1,1,24,14,10,112,53,59
WOOD COUNTY,499,11 Years,506,265,241,349,182,167,17,12,5,2,1,1,21,12,9,117,58,59
WOOD COUNTY,499,12 Years,502,243,259,359,177,182,13,6,7,3,1,2,19,9,10,108,50,58
WOOD COUNTY,499,13 Years,518,249,269,374,185,189,15,5,10,3,2,1,15,7,8,111,50,61
WOOD COUNTY,499,14 Years,516,252,264,370,183,187,19,8,11,3,2,1,19,11,8,105,48,57
WOOD COUNTY,499,15 Years,533,273,260,388,195,193,18,7,11,1,1,0,22,12,10,104,58,46
WOOD COUNTY,499,16 Years,522,264,258,399,194,205,14,8,6,0,0,0,15,9,6,94,53,41
WOOD COUNTY,499,17 Years,504,261,243,379,191,188,18,10,8,3,1,2,12,9,3,92,50,42
WOOD COUNTY,499,18 Years,606,318,288,414,222,192,87,45,42,2,1,1,12,7,5,91,43,48
WOOD COUNTY,499,19 Years,626,330,296,392,202,190,129,81,48,3,3,0,16,6,10,86,38,48
WOOD COUNTY,499,20 Years,641,330,311,396,202,194,140,73,67,6,5,1,16,8,8,83,42,41
WOOD COUNTY,499,21 Years,630,339,291,377,198,179,144,86,58,5,4,1,15,10,5,89,41,48
WOOD COUNTY,499,22 Years,563,308,255,349,186,163,115,69,46,4,2,2,17,9,8,78,42,36
WOOD COUNTY,499,23 Years,545,289,256,322,178,144,106,52,54,3,0,3,16,7,9,98,52,46
WOOD COUNTY,499,24 Years,531,290,241,308,174,134,105,56,49,3,1,2,16,7,9,99,52,47
WOOD COUNTY,499,25 Years,497,258,239,317,165,152,72,40,32,4,3,1,17,7,10,87,43,44
WOOD COUNTY,499,26 Years,495,261,234,338,173,165,51,32,19,3,2,1,15,9,6,88,45,43
WOOD COUNTY,499,27 Years,508,271,237,373,200,173,35,23,12,3,1,2,13,8,5,84,39,45
WOOD COUNTY,499,28 Years,461,249,212,353,192,161,24,14,10,5,2,3,12,8,4,67,33,34
WOOD COUNTY,499,29 Years,450,250,200,340,186,154,29,19,10,3,2,1,12,9,3,66,34,32
WOOD COUNTY,499,30 Years,455,250,205,341,183,158,27,19,8,2,2,0,12,4,8,73,42,31
WOOD COUNTY,499,31 Years,461,250,211,353,189,164,25,17,8,1,0,1,8,3,5,74,41,33
WOOD COUNTY,499,32 Years,464,247,217,346,178,168,29,17,12,1,0,1,9,7,2,79,45,34
WOOD COUNTY,499,33 Years,451,230,221,344,170,174,21,10,11,3,3,0,11,8,3,72,39,33
WOOD COUNTY,499,34 Years,444,234,210,345,179,166,16,9,7,5,5,0,12,8,4,66,33,33
WOOD COUNTY,499,35 Years,415,218,197,329,171,158,8,3,5,4,4,0,8,4,4,66,36,30
WOOD COUNTY,499,36 Years,416,209,207,329,160,169,10,6,4,5,5,0,6,3,3,66,35,31
WOOD COUNTY,499,37 Years,417,206,211,312,144,168,35,23,12,5,4,1,7,4,3,58,31,27
WOOD COUNTY,499,38 Years,425,200,225,317,140,177,37,25,12,6,4,2,4,1,3,61,30,31
WOOD COUNTY,499,39 Years,439,223,216,341,170,171,26,15,11,4,3,1,5,2,3,63,33,30
WOOD COUNTY,499,40 Years,452,233,219,356,181,175,16,8,8,6,3,3,7,4,3,67,37,30
WOOD COUNTY,499,41 Years,478,240,238,390,193,197,16,10,6,7,3,4,5,2,3,60,32,28
WOOD COUNTY,499,42 Years,444,219,225,348,170,178,17,10,7,5,3,2,7,4,3,67,32,35
WOOD COUNTY,499,43 Years,463,233,230,377,186,191,19,10,9,5,3,2,8,5,3,54,29,25
WOOD COUNTY,499,44 Years,454,229,225,358,173,185,26,17,9,5,3,2,9,5,4,56,31,25
WOOD COUNTY,499,45 Years,440,216,224,348,165,183,21,12,9,5,3,2,7,4,3,59,32,27
WOOD COUNTY,499,46 Years,437,215,222,357,176,181,18,9,9,2,0,2,6,1,5,54,29,25
WOOD COUNTY,499,47 Years,435,219,216,366,186,180,11,4,7,1,0,1,6,3,3,51,26,25
WOOD COUNTY,499,48 Years,426,217,209,361,180,181,12,7,5,1,1,0,5,1,4,47,28,19
WOOD COUNTY,499,49 Years,447,209,238,371,167,204,12,8,4,2,0,2,4,0,4,58,34,24
WOOD COUNTY,499,50 Years,484,231,253,409,189,220,11,8,3,1,0,1,6,4,2,57,30,27
WOOD COUNTY,499,51 Years,502,258,244,429,218,211,14,11,3,3,2,1,7,4,3,49,23,26
WOOD COUNTY,499,52 Years,533,270,263,456,230,226,11,6,5,5,1,4,9,3,6,52,30,22
WOOD COUNTY,499,53 Years,531,281,250,449,237,212,12,5,7,2,0,2,7,3,4,61,36,25
WOOD COUNTY,499,54 Years,533,276,257,443,228,215,17,6,11,3,2,1,6,3,3,64,37,27
WOOD COUNTY,499,55 Years,505,249,256,424,204,220,16,5,11,3,2,1,5,1,4,57,37,20
WOOD COUNTY,499,56 Years,551,273,278,459,220,239,22,12,10,2,1,1,7,3,4,61,37,24
WOOD COUNTY,499,57 Years,606,303,303,518,249,269,23,13,10,2,1,1,8,4,4,55,36,19
WOOD COUNTY,499,58 Years,686,320,366,603,271,332,29,16,13,2,1,1,7,2,5,45,30,15
WOOD COUNTY,499,59 Years,678,319,359,590,272,318,28,12,16,2,1,1,9,3,6,49,31,18
WOOD COUNTY,499,60 Years,694,308,386,603,264,339,28,11,17,4,3,1,10,4,6,49,26,23
WOOD COUNTY,499,61 Years,739,346,393,651,309,342,25,13,12,7,5,2,16,3,13,40,16,24
WOOD COUNTY,499,62 Years,788,380,408,693,332,361,30,18,12,5,3,2,14,3,11,46,24,22
WOOD COUNTY,499,63 Years,806,393,413,722,355,367,28,13,15,2,1,1,8,3,5,46,21,25
WOOD COUNTY,499,64 Years,779,390,389,704,351,353,24,9,15,1,0,1,10,6,4,40,24,16
WOOD COUNTY,499,65 Years,840,399,441,757,358,399,29,12,17,3,2,1,9,7,2,42,20,22
WOOD COUNTY,499,66 Years,824,387,437,732,345,387,36,19,17,3,2,1,10,5,5,43,16,27
WOOD COUNTY,499,67 Years,816,372,444,735,338,397,27,14,13,2,0,2,13,3,10,39,17,22
WOOD COUNTY,499,68 Years,828,380,448,751,348,403,29,14,15,2,0,2,11,3,8,35,15,20
WOOD COUNTY,499,69 Years,783,359,424,706,327,379,28,14,14,5,0,5,9,4,5,35,14,21
WOOD COUNTY,499,70 Years,777,372,405,709,341,368,27,14,13,3,0,3,8,4,4,30,13,17
WOOD COUNTY,499,71 Years,768,384,384,703,349,354,23,11,12,1,1,0,12,6,6,29,17,12
WOOD COUNTY,499,72 Years,756,369,387,696,338,358,21,10,11,1,1,0,13,5,8,25,15,10
WOOD COUNTY,499,73 Years,740,360,380,681,329,352,18,9,9,2,1,1,15,7,8,24,14,10
WOOD COUNTY,499,74 Years,745,355,390,692,328,364,17,10,7,3,1,2,13,6,7,20,10,10
WOOD COUNTY,499,75 Years,760,372,388,712,348,364,19,9,10,2,1,1,8,3,5,19,11,8
WOOD COUNTY,499,76 Years,628,300,328,582,282,300,15,5,10,3,1,2,9,4,5,19,8,11
WOOD COUNTY,499,77 Years,563,266,297,526,250,276,9,3,6,1,0,1,9,5,4,18,8,10
WOOD COUNTY,499,78 Years,548,271,277,515,252,263,12,5,7,1,1,0,6,5,1,14,8,6
WOOD COUNTY,499,79 Years,516,254,262,485,236,249,13,6,7,3,1,2,3,2,1,12,9,3
WOOD COUNTY,499,80 Years,477,231,246,448,213,235,11,5,6,1,1,0,4,3,1,13,9,4
WOOD COUNTY,499,81 Years,422,194,228,395,181,214,9,4,5,0,0,0,4,2,2,14,7,7
WOOD COUNTY,499,82 Years,378,171,207,352,158,194,8,4,4,0,0,0,5,3,2,13,6,7
WOOD COUNTY,499,83 Years,325,142,183,303,133,170,8,3,5,1,0,1,4,3,1,9,3,6
WOOD COUNTY,499,84 Years,281,128,153,261,119,142,7,3,4,1,0,1,3,2,1,9,4,5
WOOD COUNTY,499,85 Years,243,114,129,228,106,122,5,3,2,0,0,0,2,1,1,8,4,4
WOOD COUNTY,499,86 Years,214,96,118,202,90,112,4,3,1,0,0,0,1,0,1,7,3,4
WOOD COUNTY,499,87 Years,207,90,117,193,84,109,5,2,3,0,0,0,3,1,2,6,3,3
WOOD COUNTY,499,88 Years,161,64,97,150,58,92,3,2,1,0,0,0,3,2,1,5,2,3
WOOD COUNTY,499,89 Years,129,52,77,121,47,74,1,0,1,0,0,0,3,3,0,4,2,2
WOOD COUNTY,499,90 Years,109,40,69,103,39,64,2,0,2,0,0,0,2,1,1,2,0,2
WOOD COUNTY,499,91 Years,94,34,60,87,31,56,3,1,2,0,0,0,2,1,1,2,1,1
WOOD COUNTY,499,92 Years,81,29,52,75,27,48,3,1,2,0,0,0,1,0,1,2,1,1
WOOD COUNTY,499,93 Years,62,21,41,56,18,38,3,2,1,0,0,0,0,0,0,3,1,2
WOOD COUNTY,499,94 Years,47,18,29,42,15,27,2,1,1,0,0,0,1,0,1,2,2,0
WOOD COUNTY,499,95 Years +,120,32,88,104,24,80,10,4,6,0,0,0,2,1,1,4,3,1
YOAKUM COUNTY,501,All Ages,7571,3874,3697,2147,1079,1068,43,20,23,8,5,3,96,46,50,5277,2724,2553
YOAKUM COUNTY,501,< 1 Year,121,59,62,28,14,14,1,0,1,0,0,0,2,1,1,90,44,46
YOAKUM COUNTY,501,1 Years,113,58,55,23,12,11,1,1,0,0,0,0,2,1,1,87,44,43
YOAKUM COUNTY,501,2 Years,115,59,56,24,12,12,1,1,0,0,0,0,2,1,1,88,45,43
YOAKUM COUNTY,501,3 Years,135,68,67,30,14,16,0,0,0,0,0,0,0,0,0,105,54,51
YOAKUM COUNTY,501,4 Years,140,70,70,31,16,15,1,1,0,0,0,0,2,0,2,106,53,53
YOAKUM COUNTY,501,5 Years,149,75,74,36,19,17,1,0,1,0,0,0,2,1,1,110,55,55
YOAKUM COUNTY,501,6 Years,154,78,76,36,19,17,1,0,1,0,0,0,3,2,1,114,57,57
YOAKUM COUNTY,501,7 Years,157,84,73,33,18,15,1,0,1,0,0,0,1,0,1,122,66,56
YOAKUM COUNTY,501,8 Years,151,83,68,29,17,12,1,0,1,0,0,0,1,1,0,120,65,55
YOAKUM COUNTY,501,9 Years,140,74,66,27,16,11,1,0,1,0,0,0,2,1,1,110,57,53
YOAKUM COUNTY,501,10 Years,137,69,68,28,15,13,1,0,1,0,0,0,2,1,1,106,53,53
YOAKUM COUNTY,501,11 Years,125,62,63,27,14,13,0,0,0,0,0,0,3,2,1,95,46,49
YOAKUM COUNTY,501,12 Years,129,66,63,27,16,11,0,0,0,0,0,0,2,1,1,100,49,51
YOAKUM COUNTY,501,13 Years,155,72,83,28,16,12,1,0,1,0,0,0,3,0,3,123,56,67
YOAKUM COUNTY,501,14 Years,155,72,83,27,14,13,0,0,0,1,0,1,1,0,1,126,58,68
YOAKUM COUNTY,501,15 Years,141,68,73,31,16,15,0,0,0,1,0,1,2,1,1,107,51,56
YOAKUM COUNTY,501,16 Years,140,66,74,32,17,15,1,0,1,0,0,0,1,0,1,106,49,57
YOAKUM COUNTY,501,17 Years,142,70,72,29,16,13,0,0,0,0,0,0,1,0,1,112,54,58
YOAKUM COUNTY,501,18 Years,132,68,64,27,16,11,1,0,1,0,0,0,2,1,1,102,51,51
YOAKUM COUNTY,501,19 Years,117,58,59,24,14,10,2,0,2,0,0,0,2,2,0,89,42,47
YOAKUM COUNTY,501,20 Years,111,56,55,25,13,12,1,0,1,0,0,0,2,2,0,83,41,42
YOAKUM COUNTY,501,21 Years,112,59,53,23,11,12,0,0,0,0,0,0,1,0,1,88,48,40
YOAKUM COUNTY,501,22 Years,111,61,50,24,14,10,0,0,0,0,0,0,1,0,1,86,47,39
YOAKUM COUNTY,501,23 Years,120,75,45,23,13,10,0,0,0,0,0,0,1,0,1,96,62,34
YOAKUM COUNTY,501,24 Years,104,61,43,23,13,10,0,0,0,0,0,0,1,0,1,80,48,32
YOAKUM COUNTY,501,25 Years,100,54,46,21,12,9,0,0,0,0,0,0,2,1,1,77,41,36
YOAKUM COUNTY,501,26 Years,111,64,47,23,11,12,0,0,0,0,0,0,2,2,0,86,51,35
YOAKUM COUNTY,501,27 Years,105,60,45,22,12,10,0,0,0,0,0,0,0,0,0,83,48,35
YOAKUM COUNTY,501,28 Years,95,52,43,22,11,11,1,1,0,0,0,0,3,2,1,69,38,31
YOAKUM COUNTY,501,29 Years,108,62,46,26,15,11,1,1,0,0,0,0,1,0,1,80,46,34
YOAKUM COUNTY,501,30 Years,101,60,41,29,18,11,1,0,1,0,0,0,2,1,1,69,41,28
YOAKUM COUNTY,501,31 Years,89,52,37,21,14,7,1,0,1,0,0,0,1,1,0,66,37,29
YOAKUM COUNTY,501,32 Years,73,42,31,13,8,5,0,0,0,0,0,0,0,0,0,60,34,26
YOAKUM COUNTY,501,33 Years,79,40,39,15,5,10,0,0,0,0,0,0,1,1,0,63,34,29
YOAKUM COUNTY,501,34 Years,99,48,51,26,11,15,2,1,1,1,1,0,2,2,0,68,33,35
YOAKUM COUNTY,501,35 Years,109,59,50,24,13,11,2,1,1,1,1,0,1,1,0,81,43,38
YOAKUM COUNTY,501,36 Years,96,53,43,23,13,10,2,1,1,0,0,0,0,0,0,71,39,32
YOAKUM COUNTY,501,37 Years,84,49,35,17,9,8,0,0,0,0,0,0,0,0,0,67,40,27
YOAKUM COUNTY,501,38 Years,84,48,36,16,9,7,0,0,0,0,0,0,1,0,1,67,39,28
YOAKUM COUNTY,501,39 Years,87,48,39,22,10,12,0,0,0,0,0,0,1,0,1,64,38,26
YOAKUM COUNTY,501,40 Years,92,52,40,22,11,11,1,1,0,0,0,0,0,0,0,69,40,29
YOAKUM COUNTY,501,41 Years,91,44,47,27,13,14,0,0,0,1,1,0,1,1,0,62,29,33
YOAKUM COUNTY,501,42 Years,78,28,50,22,8,14,0,0,0,1,1,0,1,0,1,54,19,35
YOAKUM COUNTY,501,43 Years,80,30,50,17,7,10,0,0,0,0,0,0,1,0,1,62,23,39
YOAKUM COUNTY,501,44 Years,79,38,41,16,9,7,0,0,0,0,0,0,2,0,2,61,29,32
YOAKUM COUNTY,501,45 Years,86,44,42,18,11,7,0,0,0,1,1,0,1,0,1,66,32,34
YOAKUM COUNTY,501,46 Years,91,47,44,22,11,11,0,0,0,0,0,0,1,1,0,68,35,33
YOAKUM COUNTY,501,47 Years,82,41,41,23,10,13,1,0,1,0,0,0,1,1,0,57,30,27
YOAKUM COUNTY,501,48 Years,70,36,34,23,10,13,0,0,0,0,0,0,1,1,0,46,25,21
YOAKUM COUNTY,501,49 Years,64,33,31,20,9,11,0,0,0,0,0,0,0,0,0,44,24,20
YOAKUM COUNTY,501,50 Years,68,32,36,22,10,12,0,0,0,0,0,0,0,0,0,46,22,24
YOAKUM COUNTY,501,51 Years,68,32,36,21,9,12,0,0,0,0,0,0,1,0,1,46,23,23
YOAKUM COUNTY,501,52 Years,72,35,37,25,12,13,0,0,0,0,0,0,1,0,1,46,23,23
YOAKUM COUNTY,501,53 Years,73,35,38,27,14,13,0,0,0,1,0,1,1,1,0,44,20,24
YOAKUM COUNTY,501,54 Years,63,29,34,21,11,10,0,0,0,0,0,0,1,0,1,41,18,23
YOAKUM COUNTY,501,55 Years,68,33,35,20,10,10,0,0,0,0,0,0,2,1,1,46,22,24
YOAKUM COUNTY,501,56 Years,68,35,33,19,9,10,0,0,0,0,0,0,1,1,0,48,25,23
YOAKUM COUNTY,501,57 Years,73,39,34,21,11,10,0,0,0,0,0,0,1,1,0,51,27,24
YOAKUM COUNTY,501,58 Years,76,41,35,26,14,12,0,0,0,0,0,0,1,1,0,49,26,23
YOAKUM COUNTY,501,59 Years,78,40,38,30,14,16,0,0,0,0,0,0,1,1,0,47,25,22
YOAKUM COUNTY,501,60 Years,81,38,43,31,13,18,2,1,1,0,0,0,1,0,1,47,24,23
YOAKUM COUNTY,501,61 Years,75,38,37,35,14,21,1,1,0,0,0,0,3,1,2,36,22,14
YOAKUM COUNTY,501,62 Years,77,43,34,35,19,16,1,1,0,0,0,0,2,1,1,39,22,17
YOAKUM COUNTY,501,63 Years,76,40,36,34,19,15,1,1,0,0,0,0,1,1,0,40,19,21
YOAKUM COUNTY,501,64 Years,72,37,35,33,18,15,0,0,0,0,0,0,1,1,0,38,18,20
YOAKUM COUNTY,501,65 Years,72,42,30,38,23,15,0,0,0,0,0,0,0,0,0,34,19,15
YOAKUM COUNTY,501,66 Years,67,34,33,37,17,20,1,1,0,0,0,0,0,0,0,29,16,13
YOAKUM COUNTY,501,67 Years,63,32,31,31,14,17,1,1,0,0,0,0,1,0,1,30,17,13
YOAKUM COUNTY,501,68 Years,58,29,29,26,11,15,1,1,0,0,0,0,0,0,0,31,17,14
YOAKUM COUNTY,501,69 Years,47,22,25,22,9,13,0,0,0,0,0,0,1,0,1,24,13,11
YOAKUM COUNTY,501,70 Years,47,21,26,22,8,14,2,1,1,0,0,0,0,0,0,23,12,11
YOAKUM COUNTY,501,71 Years,52,24,28,26,12,14,1,0,1,0,0,0,0,0,0,25,12,13
YOAKUM COUNTY,501,72 Years,49,22,27,23,11,12,1,0,1,0,0,0,1,0,1,24,11,13
YOAKUM COUNTY,501,73 Years,45,21,24,21,10,11,0,0,0,0,0,0,2,0,2,22,11,11
YOAKUM COUNTY,501,74 Years,41,21,20,22,12,10,0,0,0,0,0,0,1,0,1,18,9,9
YOAKUM COUNTY,501,75 Years,40,21,19,24,13,11,0,0,0,0,0,0,0,0,0,16,8,8
YOAKUM COUNTY,501,76 Years,38,20,18,20,11,9,1,1,0,0,0,0,0,0,0,17,8,9
YOAKUM COUNTY,501,77 Years,35,17,18,18,9,9,1,1,0,0,0,0,0,0,0,16,7,9
YOAKUM COUNTY,501,78 Years,34,18,16,21,11,10,1,1,0,0,0,0,0,0,0,12,6,6
YOAKUM COUNTY,501,79 Years,35,20,15,23,13,10,0,0,0,0,0,0,0,0,0,12,7,5
YOAKUM COUNTY,501,80 Years,30,15,15,18,8,10,0,0,0,0,0,0,1,0,1,11,7,4
YOAKUM COUNTY,501,81 Years,29,13,16,16,7,9,0,0,0,0,0,0,1,1,0,12,5,7
YOAKUM COUNTY,501,82 Years,28,14,14,17,8,9,0,0,0,0,0,0,1,1,0,10,5,5
YOAKUM COUNTY,501,83 Years,22,11,11,15,7,8,0,0,0,0,0,0,0,0,0,7,4,3
YOAKUM COUNTY,501,84 Years,17,7,10,11,4,7,0,0,0,0,0,0,1,1,0,5,2,3
YOAKUM COUNTY,501,85 Years,15,5,10,12,4,8,0,0,0,0,0,0,0,0,0,3,1,2
YOAKUM COUNTY,501,86 Years,13,5,8,9,3,6,0,0,0,0,0,0,0,0,0,4,2,2
YOAKUM COUNTY,501,87 Years,13,6,7,10,4,6,0,0,0,0,0,0,0,0,0,3,2,1
YOAKUM COUNTY,501,88 Years,12,4,8,10,3,7,0,0,0,0,0,0,0,0,0,2,1,1
YOAKUM COUNTY,501,89 Years,10,2,8,7,1,6,0,0,0,0,0,0,0,0,0,3,1,2
YOAKUM COUNTY,501,90 Years,8,2,6,5,1,4,0,0,0,0,0,0,0,0,0,3,1,2
YOAKUM COUNTY,501,91 Years,4,1,3,3,1,2,0,0,0,0,0,0,0,0,0,1,0,1
YOAKUM COUNTY,501,92 Years,5,1,4,4,1,3,0,0,0,0,0,0,0,0,0,1,0,1
YOAKUM COUNTY,501,93 Years,4,0,4,3,0,3,0,0,0,0,0,0,0,0,0,1,0,1
YOAKUM COUNTY,501,94 Years,3,0,3,3,0,3,0,0,0,0,0,0,0,0,0,0,0,0
YOAKUM COUNTY,501,95 Years +,8,2,6,5,1,4,0,0,0,0,0,0,0,0,0,3,1,2
YOUNG COUNTY,503,All Ages,18284,9117,9167,13706,6699,7007,232,135,97,61,26,35,381,178,203,3904,2079,1825
YOUNG COUNTY,503,< 1 Year,233,116,117,143,73,70,4,2,2,1,0,1,12,5,7,73,36,37
YOUNG COUNTY,503,1 Years,235,119,116,142,72,70,4,2,2,1,1,0,11,5,6,77,39,38
YOUNG COUNTY,503,2 Years,238,121,117,145,74,71,4,2,2,1,0,1,11,6,5,77,39,38
YOUNG COUNTY,503,3 Years,212,108,104,132,71,61,3,1,2,0,0,0,11,6,5,66,30,36
YOUNG COUNTY,503,4 Years,207,107,100,133,72,61,2,1,1,0,0,0,10,5,5,62,29,33
YOUNG COUNTY,503,5 Years,212,108,104,132,68,64,2,1,1,0,0,0,9,5,4,69,34,35
YOUNG COUNTY,503,6 Years,221,113,108,136,69,67,2,1,1,0,0,0,9,5,4,74,38,36
YOUNG COUNTY,503,7 Years,231,115,116,138,70,68,2,1,1,1,1,0,9,4,5,81,39,42
YOUNG COUNTY,503,8 Years,233,114,119,149,73,76,2,1,1,2,1,1,8,4,4,72,35,37
YOUNG COUNTY,503,9 Years,239,121,118,158,78,80,3,2,1,1,0,1,7,5,2,70,36,34
YOUNG COUNTY,503,10 Years,235,118,117,156,78,78,3,2,1,1,0,1,6,3,3,69,35,34
YOUNG COUNTY,503,11 Years,233,116,117,153,78,75,4,2,2,0,0,0,6,3,3,70,33,37
YOUNG COUNTY,503,12 Years,236,130,106,152,81,71,4,2,2,0,0,0,8,6,2,72,41,31
YOUNG COUNTY,503,13 Years,270,150,120,164,91,73,4,1,3,0,0,0,7,3,4,95,55,40
YOUNG COUNTY,503,14 Years,267,144,123,165,85,80,3,2,1,0,0,0,11,6,5,88,51,37
YOUNG COUNTY,503,15 Years,262,151,111,164,91,73,5,2,3,0,0,0,9,6,3,84,52,32
YOUNG COUNTY,503,16 Years,255,140,115,159,86,73,4,1,3,0,0,0,10,6,4,82,47,35
YOUNG COUNTY,503,17 Years,240,124,116,149,77,72,2,2,0,0,0,0,7,3,4,82,42,40
YOUNG COUNTY,503,18 Years,231,117,114,144,75,69,2,1,1,0,0,0,4,2,2,81,39,42
YOUNG COUNTY,503,19 Years,221,113,108,138,71,67,2,1,1,0,0,0,4,3,1,77,38,39
YOUNG COUNTY,503,20 Years,222,114,108,149,73,76,1,1,0,1,0,1,4,2,2,67,38,29
YOUNG COUNTY,503,21 Years,222,114,108,148,71,77,4,3,1,0,0,0,3,1,2,67,39,28
YOUNG COUNTY,503,22 Years,213,113,100,136,71,65,3,2,1,0,0,0,4,1,3,70,39,31
YOUNG COUNTY,503,23 Years,198,109,89,127,70,57,4,2,2,0,0,0,5,2,3,62,35,27
YOUNG COUNTY,503,24 Years,190,110,80,121,67,54,2,2,0,0,0,0,6,2,4,61,39,22
YOUNG COUNTY,503,25 Years,176,100,76,118,64,54,1,1,0,0,0,0,4,2,2,53,33,20
YOUNG COUNTY,503,26 Years,194,102,92,135,68,67,1,1,0,0,0,0,4,2,2,54,31,23
YOUNG COUNTY,503,27 Years,197,102,95,144,74,70,1,1,0,0,0,0,5,2,3,47,25,22
YOUNG COUNTY,503,28 Years,189,107,82,137,72,65,2,2,0,1,1,0,3,1,2,46,31,15
YOUNG COUNTY,503,29 Years,198,104,94,146,75,71,3,0,3,1,1,0,3,1,2,45,27,18
YOUNG COUNTY,503,30 Years,209,112,97,152,81,71,4,2,2,0,0,0,5,2,3,48,27,21
YOUNG COUNTY,503,31 Years,197,95,102,135,64,71,5,3,2,0,0,0,4,2,2,53,26,27
YOUNG COUNTY,503,32 Years,202,96,106,136,61,75,5,4,1,0,0,0,2,1,1,59,30,29
YOUNG COUNTY,503,33 Years,204,95,109,147,67,80,3,3,0,1,0,1,6,3,3,47,22,25
YOUNG COUNTY,503,34 Years,200,95,105,139,66,73,4,3,1,2,1,1,5,2,3,50,23,27
YOUNG COUNTY,503,35 Years,197,90,107,137,63,74,2,1,1,2,0,2,3,1,2,53,25,28
YOUNG COUNTY,503,36 Years,219,108,111,150,72,78,2,1,1,1,0,1,5,2,3,61,33,28
YOUNG COUNTY,503,37 Years,221,109,112,155,70,85,3,2,1,2,1,1,6,3,3,55,33,22
YOUNG COUNTY,503,38 Years,209,103,106,154,74,80,5,3,2,0,0,0,4,1,3,46,25,21
YOUNG COUNTY,503,39 Years,223,111,112,163,81,82,3,2,1,1,0,1,1,1,0,55,27,28
YOUNG COUNTY,503,40 Years,216,112,104,151,78,73,4,2,2,1,0,1,2,1,1,58,31,27
YOUNG COUNTY,503,41 Years,215,110,105,159,76,83,3,2,1,1,0,1,3,2,1,49,30,19
YOUNG COUNTY,503,42 Years,191,96,95,146,71,75,1,1,0,1,0,1,3,2,1,40,22,18
YOUNG COUNTY,503,43 Years,200,96,104,150,67,83,1,1,0,0,0,0,1,0,1,48,28,20
YOUNG COUNTY,503,44 Years,216,104,112,164,71,93,2,2,0,0,0,0,1,0,1,49,31,18
YOUNG COUNTY,503,45 Years,202,100,102,144,67,77,4,4,0,0,0,0,1,0,1,53,29,24
YOUNG COUNTY,503,46 Years,188,91,97,137,64,73,2,1,1,0,0,0,1,0,1,48,26,22
YOUNG COUNTY,503,47 Years,199,90,109,145,62,83,4,4,0,0,0,0,1,1,0,49,23,26
YOUNG COUNTY,503,48 Years,209,97,112,157,74,83,2,2,0,2,1,1,3,2,1,45,18,27
YOUNG COUNTY,503,49 Years,203,99,104,160,80,80,1,1,0,0,0,0,6,2,4,36,16,20
YOUNG COUNTY,503,50 Years,197,98,99,158,78,80,2,1,1,0,0,0,3,2,1,34,17,17
YOUNG COUNTY,503,51 Years,192,92,100,160,75,85,1,1,0,0,0,0,2,0,2,29,16,13
YOUNG COUNTY,503,52 Years,191,94,97,156,73,83,3,2,1,1,0,1,2,2,0,29,17,12
YOUNG COUNTY,503,53 Years,202,105,97,158,80,78,4,3,1,2,0,2,3,2,1,35,20,15
YOUNG COUNTY,503,54 Years,210,106,104,159,83,76,3,1,2,0,0,0,6,4,2,42,18,24
YOUNG COUNTY,503,55 Years,200,101,99,153,77,76,4,3,1,0,0,0,5,3,2,38,18,20
YOUNG COUNTY,503,56 Years,198,103,95,150,73,77,4,3,1,0,0,0,2,1,1,42,26,16
YOUNG COUNTY,503,57 Years,228,112,116,182,87,95,3,2,1,0,0,0,3,1,2,40,22,18
YOUNG COUNTY,503,58 Years,229,118,111,193,98,95,4,3,1,0,0,0,3,2,1,29,15,14
YOUNG COUNTY,503,59 Years,229,117,112,186,95,91,4,1,3,1,1,0,3,0,3,35,20,15
YOUNG COUNTY,503,60 Years,243,117,126,198,96,102,5,1,4,0,0,0,5,1,4,35,19,16
YOUNG COUNTY,503,61 Years,248,125,123,213,108,105,2,1,1,0,0,0,2,0,2,31,16,15
YOUNG COUNTY,503,62 Years,262,132,130,225,112,113,4,2,2,1,1,0,0,0,0,32,17,15
YOUNG COUNTY,503,63 Years,272,136,136,222,110,112,3,2,1,4,3,1,3,0,3,40,21,19
YOUNG COUNTY,503,64 Years,268,137,131,220,109,111,2,2,0,2,1,1,3,0,3,41,25,16
YOUNG COUNTY,503,65 Years,265,128,137,226,107,119,1,0,1,1,0,1,3,0,3,34,21,13
YOUNG COUNTY,503,66 Years,271,136,135,234,117,117,3,1,2,0,0,0,3,1,2,31,17,14
YOUNG COUNTY,503,67 Years,250,124,126,220,107,113,3,2,1,0,0,0,3,1,2,24,14,10
YOUNG COUNTY,503,68 Years,222,109,113,193,97,96,2,0,2,4,1,3,3,1,2,20,10,10
YOUNG COUNTY,503,69 Years,233,114,119,207,104,103,2,0,2,3,2,1,2,1,1,19,7,12
YOUNG COUNTY,503,70 Years,259,123,136,225,109,116,2,1,1,4,2,2,4,1,3,24,10,14
YOUNG COUNTY,503,71 Years,235,124,111,207,109,98,1,0,1,4,2,2,6,4,2,17,9,8
YOUNG COUNTY,503,72 Years,217,120,97,193,105,88,2,2,0,4,2,2,4,3,1,14,8,6
YOUNG COUNTY,503,73 Years,179,87,92,166,81,85,2,0,2,2,1,1,0,0,0,9,5,4
YOUNG COUNTY,503,74 Years,181,81,100,168,75,93,2,1,1,0,0,0,3,0,3,8,5,3
YOUNG COUNTY,503,75 Years,188,91,97,175,85,90,2,1,1,1,0,1,2,0,2,8,5,3
YOUNG COUNTY,503,76 Years,160,75,85,145,68,77,3,1,2,0,0,0,4,2,2,8,4,4
YOUNG COUNTY,503,77 Years,149,69,80,135,63,72,2,1,1,0,0,0,4,1,3,8,4,4
YOUNG COUNTY,503,78 Years,147,63,84,137,58,79,1,0,1,1,1,0,1,0,1,7,4,3
YOUNG COUNTY,503,79 Years,131,54,77,121,49,72,3,2,1,0,0,0,3,1,2,4,2,2
YOUNG COUNTY,503,80 Years,125,53,72,117,49,68,1,0,1,0,0,0,2,1,1,5,3,2
YOUNG COUNTY,503,81 Years,116,51,65,107,46,61,0,0,0,0,0,0,2,1,1,7,4,3
YOUNG COUNTY,503,82 Years,98,40,58,91,37,54,1,0,1,0,0,0,2,1,1,4,2,2
YOUNG COUNTY,503,83 Years,84,38,46,80,34,46,0,0,0,0,0,0,2,2,0,2,2,0
YOUNG COUNTY,503,84 Years,71,31,40,69,30,39,2,1,1,0,0,0,0,0,0,0,0,0
YOUNG COUNTY,503,85 Years,70,33,37,68,32,36,2,1,1,0,0,0,0,0,0,0,0,0
YOUNG COUNTY,503,86 Years,66,29,37,62,28,34,0,0,0,0,0,0,2,0,2,2,1,1
YOUNG COUNTY,503,87 Years,62,28,34,55,24,31,1,1,0,0,0,0,2,1,1,4,2,2
YOUNG COUNTY,503,88 Years,54,20,34,48,19,29,0,0,0,0,0,0,1,0,1,5,1,4
YOUNG COUNTY,503,89 Years,50,16,34,42,12,30,1,1,0,0,0,0,2,2,0,5,1,4
YOUNG COUNTY,503,90 Years,43,14,29,39,12,27,1,1,0,0,0,0,1,1,0,2,0,2
YOUNG COUNTY,503,91 Years,34,12,22,32,11,21,0,0,0,1,1,0,0,0,0,1,0,1
YOUNG COUNTY,503,92 Years,27,7,20,26,7,19,0,0,0,0,0,0,0,0,0,1,0,1
YOUNG COUNTY,503,93 Years,25,6,19,25,6,19,0,0,0,0,0,0,0,0,0,0,0,0
YOUNG COUNTY,503,94 Years,19,6,13,19,6,13,0,0,0,0,0,0,0,0,0,0,0,0
YOUNG COUNTY,503,95 Years +,54,13,41,47,11,36,1,1,0,0,0,0,2,0,2,4,1,3
ZAPATA COUNTY,505,All Ages,13471,6680,6791,670,358,312,7,5,2,29,12,17,22,5,17,12743,6300,6443
ZAPATA COUNTY,505,< 1 Year,192,95,97,7,4,3,1,0,1,1,0,1,1,0,1,182,91,91
ZAPATA COUNTY,505,1 Years,198,102,96,8,4,4,1,1,0,0,0,0,1,1,0,188,96,92
ZAPATA COUNTY,505,2 Years,200,101,99,8,4,4,1,0,1,0,0,0,1,0,1,190,97,93
ZAPATA COUNTY,505,3 Years,203,105,98,6,3,3,0,0,0,0,0,0,0,0,0,197,102,95
ZAPATA COUNTY,505,4 Years,212,106,106,4,2,2,0,0,0,0,0,0,0,0,0,208,104,104
ZAPATA COUNTY,505,5 Years,225,112,113,5,2,3,0,0,0,0,0,0,0,0,0,220,110,110
ZAPATA COUNTY,505,6 Years,243,122,121,4,2,2,0,0,0,0,0,0,0,0,0,239,120,119
ZAPATA COUNTY,505,7 Years,262,137,125,1,1,0,0,0,0,0,0,0,0,0,0,261,136,125
ZAPATA COUNTY,505,8 Years,263,142,121,3,2,1,0,0,0,0,0,0,0,0,0,260,140,120
ZAPATA COUNTY,505,9 Years,263,140,123,5,3,2,0,0,0,0,0,0,0,0,0,258,137,121
ZAPATA COUNTY,505,10 Years,255,132,123,5,3,2,0,0,0,0,0,0,0,0,0,250,129,121
ZAPATA COUNTY,505,11 Years,264,134,130,8,3,5,0,0,0,0,0,0,0,0,0,256,131,125
ZAPATA COUNTY,505,12 Years,268,144,124,7,4,3,0,0,0,0,0,0,0,0,0,261,140,121
ZAPATA COUNTY,505,13 Years,269,144,125,6,3,3,0,0,0,0,0,0,0,0,0,263,141,122
ZAPATA COUNTY,505,14 Years,264,140,124,4,1,3,0,0,0,0,0,0,0,0,0,260,139,121
ZAPATA COUNTY,505,15 Years,255,139,116,6,4,2,0,0,0,0,0,0,0,0,0,249,135,114
ZAPATA COUNTY,505,16 Years,231,131,100,8,5,3,0,0,0,0,0,0,0,0,0,223,126,97
ZAPATA COUNTY,505,17 Years,237,132,105,8,5,3,0,0,0,0,0,0,0,0,0,229,127,102
ZAPATA COUNTY,505,18 Years,234,128,106,8,6,2,0,0,0,0,0,0,2,0,2,224,122,102
ZAPATA COUNTY,505,19 Years,219,115,104,7,3,4,0,0,0,1,0,1,1,0,1,210,112,98
ZAPATA COUNTY,505,20 Years,225,117,108,7,3,4,0,0,0,1,0,1,0,0,0,217,114,103
ZAPATA COUNTY,505,21 Years,209,110,99,4,2,2,0,0,0,1,0,1,0,0,0,204,108,96
ZAPATA COUNTY,505,22 Years,192,97,95,3,1,2,1,1,0,0,0,0,0,0,0,188,95,93
ZAPATA COUNTY,505,23 Years,202,102,100,4,2,2,1,1,0,0,0,0,0,0,0,197,99,98
ZAPATA COUNTY,505,24 Years,198,102,96,3,2,1,1,1,0,1,1,0,0,0,0,193,98,95
ZAPATA COUNTY,505,25 Years,190,103,87,5,4,1,0,0,0,1,1,0,0,0,0,184,98,86
ZAPATA COUNTY,505,26 Years,188,101,87,5,3,2,0,0,0,1,1,0,1,1,0,181,96,85
ZAPATA COUNTY,505,27 Years,177,92,85,3,2,1,0,0,0,3,3,0,0,0,0,171,87,84
ZAPATA COUNTY,505,28 Years,161,84,77,6,4,2,0,0,0,3,1,2,0,0,0,152,79,73
ZAPATA COUNTY,505,29 Years,155,76,79,5,3,2,0,0,0,0,0,0,0,0,0,150,73,77
ZAPATA COUNTY,505,30 Years,155,75,80,4,2,2,0,0,0,2,0,2,0,0,0,149,73,76
ZAPATA COUNTY,505,31 Years,154,76,78,7,5,2,0,0,0,0,0,0,0,0,0,147,71,76
ZAPATA COUNTY,505,32 Years,150,72,78,7,4,3,0,0,0,0,0,0,0,0,0,143,68,75
ZAPATA COUNTY,505,33 Years,135,65,70,6,4,2,0,0,0,0,0,0,0,0,0,129,61,68
ZAPATA COUNTY,505,34 Years,125,66,59,4,3,1,0,0,0,0,0,0,0,0,0,121,63,58
ZAPATA COUNTY,505,35 Years,130,64,66,2,1,1,0,0,0,0,0,0,0,0,0,128,63,65
ZAPATA COUNTY,505,36 Years,147,73,74,3,3,0,0,0,0,0,0,0,0,0,0,144,70,74
ZAPATA COUNTY,505,37 Years,146,66,80,3,2,1,0,0,0,0,0,0,0,0,0,143,64,79
ZAPATA COUNTY,505,38 Years,141,70,71,4,3,1,0,0,0,0,0,0,0,0,0,137,67,70
ZAPATA COUNTY,505,39 Years,152,74,78,5,3,2,0,0,0,0,0,0,0,0,0,147,71,76
ZAPATA COUNTY,505,40 Years,155,69,86,5,3,2,0,0,0,0,0,0,0,0,0,150,66,84
ZAPATA COUNTY,505,41 Years,155,72,83,5,3,2,0,0,0,0,0,0,0,0,0,150,69,81
ZAPATA COUNTY,505,42 Years,155,74,81,3,2,1,0,0,0,0,0,0,0,0,0,152,72,80
ZAPATA COUNTY,505,43 Years,142,67,75,2,1,1,0,0,0,0,0,0,0,0,0,140,66,74
ZAPATA COUNTY,505,44 Years,145,67,78,5,2,3,0,0,0,0,0,0,0,0,0,140,65,75
ZAPATA COUNTY,505,45 Years,154,76,78,4,2,2,0,0,0,0,0,0,0,0,0,150,74,76
ZAPATA COUNTY,505,46 Years,160,75,85,5,2,3,0,0,0,0,0,0,1,0,1,154,73,81
ZAPATA COUNTY,505,47 Years,164,71,93,5,2,3,0,0,0,0,0,0,1,0,1,158,69,89
ZAPATA COUNTY,505,48 Years,160,70,90,10,4,6,0,0,0,0,0,0,0,0,0,150,66,84
ZAPATA COUNTY,505,49 Years,146,68,78,7,3,4,0,0,0,0,0,0,0,0,0,139,65,74
ZAPATA COUNTY,505,50 Years,145,66,79,8,5,3,0,0,0,1,0,1,0,0,0,136,61,75
ZAPATA COUNTY,505,51 Years,145,64,81,5,3,2,0,0,0,2,1,1,0,0,0,138,60,78
ZAPATA COUNTY,505,52 Years,144,68,76,5,4,1,0,0,0,2,1,1,0,0,0,137,63,74
ZAPATA COUNTY,505,53 Years,140,65,75,4,4,0,0,0,0,2,1,1,0,0,0,134,60,74
ZAPATA COUNTY,505,54 Years,136,62,74,3,3,0,0,0,0,1,1,0,1,1,0,131,57,74
ZAPATA COUNTY,505,55 Years,141,61,80,3,2,1,0,0,0,1,1,0,0,0,0,137,58,79
ZAPATA COUNTY,505,56 Years,145,56,89,4,1,3,0,0,0,0,0,0,2,1,1,139,54,85
ZAPATA COUNTY,505,57 Years,135,55,80,4,2,2,0,0,0,0,0,0,0,0,0,131,53,78
ZAPATA COUNTY,505,58 Years,123,54,69,7,4,3,0,0,0,0,0,0,0,0,0,116,50,66
ZAPATA COUNTY,505,59 Years,122,54,68,10,5,5,0,0,0,1,0,1,0,0,0,111,49,62
ZAPATA COUNTY,505,60 Years,120,59,61,10,4,6,0,0,0,1,0,1,0,0,0,109,55,54
ZAPATA COUNTY,505,61 Years,123,60,63,8,2,6,0,0,0,0,0,0,0,0,0,115,58,57
ZAPATA COUNTY,505,62 Years,118,57,61,9,4,5,0,0,0,0,0,0,0,0,0,109,53,56
ZAPATA COUNTY,505,63 Years,110,57,53,7,5,2,0,0,0,0,0,0,0,0,0,103,52,51
ZAPATA COUNTY,505,64 Years,103,52,51,9,6,3,0,0,0,0,0,0,0,0,0,94,46,48
ZAPATA COUNTY,505,65 Years,105,55,50,10,7,3,0,0,0,0,0,0,1,0,1,94,48,46
ZAPATA COUNTY,505,66 Years,94,46,48,7,4,3,0,0,0,0,0,0,0,0,0,87,42,45
ZAPATA COUNTY,505,67 Years,104,51,53,11,6,5,0,0,0,0,0,0,0,0,0,93,45,48
ZAPATA COUNTY,505,68 Years,109,57,52,14,7,7,0,0,0,1,0,1,1,1,0,93,49,44
ZAPATA COUNTY,505,69 Years,107,54,53,15,8,7,0,0,0,0,0,0,1,0,1,91,46,45
ZAPATA COUNTY,505,70 Years,95,41,54,11,5,6,0,0,0,0,0,0,1,0,1,83,36,47
ZAPATA COUNTY,505,71 Years,98,47,51,16,10,6,0,0,0,0,0,0,0,0,0,82,37,45
ZAPATA COUNTY,505,72 Years,97,46,51,15,9,6,0,0,0,0,0,0,1,0,1,81,37,44
ZAPATA COUNTY,505,73 Years,104,46,58,15,7,8,0,0,0,0,0,0,1,0,1,88,39,49
ZAPATA COUNTY,505,74 Years,100,43,57,16,7,9,0,0,0,1,0,1,0,0,0,83,36,47
ZAPATA COUNTY,505,75 Years,96,46,50,16,9,7,1,1,0,0,0,0,1,0,1,78,36,42
ZAPATA COUNTY,505,76 Years,89,45,44,17,9,8,0,0,0,0,0,0,0,0,0,72,36,36
ZAPATA COUNTY,505,77 Years,78,35,43,12,7,5,0,0,0,0,0,0,0,0,0,66,28,38
ZAPATA COUNTY,505,78 Years,70,25,45,12,7,5,0,0,0,0,0,0,1,0,1,57,18,39
ZAPATA COUNTY,505,79 Years,71,28,43,13,6,7,0,0,0,0,0,0,0,0,0,58,22,36
ZAPATA COUNTY,505,80 Years,69,31,38,11,5,6,0,0,0,0,0,0,0,0,0,58,26,32
ZAPATA COUNTY,505,81 Years,62,31,31,10,5,5,0,0,0,0,0,0,0,0,0,52,26,26
ZAPATA COUNTY,505,82 Years,52,26,26,10,4,6,0,0,0,0,0,0,1,0,1,41,22,19
ZAPATA COUNTY,505,83 Years,43,23,20,10,3,7,0,0,0,0,0,0,0,0,0,33,20,13
ZAPATA COUNTY,505,84 Years,41,23,18,10,3,7,0,0,0,0,0,0,0,0,0,31,20,11
ZAPATA COUNTY,505,85 Years,34,20,14,9,3,6,0,0,0,0,0,0,0,0,0,25,17,8
ZAPATA COUNTY,505,86 Years,32,13,19,10,3,7,0,0,0,0,0,0,0,0,0,22,10,12
ZAPATA COUNTY,505,87 Years,27,9,18,7,2,5,0,0,0,0,0,0,0,0,0,20,7,13
ZAPATA COUNTY,505,88 Years,25,10,15,6,3,3,0,0,0,0,0,0,0,0,0,19,7,12
ZAPATA COUNTY,505,89 Years,16,8,8,6,4,2,0,0,0,0,0,0,0,0,0,10,4,6
ZAPATA COUNTY,505,90 Years,11,6,5,4,3,1,0,0,0,0,0,0,0,0,0,7,3,4
ZAPATA COUNTY,505,91 Years,11,6,5,4,3,1,0,0,0,0,0,0,0,0,0,7,3,4
ZAPATA COUNTY,505,92 Years,11,4,7,4,3,1,0,0,0,0,0,0,1,0,1,6,1,5
ZAPATA COUNTY,505,93 Years,10,4,6,3,1,2,0,0,0,0,0,0,0,0,0,7,3,4
ZAPATA COUNTY,505,94 Years,9,5,4,4,3,1,0,0,0,0,0,0,0,0,0,5,2,3
ZAPATA COUNTY,505,95 Years +,26,11,15,7,4,3,0,0,0,1,0,1,0,0,0,18,7,11
ZAVALA COUNTY,507,All Ages,9552,4939,4613,485,246,239,19,12,7,0,0,0,21,5,16,9027,4676,4351
ZAVALA COUNTY,507,< 1 Year,159,81,78,7,3,4,1,0,1,0,0,0,1,0,1,150,78,72
ZAVALA COUNTY,507,1 Years,160,81,79,6,4,2,1,0,1,0,0,0,1,0,1,152,77,75
ZAVALA COUNTY,507,2 Years,161,81,80,5,3,2,1,0,1,0,0,0,1,0,1,154,78,76
ZAVALA COUNTY,507,3 Years,142,75,67,11,8,3,0,0,0,0,0,0,1,0,1,130,67,63
ZAVALA COUNTY,507,4 Years,131,68,63,9,7,2,0,0,0,0,0,0,1,0,1,121,61,60
ZAVALA COUNTY,507,5 Years,132,69,63,7,4,3,0,0,0,0,0,0,0,0,0,125,65,60
ZAVALA COUNTY,507,6 Years,141,75,66,8,4,4,2,2,0,0,0,0,0,0,0,131,69,62
ZAVALA COUNTY,507,7 Years,152,79,73,11,4,7,0,0,0,0,0,0,0,0,0,141,75,66
ZAVALA COUNTY,507,8 Years,154,75,79,8,3,5,0,0,0,0,0,0,0,0,0,146,72,74
ZAVALA COUNTY,507,9 Years,157,79,78,7,3,4,0,0,0,0,0,0,0,0,0,150,76,74
ZAVALA COUNTY,507,10 Years,158,79,79,7,3,4,0,0,0,0,0,0,0,0,0,151,76,75
ZAVALA COUNTY,507,11 Years,158,77,81,7,3,4,0,0,0,0,0,0,0,0,0,151,74,77
ZAVALA COUNTY,507,12 Years,153,75,78,6,3,3,0,0,0,0,0,0,0,0,0,147,72,75
ZAVALA COUNTY,507,13 Years,145,76,69,8,4,4,0,0,0,0,0,0,0,0,0,137,72,65
ZAVALA COUNTY,507,14 Years,142,77,65,7,3,4,2,0,2,0,0,0,0,0,0,133,74,59
ZAVALA COUNTY,507,15 Years,139,76,63,7,5,2,0,0,0,0,0,0,0,0,0,132,71,61
ZAVALA COUNTY,507,16 Years,153,85,68,6,4,2,0,0,0,0,0,0,0,0,0,147,81,66
ZAVALA COUNTY,507,17 Years,159,83,76,4,1,3,0,0,0,0,0,0,0,0,0,155,82,73
ZAVALA COUNTY,507,18 Years,155,81,74,3,0,3,0,0,0,0,0,0,0,0,0,152,81,71
ZAVALA COUNTY,507,19 Years,152,83,69,4,1,3,0,0,0,0,0,0,0,0,0,148,82,66
ZAVALA COUNTY,507,20 Years,148,79,69,4,1,3,0,0,0,0,0,0,0,0,0,144,78,66
ZAVALA COUNTY,507,21 Years,147,80,67,3,1,2,0,0,0,0,0,0,2,0,2,142,79,63
ZAVALA COUNTY,507,22 Years,150,89,61,3,2,1,0,0,0,0,0,0,1,1,0,146,86,60
ZAVALA COUNTY,507,23 Years,166,98,68,5,3,2,1,1,0,0,0,0,1,0,1,159,94,65
ZAVALA COUNTY,507,24 Years,166,100,66,6,4,2,3,3,0,0,0,0,1,0,1,156,93,63
ZAVALA COUNTY,507,25 Years,156,93,63,5,4,1,1,1,0,0,0,0,1,0,1,149,88,61
ZAVALA COUNTY,507,26 Years,161,100,61,6,5,1,1,0,1,0,0,0,2,2,0,152,93,59
ZAVALA COUNTY,507,27 Years,161,98,63,3,2,1,1,0,1,0,0,0,0,0,0,157,96,61
ZAVALA COUNTY,507,28 Years,137,77,60,3,2,1,0,0,0,0,0,0,0,0,0,134,75,59
ZAVALA COUNTY,507,29 Years,141,81,60,5,3,2,0,0,0,0,0,0,0,0,0,136,78,58
ZAVALA COUNTY,507,30 Years,141,73,68,7,1,6,0,0,0,0,0,0,1,0,1,133,72,61
ZAVALA COUNTY,507,31 Years,139,79,60,7,2,5,1,1,0,0,0,0,1,0,1,130,76,54
ZAVALA COUNTY,507,32 Years,130,72,58,5,2,3,0,0,0,0,0,0,0,0,0,125,70,55
ZAVALA COUNTY,507,33 Years,115,61,54,4,2,2,0,0,0,0,0,0,0,0,0,111,59,52
ZAVALA COUNTY,507,34 Years,108,56,52,4,2,2,0,0,0,0,0,0,0,0,0,104,54,50
ZAVALA COUNTY,507,35 Years,120,66,54,6,4,2,1,1,0,0,0,0,0,0,0,113,61,52
ZAVALA COUNTY,507,36 Years,114,62,52,6,3,3,1,1,0,0,0,0,0,0,0,107,58,49
ZAVALA COUNTY,507,37 Years,106,56,50,8,4,4,1,1,0,0,0,0,0,0,0,97,51,46
ZAVALA COUNTY,507,38 Years,92,48,44,5,3,2,0,0,0,0,0,0,0,0,0,87,45,42
ZAVALA COUNTY,507,39 Years,97,48,49,5,3,2,0,0,0,0,0,0,0,0,0,92,45,47
ZAVALA COUNTY,507,40 Years,99,48,51,5,3,2,0,0,0,0,0,0,0,0,0,94,45,49
ZAVALA COUNTY,507,41 Years,104,49,55,6,3,3,0,0,0,0,0,0,0,0,0,98,46,52
ZAVALA COUNTY,507,42 Years,112,54,58,8,3,5,0,0,0,0,0,0,0,0,0,104,51,53
ZAVALA COUNTY,507,43 Years,115,61,54,7,2,5,0,0,0,0,0,0,0,0,0,108,59,49
ZAVALA COUNTY,507,44 Years,109,63,46,4,1,3,0,0,0,0,0,0,0,0,0,105,62,43
ZAVALA COUNTY,507,45 Years,106,63,43,5,3,2,0,0,0,0,0,0,0,0,0,101,60,41
ZAVALA COUNTY,507,46 Years,116,65,51,4,2,2,0,0,0,0,0,0,0,0,0,112,63,49
ZAVALA COUNTY,507,47 Years,128,77,51,4,2,2,0,0,0,0,0,0,0,0,0,124,75,49
ZAVALA COUNTY,507,48 Years,106,60,46,5,2,3,0,0,0,0,0,0,0,0,0,101,58,43
ZAVALA COUNTY,507,49 Years,115,58,57,7,4,3,0,0,0,0,0,0,0,0,0,108,54,54
ZAVALA COUNTY,507,50 Years,109,59,50,7,5,2,0,0,0,0,0,0,0,0,0,102,54,48
ZAVALA COUNTY,507,51 Years,98,47,51,5,3,2,0,0,0,0,0,0,0,0,0,93,44,49
ZAVALA COUNTY,507,52 Years,95,48,47,7,5,2,0,0,0,0,0,0,1,0,1,87,43,44
ZAVALA COUNTY,507,53 Years,91,44,47,6,3,3,0,0,0,0,0,0,1,0,1,84,41,43
ZAVALA COUNTY,507,54 Years,91,37,54,4,1,3,0,0,0,0,0,0,0,0,0,87,36,51
ZAVALA COUNTY,507,55 Years,95,44,51,5,3,2,0,0,0,0,0,0,0,0,0,90,41,49
ZAVALA COUNTY,507,56 Years,94,45,49,4,2,2,0,0,0,0,0,0,1,0,1,89,43,46
ZAVALA COUNTY,507,57 Years,86,40,46,5,3,2,0,0,0,0,0,0,1,0,1,80,37,43
ZAVALA COUNTY,507,58 Years,85,37,48,3,1,2,0,0,0,0,0,0,0,0,0,82,36,46
ZAVALA COUNTY,507,59 Years,81,41,40,3,1,2,0,0,0,0,0,0,0,0,0,78,40,38
ZAVALA COUNTY,507,60 Years,82,43,39,6,3,3,0,0,0,0,0,0,0,0,0,76,40,36
ZAVALA COUNTY,507,61 Years,87,46,41,5,3,2,0,0,0,0,0,0,0,0,0,82,43,39
ZAVALA COUNTY,507,62 Years,94,50,44,6,4,2,0,0,0,0,0,0,0,0,0,88,46,42
ZAVALA COUNTY,507,63 Years,86,39,47,5,2,3,0,0,0,0,0,0,0,0,0,81,37,44
ZAVALA COUNTY,507,64 Years,77,35,42,6,2,4,0,0,0,0,0,0,0,0,0,71,33,38
ZAVALA COUNTY,507,65 Years,83,41,42,8,4,4,0,0,0,0,0,0,0,0,0,75,37,38
ZAVALA COUNTY,507,66 Years,84,41,43,8,5,3,0,0,0,0,0,0,0,0,0,76,36,40
ZAVALA COUNTY,507,67 Years,85,41,44,7,4,3,0,0,0,0,0,0,0,0,0,78,37,41
ZAVALA COUNTY,507,68 Years,81,42,39,3,2,1,1,1,0,0,0,0,1,1,0,76,38,38
ZAVALA COUNTY,507,69 Years,82,41,41,4,2,2,0,0,0,0,0,0,1,1,0,77,38,39
ZAVALA COUNTY,507,70 Years,79,40,39,7,3,4,0,0,0,0,0,0,0,0,0,72,37,35
ZAVALA COUNTY,507,71 Years,76,36,40,7,4,3,0,0,0,0,0,0,0,0,0,69,32,37
ZAVALA COUNTY,507,72 Years,76,33,43,6,3,3,0,0,0,0,0,0,0,0,0,70,30,40
ZAVALA COUNTY,507,73 Years,79,30,49,5,2,3,0,0,0,0,0,0,0,0,0,74,28,46
ZAVALA COUNTY,507,74 Years,77,32,45,5,2,3,0,0,0,0,0,0,0,0,0,72,30,42
ZAVALA COUNTY,507,75 Years,65,27,38,5,2,3,0,0,0,0,0,0,0,0,0,60,25,35
ZAVALA COUNTY,507,76 Years,61,24,37,4,2,2,0,0,0,0,0,0,0,0,0,57,22,35
ZAVALA COUNTY,507,77 Years,51,22,29,5,2,3,0,0,0,0,0,0,0,0,0,46,20,26
ZAVALA COUNTY,507,78 Years,50,18,32,5,2,3,0,0,0,0,0,0,0,0,0,45,16,29
ZAVALA COUNTY,507,79 Years,49,19,30,4,2,2,0,0,0,0,0,0,0,0,0,45,17,28
ZAVALA COUNTY,507,80 Years,38,14,24,5,3,2,0,0,0,0,0,0,0,0,0,33,11,22
ZAVALA COUNTY,507,81 Years,32,13,19,4,2,2,0,0,0,0,0,0,0,0,0,28,11,17
ZAVALA COUNTY,507,82 Years,30,15,15,3,2,1,0,0,0,0,0,0,0,0,0,27,13,14
ZAVALA COUNTY,507,83 Years,30,16,14,2,2,0,0,0,0,0,0,0,0,0,0,28,14,14
ZAVALA COUNTY,507,84 Years,25,11,14,2,2,0,0,0,0,0,0,0,0,0,0,23,9,14
ZAVALA COUNTY,507,85 Years,26,10,16,5,1,4,0,0,0,0,0,0,0,0,0,21,9,12
ZAVALA COUNTY,507,86 Years,23,10,13,4,1,3,0,0,0,0,0,0,0,0,0,19,9,10
ZAVALA COUNTY,507,87 Years,17,6,11,1,0,1,0,0,0,0,0,0,0,0,0,16,6,10
ZAVALA COUNTY,507,88 Years,16,6,10,1,1,0,0,0,0,0,0,0,0,0,0,15,5,10
ZAVALA COUNTY,507,89 Years,13,4,9,0,0,0,0,0,0,0,0,0,0,0,0,13,4,9
ZAVALA COUNTY,507,90 Years,12,4,8,1,1,0,0,0,0,0,0,0,0,0,0,11,3,8
ZAVALA COUNTY,507,91 Years,11,3,8,0,0,0,0,0,0,0,0,0,0,0,0,11,3,8
ZAVALA COUNTY,507,92 Years,10,3,7,1,0,1,0,0,0,0,0,0,0,0,0,9,3,6
ZAVALA COUNTY,507,93 Years,8,3,5,1,0,1,0,0,0,0,0,0,0,0,0,7,3,4
ZAVALA COUNTY,507,94 Years,6,3,3,0,0,0,0,0,0,0,0,0,0,0,0,6,3,3
ZAVALA COUNTY,507,95 Years +,18,7,11,2,1,1,0,0,0,0,0,0,0,0,0,16,6,10
